縣市,行政區,村里,投開票所,投票權人數,同意票數,不同意票數,有效票數,無效票數,投票人數
連江縣,,,,11205,1176,4390,5566,190,5756
金門縣,,,,122695,9644,32014,41658,2263,43921
宜蘭縣,,,,386089,102924,101242,204166,11719,215885
新竹縣,,,,445051,89171,151859,241030,11356,252386
苗栗縣,,,,461580,97041,152791,249832,13709,263541
彰化縣,,,,1066994,263529,320975,584504,32937,617441
南投縣,,,,427089,98462,138563,237025,12379,249404
雲林縣,,,,584480,139350,150404,289754,17607,307361
嘉義縣,,,,442775,110830,103993,214823,13483,228306
屏東縣,,,,711720,180402,177106,357508,19822,377330
臺東縣,,,,185996,33959,55792,89751,6451,96202
花蓮縣,,,,278059,49349,88466,137815,8716,146531
澎湖縣,,,,90405,16396,23036,39432,2016,41448
基隆市,,,,320030,68736,90381,159117,7385,166502
新竹市,,,,351775,80567,111788,192355,8062,200417
嘉義市,,,,221553,58391,60171,118562,4694,123256
臺北市,,,,2228430,549973,701711,1251684,49738,1301422
高雄市,,,,2353342,658515,695878,1354393,58506,1412899
新北市,,,,3375513,807514,985763,1793277,87193,1880470
臺中市,,,,2295642,554566,726864,1281430,60389,1341819
臺南市,,,,1594821,420409,376916,797325,37455,834780
桃園市,,,,1801823,372182,524453,896635,39083,935718
連江縣,南竿鄉,,,6461,658,2524,3182,106,3288
連江縣,莒光鄉,,,1481,181,582,763,25,788
連江縣,北竿鄉,,,2125,215,853,1068,38,1106
連江縣,東引鄉,,,1138,122,431,553,21,574
金門縣,烏坵鄉,,,567,43,115,158,8,166
金門縣,金寧鄉,,,28162,2506,7185,9691,483,10174
金門縣,金沙鎮,,,18560,1336,4889,6225,348,6573
金門縣,金城鎮,,,37815,2880,9719,12599,642,13241
金門縣,金湖鎮,,,25915,2089,6851,8940,575,9515
金門縣,烈嶼鄉,,,11676,790,3255,4045,207,4252
宜蘭縣,蘇澳鎮,,,34512,9632,8737,18369,1205,19574
宜蘭縣,礁溪鄉,,,31084,8420,7666,16086,880,16966
宜蘭縣,壯圍鄉,,,21447,6448,5286,11734,804,12538
宜蘭縣,員山鄉,,,28131,7425,6801,14226,1088,15314
宜蘭縣,三星鄉,,,19051,5141,4384,9525,602,10127
宜蘭縣,頭城鎮,,,25135,6302,6628,12930,933,13863
宜蘭縣,南澳鄉,,,4644,672,1924,2596,179,2775
宜蘭縣,冬山鄉,,,45405,12475,11161,23636,1144,24780
宜蘭縣,宜蘭市,,,79167,20491,22551,43042,2110,45152
宜蘭縣,五結鄉,,,34892,9229,8750,17979,944,18923
宜蘭縣,羅東鎮,,,57686,15860,15867,31727,1586,33313
宜蘭縣,大同鄉,,,4935,829,1487,2316,244,2560
新竹縣,關西鎮,,,24712,4766,8586,13352,735,14087
新竹縣,橫山鄉,,,11346,2181,4120,6301,427,6728
新竹縣,竹東鎮,,,78794,13976,26778,40754,1936,42690
新竹縣,新埔鎮,,,28894,5618,9947,15565,787,16352
新竹縣,竹北市,,,137129,30388,46425,76813,3079,79892
新竹縣,峨眉鄉,,,5068,1108,1764,2872,207,3079
新竹縣,五峰鄉,,,3997,634,1208,1842,84,1926
新竹縣,北埔鄉,,,8180,1630,2800,4430,241,4671
新竹縣,寶山鄉,,,12973,2789,4489,7278,371,7649
新竹縣,新豐鄉,,,45790,9188,15404,24592,1173,25765
新竹縣,芎林鄉,,,17293,3394,6271,9665,538,10203
新竹縣,尖石鄉,,,7364,1322,2023,3345,171,3516
新竹縣,湖口鄉,,,63511,12177,22044,34221,1607,35828
苗栗縣,卓蘭鎮,,,14772,3658,4765,8423,383,8806
苗栗縣,苗栗市,,,74249,13675,27546,41221,1839,43060
苗栗縣,頭份市,,,83617,16346,29011,45357,2129,47486
苗栗縣,通霄鎮,,,29709,6886,8240,15126,1096,16222
苗栗縣,三義鄉,,,13889,2653,5168,7821,354,8175
苗栗縣,公館鄉,,,28318,5861,9817,15678,994,16672
苗栗縣,竹南鎮,,,68528,15174,21684,36858,1759,38617
苗栗縣,西湖鄉,,,6382,1213,2121,3334,218,3552
苗栗縣,造橋鄉,,,11027,2281,3679,5960,467,6427
苗栗縣,後龍鎮,,,30948,7316,8765,16081,1096,17177
苗栗縣,銅鑼鄉,,,15424,2919,5279,8198,467,8665
苗栗縣,南庄鄉,,,8784,1507,2539,4046,305,4351
苗栗縣,獅潭鄉,,,3968,675,1240,1915,138,2053
苗栗縣,三灣鄉,,,5852,1147,2026,3173,220,3393
苗栗縣,頭屋鄉,,,9390,2284,3557,5841,288,6129
苗栗縣,泰安鄉,,,5180,1078,2158,3236,202,3438
苗栗縣,苑裡鎮,,,38890,10084,11096,21180,1352,22532
苗栗縣,大湖鄉,,,12653,2284,4100,6384,402,6786
彰化縣,田中鎮,,,35391,8539,10801,19340,1180,20520
彰化縣,埔心鄉,,,29642,7892,9368,17260,1150,18410
彰化縣,埔鹽鄉,,,28026,6447,9403,15850,1014,16864
彰化縣,永靖鄉,,,31239,8051,9655,17706,967,18673
彰化縣,大城鄉,,,14713,2427,2958,5385,407,5792
彰化縣,埤頭鄉,,,25677,5962,7295,13257,903,14160
彰化縣,芳苑鄉,,,29291,6731,6926,13657,1081,14738
彰化縣,溪州鄉,,,25405,6310,6266,12576,828,13404
彰化縣,竹塘鄉,,,12821,3075,3532,6607,465,7072
彰化縣,田尾鄉,,,23179,5934,7252,13186,703,13889
彰化縣,北斗鎮,,,27593,6964,8461,15425,870,16295
彰化縣,鹿港鎮,,,70505,18762,20351,39113,2215,41328
彰化縣,員林市,,,102028,24024,31703,55727,2545,58272
彰化縣,彰化市,,,190995,49902,60848,110750,5319,116069
彰化縣,和美鎮,,,75286,17982,23021,41003,2066,43069
彰化縣,秀水鄉,,,32394,8386,10036,18422,965,19387
彰化縣,溪湖鎮,,,45147,10763,14344,25107,1310,26417
彰化縣,伸港鄉,,,30407,7149,9123,16272,1026,17298
彰化縣,福興鄉,,,39745,10101,10335,20436,1342,21778
彰化縣,二林鎮,,,42976,9219,12239,21458,1387,22845
彰化縣,社頭鄉,,,36306,9417,10689,20106,1046,21152
彰化縣,線西鄉,,,14065,3468,4493,7961,497,8458
彰化縣,花壇鄉,,,38924,9653,12116,21769,1418,23187
彰化縣,大村鄉,,,31492,7869,9844,17713,978,18691
彰化縣,二水鄉,,,13339,3741,3952,7693,480,8173
彰化縣,芬園鄉,,,20408,4761,5964,10725,775,11500
南投縣,中寮鄉,,,13181,3227,3982,7209,469,7678
南投縣,南投市,,,84328,20281,28852,49133,2236,51369
南投縣,埔里鎮,,,68763,14608,23503,38111,1896,40007
南投縣,仁愛鄉,,,12589,2398,4386,6784,370,7154
南投縣,集集鎮,,,9611,2235,3129,5364,275,5639
南投縣,名間鄉,,,33408,8870,10276,19146,1131,20277
南投縣,鹿谷鄉,,,15941,3428,4802,8230,490,8720
南投縣,水里鄉,,,15458,3390,4848,8238,458,8696
南投縣,魚池鄉,,,13958,3070,4159,7229,455,7684
南投縣,草屯鎮,,,82922,19594,26875,46469,1925,48394
南投縣,竹山鎮,,,47034,10910,14061,24971,1442,26413
南投縣,信義鄉,,,13299,2855,4238,7093,704,7797
南投縣,國姓鄉,,,16597,3596,5452,9048,528,9576
雲林縣,四湖鄉,,,20983,4104,3832,7936,574,8510
雲林縣,臺西鄉,,,21125,4206,4886,9092,681,9773
雲林縣,水林鄉,,,22508,5439,4099,9538,615,10153
雲林縣,口湖鄉,,,24193,5904,4971,10875,824,11699
雲林縣,東勢鄉,,,13239,3163,3039,6202,459,6661
雲林縣,褒忠鄉,,,11381,2827,2858,5685,310,5995
雲林縣,麥寮鄉,,,37119,7504,9568,17072,1258,18330
雲林縣,崙背鄉,,,21050,4948,4833,9781,665,10446
雲林縣,元長鄉,,,22830,4961,4519,9480,676,10156
雲林縣,莿桐鄉,,,24570,6611,6226,12837,908,13745
雲林縣,北港鎮,,,33958,8945,8645,17590,1134,18724
雲林縣,古坑鄉,,,27477,6473,7378,13851,916,14767
雲林縣,土庫鎮,,,24412,5972,6117,12089,855,12944
雲林縣,西螺鎮,,,38142,9923,9723,19646,1117,20763
雲林縣,二崙鄉,,,23367,6007,4882,10889,647,11536
雲林縣,大埤鄉,,,16509,4160,4038,8198,508,8706
雲林縣,林內鄉,,,15551,3758,4413,8171,670,8841
雲林縣,虎尾鎮,,,58167,13438,16721,30159,1428,31587
雲林縣,斗六市,,,89761,21383,28507,49890,2164,52054
雲林縣,斗南鎮,,,38138,9624,11149,20773,1198,21971
嘉義縣,新港鄉,,,27342,8171,6024,14195,892,15087
嘉義縣,溪口鄉,,,13105,3716,2754,6470,430,6900
嘉義縣,番路鄉,,,10156,2438,2903,5341,378,5719
嘉義縣,民雄鄉,,,61209,16033,15073,31106,1892,32998
嘉義縣,朴子市,,,35191,8989,8484,17473,1049,18522
嘉義縣,義竹鄉,,,16647,4412,3735,8147,523,8670
嘉義縣,阿里山鄉,,,4691,668,1415,2083,94,2177
嘉義縣,布袋鎮,,,23965,5637,5557,11194,756,11950
嘉義縣,中埔鄉,,,39139,8874,8617,17491,1105,18596
嘉義縣,竹崎鄉,,,31228,7748,7724,15472,976,16448
嘉義縣,鹿草鄉,,,13937,3491,2765,6256,462,6718
嘉義縣,六腳鄉,,,20821,4734,3723,8457,612,9069
嘉義縣,大埔鄉,,,3999,974,1125,2099,104,2203
嘉義縣,水上鄉,,,43857,11291,10944,22235,1289,23524
嘉義縣,大林鎮,,,26922,6763,6675,13438,784,14222
嘉義縣,東石鄉,,,21915,4475,3938,8413,693,9106
嘉義縣,梅山鄉,,,17083,4342,4380,8722,611,9333
嘉義縣,太保市,,,31568,8074,8157,16231,833,17064
屏東縣,萬巒鄉,,,17945,5053,3867,8920,621,9541
屏東縣,新埤鄉,,,9033,2345,2017,4362,284,4646
屏東縣,內埔鄉,,,47558,11532,10690,22222,1185,23407
屏東縣,屏東市,,,170148,40920,47103,88023,3450,91473
屏東縣,竹田鄉,,,15353,4570,3875,8445,501,8946
屏東縣,高樹鄉,,,21697,6107,4502,10609,740,11349
屏東縣,鹽埔鄉,,,22402,5568,5464,11032,731,11763
屏東縣,新園鄉,,,30706,8686,6597,15283,1119,16402
屏東縣,林邊鄉,,,15691,4800,3582,8382,503,8885
屏東縣,春日鄉,,,3923,438,739,1177,46,1223
屏東縣,南州鄉,,,9479,2691,2109,4800,321,5121
屏東縣,枋山鄉,,,4856,1336,1123,2459,132,2591
屏東縣,霧臺鄉,,,2950,477,1108,1585,98,1683
屏東縣,車城鄉,,,7595,1726,1389,3115,178,3293
屏東縣,三地門鄉,,,6373,1159,2072,3231,244,3475
屏東縣,佳冬鄉,,,17063,4645,3506,8151,530,8681
屏東縣,滿州鄉,,,7206,1516,1526,3042,127,3169
屏東縣,泰武鄉,,,4344,821,1705,2526,243,2769
屏東縣,獅子鄉,,,4230,558,1421,1979,109,2088
屏東縣,瑪家鄉,,,5663,1118,2186,3304,201,3505
屏東縣,牡丹鄉,,,4314,624,1091,1715,70,1785
屏東縣,麟洛鄉,,,9970,3089,2687,5776,226,6002
屏東縣,來義鄉,,,6257,901,2490,3391,268,3659
屏東縣,崁頂鄉,,,12270,3400,2820,6220,359,6579
屏東縣,長治鄉,,,26256,6734,6835,13569,944,14513
屏東縣,枋寮鄉,,,21394,5601,5322,10923,735,11658
屏東縣,東港鎮,,,39495,10734,9353,20087,1208,21295
屏東縣,琉球鄉,,,10706,2007,2413,4420,336,4756
屏東縣,萬丹鄉,,,43478,11585,10424,22009,1308,23317
屏東縣,潮州鎮,,,46444,11749,11734,23483,1123,24606
屏東縣,恆春鎮,,,25661,5658,5977,11635,631,12266
屏東縣,九如鄉,,,19132,5803,4169,9972,605,10577
屏東縣,里港鄉,,,22128,6451,5210,11661,646,12307
臺東縣,蘭嶼鄉,,,4181,645,859,1504,101,1605
臺東縣,長濱鄉,,,6484,927,1458,2385,358,2743
臺東縣,卑南鄉,,,14976,3064,4252,7316,610,7926
臺東縣,臺東市,,,87803,16986,28706,45692,2472,48164
臺東縣,關山鎮,,,7509,1337,2230,3567,191,3758
臺東縣,綠島鄉,,,3579,520,1005,1525,62,1587
臺東縣,延平鄉,,,2930,462,977,1439,134,1573
臺東縣,大武鄉,,,5266,915,1442,2357,348,2705
臺東縣,東河鄉,,,7635,1212,1835,3047,299,3346
臺東縣,鹿野鄉,,,6936,1313,1643,2956,206,3162
臺東縣,池上鄉,,,7162,1293,1841,3134,221,3355
臺東縣,太麻里鄉,,,9666,1819,2565,4384,385,4769
臺東縣,海端鄉,,,3278,523,1084,1607,144,1751
臺東縣,金峰鄉,,,3028,473,1125,1598,156,1754
臺東縣,成功鎮,,,12426,1958,3637,5595,601,6196
臺東縣,達仁鄉,,,3137,512,1133,1645,163,1808
花蓮縣,鳳林鎮,,,9676,1806,3192,4998,387,5385
花蓮縣,光復鄉,,,11417,1921,3428,5349,556,5905
花蓮縣,壽豐鄉,,,15847,3200,4894,8094,618,8712
花蓮縣,吉安鄉,,,72116,12483,23812,36295,1811,38106
花蓮縣,花蓮市,,,84807,15490,28503,43993,1933,45926
花蓮縣,卓溪鄉,,,4947,792,1745,2537,267,2804
花蓮縣,富里鄉,,,9065,1492,2331,3823,373,4196
花蓮縣,玉里鎮,,,20650,3227,5640,8867,960,9827
花蓮縣,秀林鄉,,,12562,2351,3600,5951,389,6340
花蓮縣,萬榮鄉,,,5269,1000,1684,2684,251,2935
花蓮縣,瑞穗鄉,,,10279,1706,3005,4711,407,5118
花蓮縣,豐濱鄉,,,4395,678,1046,1724,266,1990
花蓮縣,新城鄉,,,17029,3203,5586,8789,498,9287
澎湖縣,馬公市,,,53655,9944,15334,25278,1141,26419
澎湖縣,七美鄉,,,3374,437,522,959,71,1030
澎湖縣,西嶼鄉,,,7382,1206,1232,2438,213,2651
澎湖縣,白沙鄉,,,8625,1526,1997,3523,211,3734
澎湖縣,湖西鄉,,,12741,2445,3017,5462,269,5731
澎湖縣,望安鄉,,,4628,838,934,1772,111,1883
基隆市,中山區,,,41856,9114,11334,20448,1018,21466
基隆市,安樂區,,,70396,14810,20552,35362,1406,36768
基隆市,信義區,,,46014,9344,14048,23392,921,24313
基隆市,中正區,,,45545,8903,11755,20658,1089,21747
基隆市,暖暖區,,,33225,7218,9770,16988,662,17650
基隆市,七堵區,,,46256,10557,12865,23422,1218,24640
基隆市,仁愛區,,,36738,8790,10057,18847,1071,19918
新竹市,東區,,,163757,36854,53513,90367,3608,93975
新竹市,香山區,,,64896,15314,19882,35196,1672,36868
新竹市,北區,,,123122,28399,38393,66792,2782,69574
嘉義市,東區,,,100647,25763,27911,53674,2164,55838
嘉義市,西區,,,120906,32628,32260,64888,2530,67418
臺北市,中正區,,,128292,31050,41827,72877,2631,75508
臺北市,萬華區,,,164020,41906,46381,88287,4181,92468
臺北市,大同區,,,107557,31712,29039,60751,2688,63439
臺北市,中山區,,,195148,50424,57828,108252,4297,112549
臺北市,士林區,,,241854,63841,70300,134141,5829,139970
臺北市,松山區,,,169278,40881,56482,97363,3680,101043
臺北市,南港區,,,101907,25347,32271,57618,2196,59814
臺北市,大安區,,,252645,58256,83873,142129,4959,147088
臺北市,文山區,,,227211,50746,80777,131523,5573,137096
臺北市,信義區,,,190444,45488,61995,107483,4139,111622
臺北市,內湖區,,,236824,57038,77667,134705,4713,139418
臺北市,北投區,,,213250,53284,63271,116555,4852,121407
高雄市,鳳山區,,,300510,80679,93732,174411,7435,181846
高雄市,永安區,,,12001,3574,3744,7318,366,7684
高雄市,內門區,,,13002,3104,2956,6060,457,6517
高雄市,小港區,,,132733,37792,38427,76219,3260,79479
高雄市,楠梓區,,,153132,41039,47325,88364,3859,92223
高雄市,彌陀區,,,16487,4807,4929,9736,627,10363
高雄市,鹽埕區,,,21617,7028,5717,12745,457,13202
高雄市,林園區,,,59129,16857,15245,32102,1695,33797
高雄市,燕巢區,,,26012,7213,7164,14377,816,15193
高雄市,旗山區,,,31996,9062,8518,17580,922,18502
高雄市,大寮區,,,97309,27099,26851,53950,2677,56627
高雄市,前鎮區,,,161797,45971,46826,92797,4128,96925
高雄市,那瑪夏區,,,2424,495,932,1427,108,1535
高雄市,六龜區,,,11501,2314,2752,5066,465,5531
高雄市,茂林區,,,1615,337,738,1075,47,1122
高雄市,杉林區,,,10607,2294,2488,4782,296,5078
高雄市,美濃區,,,35311,7983,10596,18579,1171,19750
高雄市,桃源區,,,3498,548,1289,1837,89,1926
高雄市,甲仙區,,,5417,1133,1390,2523,202,2725
高雄市,茄萣區,,,26212,7266,6458,13724,775,14499
高雄市,路竹區,,,43850,12332,12501,24833,1465,26298
高雄市,阿蓮區,,,24534,6635,6419,13054,658,13712
高雄市,湖內區,,,25729,7333,6741,14074,667,14741
高雄市,梓官區,,,31025,9243,8514,17757,874,18631
高雄市,橋頭區,,,32565,10943,8929,19872,922,20794
高雄市,田寮區,,,6671,1838,1344,3182,214,3396
高雄市,仁武區,,,73611,21146,21092,42238,1633,43871
高雄市,鳥松區,,,39191,11883,11317,23200,966,24166
高雄市,大社區,,,30046,8762,7966,16728,829,17557
高雄市,岡山區,,,81244,22483,26291,48774,2034,50808
高雄市,大樹區,,,36772,10872,9517,20389,985,21374
高雄市,旗津區,,,24860,7375,5403,12778,768,13546
高雄市,苓雅區,,,146786,43358,45565,88923,3225,92148
高雄市,前金區,,,23928,7305,7122,14427,499,14926
高雄市,新興區,,,44355,13820,13072,26892,965,27857
高雄市,左營區,,,161367,41066,55024,96090,3319,99409
高雄市,三民區,,,289519,84073,84839,168912,6310,175222
高雄市,鼓山區,,,114979,31453,36145,67598,2321,69919
新北市,蘆洲區,,,167457,42796,42780,85576,4485,90061
新北市,瑞芳區,,,35036,7444,8779,16223,1049,17272
新北市,三重區,,,329846,89027,87000,176027,9721,185748
新北市,萬里區,,,19297,4214,4872,9086,610,9696
新北市,貢寮區,,,11279,2671,2216,4887,308,5195
新北市,金山區,,,18978,4298,4686,8984,694,9678
新北市,八里區,,,32970,7582,9078,16660,897,17557
新北市,烏來區,,,5264,1161,1575,2736,120,2856
新北市,雙溪區,,,7999,1751,1942,3693,255,3948
新北市,平溪區,,,4321,1025,955,1980,138,2118
新北市,三芝區,,,20119,4301,5036,9337,532,9869
新北市,石門區,,,10528,2352,2829,5181,321,5502
新北市,林口區,,,86203,19747,26923,46670,1802,48472
新北市,五股區,,,72443,18149,18856,37005,1981,38986
新北市,坪林區,,,5891,1546,1354,2900,180,3080
新北市,石碇區,,,6861,1705,1647,3352,203,3555
新北市,鶯歌區,,,71645,17470,19181,36651,1688,38339
新北市,樹林區,,,152102,38133,42649,80782,4017,84799
新北市,汐止區,,,173831,37770,50984,88754,3901,92655
新北市,三峽區,,,94291,21638,26238,47876,2325,50201
新北市,淡水區,,,147272,31732,43633,75365,3072,78437
新北市,土城區,,,200783,48850,56610,105460,5222,110682
新北市,新店區,,,264053,53250,91275,144525,5978,150503
新北市,中和區,,,355978,78167,112782,190949,8680,199629
新北市,永和區,,,187798,40769,66263,107032,4634,111666
新北市,新莊區,,,344981,90070,98684,188754,9447,198201
新北市,深坑區,,,20624,4965,6014,10979,517,11496
新北市,板橋區,,,463411,119330,132183,251513,12943,264456
新北市,泰山區,,,64252,15601,18739,34340,1473,35813
臺中市,太平區,,,157926,35443,47614,83057,4008,87065
臺中市,和平區,,,9498,2060,3598,5658,313,5971
臺中市,大里區,,,171769,41337,51702,93039,4281,97320
臺中市,外埔區,,,27059,6256,8799,15055,857,15912
臺中市,大安區,,,16520,4122,5051,9173,610,9783
臺中市,大雅區,,,77189,17763,24830,42593,2100,44693
臺中市,烏日區,,,61705,15313,19254,34567,1901,36468
臺中市,石岡區,,,12880,3080,4148,7228,455,7683
臺中市,沙鹿區,,,74207,17498,23018,40516,2000,42516
臺中市,神岡區,,,54565,14344,16724,31068,1666,32734
臺中市,后里區,,,44962,10863,14165,25028,1385,26413
臺中市,大甲區,,,63069,15257,19469,34726,1898,36624
臺中市,潭子區,,,89487,21605,28122,49727,2169,51896
臺中市,梧棲區,,,47040,11670,14094,25764,1306,27070
臺中市,西屯區,,,183814,42283,60892,103175,4271,107446
臺中市,北屯區,,,227720,52336,74638,126974,4910,131884
臺中市,南屯區,,,135448,33372,45708,79080,3333,82413
臺中市,南區,,,103643,27658,33699,61357,2729,64086
臺中市,北區,,,124621,29447,39060,68507,2757,71264
臺中市,東區,,,64291,16941,19589,36530,1760,38290
臺中市,中區,,,14696,3924,4112,8036,365,8401
臺中市,西區,,,95040,24080,30113,54193,2028,56221
臺中市,豐原區,,,136658,35654,43291,78945,3839,82784
臺中市,東勢區,,,43181,9348,14659,24007,1511,25518
臺中市,清水區,,,71528,17895,22161,40056,2216,42272
臺中市,新社區,,,20860,4811,6058,10869,612,11481
臺中市,大肚區,,,47457,11483,14998,26481,1402,27883
臺中市,龍井區,,,63584,14854,19576,34430,1694,36124
臺中市,霧峰區,,,55225,13869,17722,31591,2013,33604
臺南市,鹽水區,,,22121,6084,4506,10590,557,11147
臺南市,龍崎區,,,3713,899,854,1753,118,1871
臺南市,西港區,,,21564,5737,4361,10098,523,10621
臺南市,新化區,,,37296,9846,9131,18977,1190,20167
臺南市,佳里區,,,50407,14077,11615,25692,1147,26839
臺南市,大內區,,,8654,2317,1737,4054,259,4313
臺南市,七股區,,,19950,5398,3748,9146,501,9647
臺南市,麻豆區,,,37963,11585,7284,18869,784,19653
臺南市,下營區,,,20947,5732,3964,9696,576,10272
臺南市,後壁區,,,20841,5630,3985,9615,666,10281
臺南市,官田區,,,18675,5375,3614,8989,484,9473
臺南市,六甲區,,,19144,5182,3886,9068,528,9596
臺南市,東山區,,,18471,3823,3010,6833,453,7286
臺南市,左鎮區,,,4418,1051,820,1871,163,2034
臺南市,安南區,,,159654,43287,37148,80435,3855,84290
臺南市,學甲區,,,22567,6136,4365,10501,555,11056
臺南市,山上區,,,6511,1588,1170,2758,192,2950
臺南市,永康區,,,195001,48369,50117,98486,3912,102398
臺南市,柳營區,,,18804,4986,3974,8960,619,9579
臺南市,新營區,,,64949,15671,16160,31831,1133,32964
臺南市,中西區,,,65261,19112,16001,35113,1560,36673
臺南市,北區,,,110906,29375,28648,58023,2485,60508
臺南市,白河區,,,24894,6281,4451,10732,636,11368
臺南市,安平區,,,55379,13735,13614,27349,1023,28372
臺南市,關廟區,,,29913,8288,7200,15488,781,16269
臺南市,仁德區,,,64632,16551,16740,33291,1640,34931
臺南市,東區,,,153359,39193,42054,81247,3036,84283
臺南市,歸仁區,,,57387,15705,13920,29625,1309,30934
臺南市,南區,,,108650,29421,25046,54467,2497,56964
臺南市,南化區,,,7786,1690,1811,3501,233,3734
臺南市,安定區,,,26104,7400,5895,13295,908,14203
臺南市,楠西區,,,8528,1650,2029,3679,239,3918
臺南市,玉井區,,,12357,2695,3045,5740,380,6120
臺南市,善化區,,,39950,10715,8929,19644,1170,20814
臺南市,新市區,,,30386,8670,7063,15733,757,16490
臺南市,將軍區,,,17754,4851,3218,8069,398,8467
臺南市,北門區,,,9925,2304,1803,4107,188,4295
桃園市,大園區,,,73900,16658,19025,35683,1665,37348
桃園市,楊梅區,,,137917,25154,42561,67715,2889,70604
桃園市,觀音區,,,55149,12464,14403,26867,1326,28193
桃園市,大溪區,,,78285,17905,21660,39565,2146,41711
桃園市,蘆竹區,,,129252,28046,35267,63313,2857,66170
桃園市,龜山區,,,131702,28405,34199,62604,2644,65248
桃園市,復興區,,,9766,1806,3097,4903,298,5201
桃園市,八德區,,,165065,33762,46266,80028,3903,83931
桃園市,桃園區,,,359790,76752,100610,177362,6677,184039
桃園市,龍潭區,,,101574,19021,33219,52240,2425,54665
桃園市,新屋區,,,41461,9811,12325,22136,1140,23276
桃園市,中壢區,,,334402,65661,104366,170027,7201,177228
桃園市,平鎮區,,,183560,36737,57455,94192,3912,98104
連江縣,南竿鄉,介壽村,1,1967,192,792,984,30,1014
連江縣,南竿鄉,福沃村、復興村,2,1837,176,667,843,39,882
連江縣,南竿鄉,清水村、珠螺村,3,1114,171,401,572,17,589
連江縣,南竿鄉,馬祖村、津沙村、四維村、仁愛村,4,1543,119,664,783,20,803
連江縣,北竿鄉,后沃村、橋仔村、塘岐村,5,1515,162,626,788,26,814
連江縣,北竿鄉,?里村、白沙村、芹壁村,6,610,53,227,280,12,292
連江縣,莒光鄉,田沃村、西坵村、青帆村,7,698,77,254,331,10,341
連江縣,莒光鄉,大坪村、福正村,8,783,104,328,432,15,447
連江縣,東引鄉,樂華村、中柳村,9,1138,122,431,553,21,574
金門縣,金城鎮,東門里,1,1396,115,354,469,31,500
金門縣,金城鎮,東門里,2,1831,156,513,669,26,695
金門縣,金城鎮,東門里,3,1750,136,467,603,39,642
金門縣,金城鎮,南門里,4,1889,155,528,683,34,717
金門縣,金城鎮,南門里,5,1675,133,374,507,30,537
金門縣,金城鎮,南門里,6,1901,133,609,742,39,781
金門縣,金城鎮,西門里,7,1610,144,366,510,47,557
金門縣,金城鎮,西門里,8,1687,129,441,570,31,601
金門縣,金城鎮,西門里,9,1594,115,447,562,18,580
金門縣,金城鎮,西門里,10,1726,120,466,586,23,609
金門縣,金城鎮,西門里,11,1733,138,471,609,23,632
金門縣,金城鎮,西門里,12,1532,121,482,603,28,631
金門縣,金城鎮,北門里,13,2079,154,528,682,37,719
金門縣,金城鎮,北門里,14,2033,145,478,623,29,652
金門縣,金城鎮,賢庵里,15,2517,223,619,842,40,882
金門縣,金城鎮,賢庵里,16,2083,157,535,692,38,730
金門縣,金城鎮,金水里,17,2140,155,534,689,44,733
金門縣,金城鎮,古城里,18,2435,169,526,695,25,720
金門縣,金城鎮,古城里,19,1353,72,251,323,23,346
金門縣,金城鎮,珠沙里,20,1574,102,383,485,14,499
金門縣,金城鎮,珠沙里,21,1277,108,347,455,23,478
金門縣,金寧鄉,古寧村,22,1735,118,368,486,55,541
金門縣,金寧鄉,古寧村,23,1537,110,339,449,36,485
金門縣,金寧鄉,安美村,24,1766,149,404,553,43,596
金門縣,金寧鄉,安美村,25,1015,105,252,357,18,375
金門縣,金寧鄉,安美村,26,1726,104,463,567,38,605
金門縣,金寧鄉,湖埔村,27,1691,107,396,503,34,537
金門縣,金寧鄉,湖埔村,28,2044,308,537,845,21,866
金門縣,金寧鄉,湖埔村,29,1848,180,560,740,24,764
金門縣,金寧鄉,湖埔村,30,1735,128,466,594,18,612
金門縣,金寧鄉,榜林村,31,1795,163,436,599,28,627
金門縣,金寧鄉,榜林村,32,1834,102,445,547,35,582
金門縣,金寧鄉,榜林村,33,1528,100,389,489,23,512
金門縣,金寧鄉,盤山村,34,1473,118,426,544,24,568
金門縣,金寧鄉,盤山村,35,1679,134,439,573,26,599
金門縣,金寧鄉,盤山村,36,1921,352,556,908,25,933
金門縣,金寧鄉,盤山村,37,1298,119,335,454,13,467
金門縣,金寧鄉,后盤村,38,1537,109,374,483,22,505
金門縣,烈嶼鄉,林湖村,39,1647,103,583,686,36,722
金門縣,烈嶼鄉,林湖村,40,1733,117,464,581,36,617
金門縣,烈嶼鄉,黃埔村,41,1635,113,464,577,28,605
金門縣,烈嶼鄉,西口村,42,1296,90,327,417,23,440
金門縣,烈嶼鄉,西口村,43,1099,64,272,336,20,356
金門縣,烈嶼鄉,上林村,44,1425,101,351,452,28,480
金門縣,烈嶼鄉,上岐村,45,1412,119,386,505,20,525
金門縣,烈嶼鄉,上岐村,46,1429,83,408,491,16,507
金門縣,烏坵鄉,大坵村,47,275,27,50,77,2,79
金門縣,烏坵鄉,小坵村,48,292,16,65,81,6,87
金門縣,金湖鎮,新市里,49,1348,39,359,398,142,540
金門縣,金湖鎮,新市里,50,1386,106,361,467,19,486
金門縣,金湖鎮,新市里,51,1403,136,437,573,32,605
金門縣,金湖鎮,山外里,52,1771,170,473,643,29,672
金門縣,金湖鎮,山外里,53,1493,139,383,522,39,561
金門縣,金湖鎮,溪湖里,54,1510,105,405,510,28,538
金門縣,金湖鎮,蓮庵里,55,1607,127,471,598,26,624
金門縣,金湖鎮,料羅里,56,2006,129,511,640,32,672
金門縣,金湖鎮,新湖里,57,1780,190,423,613,30,643
金門縣,金湖鎮,新湖里,58,1739,134,476,610,25,635
金門縣,金湖鎮,新湖里,59,1384,125,327,452,27,479
金門縣,金湖鎮,新湖里,60,1400,126,372,498,29,527
金門縣,金湖鎮,新湖里,61,1325,159,414,573,14,587
金門縣,金湖鎮,正義里,62,1236,109,282,391,21,412
金門縣,金湖鎮,正義里,63,1382,102,344,446,34,480
金門縣,金湖鎮,瓊林里,64,1631,90,455,545,15,560
金門縣,金湖鎮,瓊林里,65,1514,103,358,461,33,494
金門縣,金沙鎮,汶沙里,66,1909,134,487,621,40,661
金門縣,金沙鎮,汶沙里,67,1524,132,464,596,28,624
金門縣,金沙鎮,汶沙里,68,1673,128,385,513,33,546
金門縣,金沙鎮,何斗里,69,2003,128,507,635,25,660
金門縣,金沙鎮,浦山里,70,1212,108,357,465,29,494
金門縣,金沙鎮,浦山里,71,1126,88,297,385,24,409
金門縣,金沙鎮,西園里,72,1540,82,373,455,24,479
金門縣,金沙鎮,官嶼里,73,1216,81,283,364,14,378
金門縣,金沙鎮,官嶼里,74,950,39,209,248,12,260
金門縣,金沙鎮,三山里,75,1895,111,552,663,38,701
金門縣,金沙鎮,大洋里,76,1135,121,313,434,30,464
金門縣,金沙鎮,光前里,77,1252,86,322,408,27,435
金門縣,金沙鎮,光前里,78,1125,98,340,438,24,462
宜蘭縣,宜蘭市,民族里,1,982,221,300,521,17,538
宜蘭縣,宜蘭市,民族里,2,1270,295,390,685,27,712
宜蘭縣,宜蘭市,建軍里,3,849,221,241,462,12,474
宜蘭縣,宜蘭市,建軍里,4,756,198,225,423,20,443
宜蘭縣,宜蘭市,泰山里,5,1107,227,306,533,29,562
宜蘭縣,宜蘭市,泰山里,6,893,201,272,473,26,499
宜蘭縣,宜蘭市,負郭里,7,912,231,251,482,25,507
宜蘭縣,宜蘭市,負郭里,8,1335,333,389,722,43,765
宜蘭縣,宜蘭市,負郭里,9,686,177,170,347,23,370
宜蘭縣,宜蘭市,思源里,10,1366,341,464,805,22,827
宜蘭縣,宜蘭市,思源里,11,1363,324,425,749,29,778
宜蘭縣,宜蘭市,思源里,12,1540,347,508,855,33,888
宜蘭縣,宜蘭市,七結里,13,1341,284,451,735,17,752
宜蘭縣,宜蘭市,七結里,14,1209,298,363,661,29,690
宜蘭縣,宜蘭市,文化里,15,900,253,240,493,23,516
宜蘭縣,宜蘭市,文化里,16,980,207,283,490,22,512
宜蘭縣,宜蘭市,文化里,17,1165,299,329,628,26,654
宜蘭縣,宜蘭市,復興里,18,904,184,305,489,19,508
宜蘭縣,宜蘭市,復興里,19,813,224,221,445,20,465
宜蘭縣,宜蘭市,復興里,20,978,252,278,530,17,547
宜蘭縣,宜蘭市,民權里,21,1282,234,339,573,21,594
宜蘭縣,宜蘭市,民權里,22,465,118,143,261,13,274
宜蘭縣,宜蘭市,神農里,23,669,160,216,376,21,397
宜蘭縣,宜蘭市,神農里,24,923,240,267,507,21,528
宜蘭縣,宜蘭市,神農里,25,1006,211,305,516,26,542
宜蘭縣,宜蘭市,大新里,26,762,258,202,460,41,501
宜蘭縣,宜蘭市,新民里,27,727,242,205,447,20,467
宜蘭縣,宜蘭市,新民里,28,833,259,259,518,41,559
宜蘭縣,宜蘭市,進士里,29,1143,278,368,646,23,669
宜蘭縣,宜蘭市,進士里,30,979,248,287,535,13,548
宜蘭縣,宜蘭市,南橋里,31,1214,328,321,649,41,690
宜蘭縣,宜蘭市,凱旋里,32,1283,367,327,694,49,743
宜蘭縣,宜蘭市,南津里,33,946,224,304,528,29,557
宜蘭縣,宜蘭市,南津里,34,1090,217,339,556,30,586
宜蘭縣,宜蘭市,建業里,35,943,259,288,547,19,566
宜蘭縣,宜蘭市,建業里,36,774,250,221,471,27,498
宜蘭縣,宜蘭市,擺厘里,37,968,313,253,566,26,592
宜蘭縣,宜蘭市,擺厘里,38,926,259,289,548,25,573
宜蘭縣,宜蘭市,擺厘里,39,1019,296,299,595,20,615
宜蘭縣,宜蘭市,延平里,40,1084,306,276,582,34,616
宜蘭縣,宜蘭市,延平里,41,1095,249,320,569,27,596
宜蘭縣,宜蘭市,延平里,42,1083,264,346,610,20,630
宜蘭縣,宜蘭市,成功里,43,1108,293,292,585,9,594
宜蘭縣,宜蘭市,成功里,44,848,208,273,481,13,494
宜蘭縣,宜蘭市,成功里,45,1095,248,339,587,22,609
宜蘭縣,宜蘭市,東村里,46,1110,272,335,607,24,631
宜蘭縣,宜蘭市,東村里,47,1104,286,325,611,36,647
宜蘭縣,宜蘭市,新東里,48,1134,275,339,614,37,651
宜蘭縣,宜蘭市,新東里,49,1146,267,369,636,26,662
宜蘭縣,宜蘭市,新東里,50,876,231,265,496,32,528
宜蘭縣,宜蘭市,黎明里,51,905,217,256,473,34,507
宜蘭縣,宜蘭市,黎明里,52,910,224,276,500,36,536
宜蘭縣,宜蘭市,七張里,53,1434,382,320,702,33,735
宜蘭縣,宜蘭市,孝廉里,54,1152,313,274,587,49,636
宜蘭縣,宜蘭市,東門里,55,966,298,261,559,28,587
宜蘭縣,宜蘭市,小東里,56,711,220,168,388,27,415
宜蘭縣,宜蘭市,小東里,57,884,248,254,502,35,537
宜蘭縣,宜蘭市,菜園里,58,1326,366,364,730,36,766
宜蘭縣,宜蘭市,慈安里,59,909,212,248,460,25,485
宜蘭縣,宜蘭市,慈安里,60,894,240,241,481,11,492
宜蘭縣,宜蘭市,中興里,61,1259,280,327,607,33,640
宜蘭縣,宜蘭市,中興里,62,789,172,223,395,23,418
宜蘭縣,宜蘭市,中興里,63,867,217,237,454,28,482
宜蘭縣,宜蘭市,新生里,64,1454,413,349,762,55,817
宜蘭縣,宜蘭市,新生里,65,1130,309,366,675,19,694
宜蘭縣,宜蘭市,茭白里,66,1087,241,270,511,18,529
宜蘭縣,宜蘭市,茭白里,67,938,298,253,551,31,582
宜蘭縣,宜蘭市,北津里,68,1285,362,335,697,26,723
宜蘭縣,宜蘭市,北津里,69,952,288,216,504,25,529
宜蘭縣,宜蘭市,梅洲里,70,948,281,256,537,36,573
宜蘭縣,宜蘭市,梅洲里,71,1160,285,290,575,34,609
宜蘭縣,宜蘭市,梅洲里,72,1015,294,268,562,42,604
宜蘭縣,宜蘭市,南門里,73,424,117,135,252,12,264
宜蘭縣,宜蘭市,南門里,74,964,291,252,543,26,569
宜蘭縣,宜蘭市,中山里,75,959,262,225,487,31,518
宜蘭縣,宜蘭市,西門里,76,814,252,238,490,31,521
宜蘭縣,宜蘭市,西門里,77,885,278,232,510,23,533
宜蘭縣,宜蘭市,北門里,78,1162,354,295,649,38,687
宜蘭縣,羅東鎮,開明里,79,689,226,171,397,11,408
宜蘭縣,羅東鎮,開明里,80,718,219,158,377,24,401
宜蘭縣,羅東鎮,大新里,81,1475,436,359,795,26,821
宜蘭縣,羅東鎮,東安里,82,1466,410,341,751,50,801
宜蘭縣,羅東鎮,東安里,83,1075,268,312,580,25,605
宜蘭縣,羅東鎮,東安里,84,963,264,249,513,25,538
宜蘭縣,羅東鎮,新群里,85,1511,433,337,770,48,818
宜蘭縣,羅東鎮,新群里,86,1166,315,293,608,28,636
宜蘭縣,羅東鎮,羅莊里,87,1273,368,334,702,36,738
宜蘭縣,羅東鎮,羅莊里,88,1735,412,473,885,31,916
宜蘭縣,羅東鎮,南昌里,89,1487,383,418,801,46,847
宜蘭縣,羅東鎮,南昌里,90,837,239,237,476,30,506
宜蘭縣,羅東鎮,南豪里,91,1312,418,336,754,36,790
宜蘭縣,羅東鎮,成功里,92,1502,396,351,747,30,777
宜蘭縣,羅東鎮,仁德里,93,1138,289,303,592,19,611
宜蘭縣,羅東鎮,仁和里,94,1010,308,225,533,35,568
宜蘭縣,羅東鎮,中山里,95,1373,419,325,744,54,798
宜蘭縣,羅東鎮,漢民里,96,1089,334,259,593,35,628
宜蘭縣,羅東鎮,漢民里,97,1304,315,372,687,27,714
宜蘭縣,羅東鎮,漢民里,98,1288,325,321,646,53,699
宜蘭縣,羅東鎮,維揚里,99,1036,256,345,601,41,642
宜蘭縣,羅東鎮,維揚里,100,969,239,335,574,42,616
宜蘭縣,羅東鎮,維揚里,101,985,269,283,552,44,596
宜蘭縣,羅東鎮,西安里,102,1420,408,371,779,58,837
宜蘭縣,羅東鎮,西安里,103,1430,372,420,792,30,822
宜蘭縣,羅東鎮,北成里,104,1075,291,304,595,38,633
宜蘭縣,羅東鎮,北成里,105,879,245,259,504,28,532
宜蘭縣,羅東鎮,北成里,106,850,241,219,460,17,477
宜蘭縣,羅東鎮,國華里,107,1111,320,314,634,32,666
宜蘭縣,羅東鎮,國華里,108,1139,318,363,681,31,712
宜蘭縣,羅東鎮,國華里,109,1130,320,357,677,20,697
宜蘭縣,羅東鎮,國華里,110,980,275,278,553,30,583
宜蘭縣,羅東鎮,賢文里,111,1431,359,412,771,34,805
宜蘭縣,羅東鎮,賢文里,112,1109,296,311,607,28,635
宜蘭縣,羅東鎮,賢文里,113,1083,269,323,592,22,614
宜蘭縣,羅東鎮,公正里,114,1404,407,384,791,27,818
宜蘭縣,羅東鎮,公正里,115,1288,361,347,708,36,744
宜蘭縣,羅東鎮,集祥里,116,1183,266,256,522,25,547
宜蘭縣,羅東鎮,信義里,117,1105,307,326,633,29,662
宜蘭縣,羅東鎮,信義里,118,987,286,298,584,23,607
宜蘭縣,羅東鎮,信義里,119,773,228,220,448,29,477
宜蘭縣,羅東鎮,樹林里,120,1366,374,463,837,32,869
宜蘭縣,羅東鎮,樹林里,121,907,277,290,567,17,584
宜蘭縣,羅東鎮,樹林里,122,1158,297,394,691,31,722
宜蘭縣,羅東鎮,竹林里,123,977,309,243,552,21,573
宜蘭縣,羅東鎮,竹林里,124,972,275,228,503,31,534
宜蘭縣,羅東鎮,竹林里,125,977,266,286,552,32,584
宜蘭縣,羅東鎮,仁愛里,126,1398,378,415,793,33,826
宜蘭縣,羅東鎮,仁愛里,127,1022,275,277,552,23,575
宜蘭縣,羅東鎮,仁愛里,128,1131,299,372,671,33,704
宜蘭縣,蘇澳鎮,龍德里,129,1194,335,301,636,41,677
宜蘭縣,蘇澳鎮,龍德里,130,1128,326,269,595,31,626
宜蘭縣,蘇澳鎮,龍德里,131,1042,344,258,602,39,641
宜蘭縣,蘇澳鎮,頂寮里,132,997,336,234,570,20,590
宜蘭縣,蘇澳鎮,永榮里,133,1303,352,359,711,36,747
宜蘭縣,蘇澳鎮,永榮里,134,1260,377,330,707,54,761
宜蘭縣,蘇澳鎮,永榮里,135,1130,346,257,603,37,640
宜蘭縣,蘇澳鎮,存仁里,136,559,162,132,294,25,319
宜蘭縣,蘇澳鎮,存仁里,137,351,115,65,180,13,193
宜蘭縣,蘇澳鎮,港邊里,138,889,256,213,469,32,501
宜蘭縣,蘇澳鎮,港邊里,139,434,118,108,226,23,249
宜蘭縣,蘇澳鎮,隘丁里,140,835,241,242,483,19,502
宜蘭縣,蘇澳鎮,隘丁里,141,975,286,246,532,34,566
宜蘭縣,蘇澳鎮,隘丁里,142,1135,324,306,630,53,683
宜蘭縣,蘇澳鎮,新城里,143,788,269,215,484,28,512
宜蘭縣,蘇澳鎮,新城里,144,469,131,116,247,15,262
宜蘭縣,蘇澳鎮,聖愛里,145,811,201,215,416,26,442
宜蘭縣,蘇澳鎮,聖愛里,146,867,218,249,467,20,487
宜蘭縣,蘇澳鎮,聖愛里,147,1139,299,316,615,32,647
宜蘭縣,蘇澳鎮,聖湖里,148,1146,238,331,569,36,605
宜蘭縣,蘇澳鎮,聖湖里,149,1154,284,332,616,41,657
宜蘭縣,蘇澳鎮,蘇西里,150,908,246,214,460,20,480
宜蘭縣,蘇澳鎮,蘇西里,151,656,159,188,347,18,365
宜蘭縣,蘇澳鎮,蘇西里,152,834,252,228,480,43,523
宜蘭縣,蘇澳鎮,蘇北里,153,1025,261,319,580,36,616
宜蘭縣,蘇澳鎮,蘇南里,154,455,150,108,258,10,268
宜蘭縣,蘇澳鎮,蘇東里,155,535,174,119,293,20,313
宜蘭縣,蘇澳鎮,長安里,156,536,169,164,333,18,351
宜蘭縣,蘇澳鎮,永光里,157,451,113,150,263,14,277
宜蘭縣,蘇澳鎮,永春里,158,593,171,133,304,30,334
宜蘭縣,蘇澳鎮,永樂里,159,441,121,124,245,12,257
宜蘭縣,蘇澳鎮,南安里,160,954,252,274,526,23,549
宜蘭縣,蘇澳鎮,南正里,161,952,279,216,495,29,524
宜蘭縣,蘇澳鎮,南成里,162,1125,304,241,545,47,592
宜蘭縣,蘇澳鎮,南興里,163,763,194,194,388,43,431
宜蘭縣,蘇澳鎮,南興里,164,706,161,150,311,17,328
宜蘭縣,蘇澳鎮,南寧里,165,1068,244,235,479,44,523
宜蘭縣,蘇澳鎮,南建里,166,666,197,161,358,31,389
宜蘭縣,蘇澳鎮,南建里,167,574,192,100,292,39,331
宜蘭縣,蘇澳鎮,東澳里,168,351,71,70,141,7,148
宜蘭縣,蘇澳鎮,南強里,169,717,208,165,373,33,406
宜蘭縣,蘇澳鎮,朝陽里,170,373,96,62,158,5,163
宜蘭縣,蘇澳鎮,朝陽里,171,223,60,28,88,11,99
宜蘭縣,頭城鎮,石城里,172,292,55,48,103,9,112
宜蘭縣,頭城鎮,大里里,173,688,175,172,347,27,374
宜蘭縣,頭城鎮,龜山里,174,688,169,200,369,27,396
宜蘭縣,頭城鎮,大溪里,175,879,231,186,417,37,454
宜蘭縣,頭城鎮,合興里,176,335,83,101,184,21,205
宜蘭縣,頭城鎮,更新里,177,624,190,166,356,37,393
宜蘭縣,頭城鎮,更新里,178,732,162,158,320,25,345
宜蘭縣,頭城鎮,外澳里,179,892,178,213,391,29,420
宜蘭縣,頭城鎮,港口里,180,690,160,132,292,22,314
宜蘭縣,頭城鎮,武營里,181,842,222,209,431,25,456
宜蘭縣,頭城鎮,武營里,182,736,166,220,386,26,412
宜蘭縣,頭城鎮,大坑里,183,788,190,187,377,27,404
宜蘭縣,頭城鎮,大坑里,184,560,147,127,274,15,289
宜蘭縣,頭城鎮,城東里,185,712,194,203,397,26,423
宜蘭縣,頭城鎮,城北里,186,502,140,160,300,22,322
宜蘭縣,頭城鎮,城西里,187,569,160,182,342,17,359
宜蘭縣,頭城鎮,城南里,188,633,164,177,341,21,362
宜蘭縣,頭城鎮,竹安里,189,1132,279,222,501,37,538
宜蘭縣,頭城鎮,竹安里,190,1035,215,258,473,23,496
宜蘭縣,頭城鎮,新建里,191,847,242,239,481,24,505
宜蘭縣,頭城鎮,新建里,192,1172,292,331,623,40,663
宜蘭縣,頭城鎮,拔雅里,193,896,225,238,463,19,482
宜蘭縣,頭城鎮,拔雅里,194,1075,249,357,606,24,630
宜蘭縣,頭城鎮,福成里,195,931,236,271,507,43,550
宜蘭縣,頭城鎮,金面里,196,1021,217,295,512,50,562
宜蘭縣,頭城鎮,金面里,197,709,102,216,318,33,351
宜蘭縣,頭城鎮,金盈里,198,689,188,220,408,34,442
宜蘭縣,頭城鎮,頂埔里,199,615,173,178,351,32,383
宜蘭縣,頭城鎮,頂埔里,200,759,205,183,388,27,415
宜蘭縣,頭城鎮,下埔里,201,917,274,249,523,41,564
宜蘭縣,頭城鎮,中崙里,202,1045,298,251,549,58,607
宜蘭縣,頭城鎮,二城里,203,1130,321,279,600,35,635
宜蘭縣,礁溪鄉,白雲村,204,1122,272,262,534,29,563
宜蘭縣,礁溪鄉,白雲村,205,505,136,112,248,24,272
宜蘭縣,礁溪鄉,玉石村,206,988,281,219,500,20,520
宜蘭縣,礁溪鄉,玉石村,207,971,257,239,496,32,528
宜蘭縣,礁溪鄉,德陽村,208,1246,261,324,585,39,624
宜蘭縣,礁溪鄉,德陽村,209,1655,322,419,741,24,765
宜蘭縣,礁溪鄉,德陽村,210,1132,226,265,491,22,513
宜蘭縣,礁溪鄉,大忠村,211,783,223,205,428,16,444
宜蘭縣,礁溪鄉,大忠村,212,928,230,242,472,27,499
宜蘭縣,礁溪鄉,大忠村,213,848,211,232,443,16,459
宜蘭縣,礁溪鄉,大義村,214,663,238,158,396,31,427
宜蘭縣,礁溪鄉,六結村,215,608,206,120,326,20,346
宜蘭縣,礁溪鄉,六結村,216,833,237,210,447,31,478
宜蘭縣,礁溪鄉,二龍村,217,1233,353,248,601,14,615
宜蘭縣,礁溪鄉,時潮村,218,854,165,288,453,29,482
宜蘭縣,礁溪鄉,時潮村,219,575,164,125,289,20,309
宜蘭縣,礁溪鄉,玉田村,220,835,241,205,446,23,469
宜蘭縣,礁溪鄉,玉田村,221,1305,389,333,722,34,756
宜蘭縣,礁溪鄉,三民村,222,830,234,190,424,38,462
宜蘭縣,礁溪鄉,三民村,223,649,212,183,395,33,428
宜蘭縣,礁溪鄉,三民村,224,923,242,217,459,31,490
宜蘭縣,礁溪鄉,林美村,225,1177,302,235,537,24,561
宜蘭縣,礁溪鄉,白鵝村,226,840,243,198,441,22,463
宜蘭縣,礁溪鄉,玉光村,227,1051,310,256,566,29,595
宜蘭縣,礁溪鄉,光武村,228,1339,333,319,652,25,677
宜蘭縣,礁溪鄉,吳沙村,229,1194,311,368,679,33,712
宜蘭縣,礁溪鄉,吳沙村,230,1314,422,329,751,39,790
宜蘭縣,礁溪鄉,龍潭村,231,1125,325,278,603,21,624
宜蘭縣,礁溪鄉,龍潭村,232,1207,375,301,676,46,722
宜蘭縣,礁溪鄉,龍潭村,233,979,310,207,517,32,549
宜蘭縣,礁溪鄉,匏崙村,234,954,273,270,543,43,586
宜蘭縣,礁溪鄉,二結村,235,418,116,109,225,13,238
宜蘭縣,壯圍鄉,吉祥村,236,1435,415,391,806,61,867
宜蘭縣,壯圍鄉,吉祥村,237,1049,306,280,586,42,628
宜蘭縣,壯圍鄉,古結村,238,1068,328,288,616,44,660
宜蘭縣,壯圍鄉,美福村,239,868,228,214,442,63,505
宜蘭縣,壯圍鄉,美福村,240,967,276,252,528,13,541
宜蘭縣,壯圍鄉,新南村,241,940,296,242,538,44,582
宜蘭縣,壯圍鄉,東港村,242,975,252,206,458,21,479
宜蘭縣,壯圍鄉,復興村,243,797,255,199,454,44,498
宜蘭縣,壯圍鄉,復興村,244,808,246,180,426,41,467
宜蘭縣,壯圍鄉,過嶺村,245,911,332,188,520,30,550
宜蘭縣,壯圍鄉,過嶺村,246,612,155,139,294,24,318
宜蘭縣,壯圍鄉,永鎮村,247,790,277,202,479,24,503
宜蘭縣,壯圍鄉,忠孝村,248,878,274,221,495,34,529
宜蘭縣,壯圍鄉,忠孝村,249,723,271,186,457,30,487
宜蘭縣,壯圍鄉,忠孝村,250,737,200,162,362,31,393
宜蘭縣,壯圍鄉,古亭村,251,686,213,167,380,33,413
宜蘭縣,壯圍鄉,古亭村,252,895,243,248,491,7,498
宜蘭縣,壯圍鄉,功勞村,253,1237,341,369,710,47,757
宜蘭縣,壯圍鄉,美城村,254,1134,319,299,618,33,651
宜蘭縣,壯圍鄉,美城村,255,1107,411,178,589,32,621
宜蘭縣,壯圍鄉,新社村,256,1057,341,266,607,34,641
宜蘭縣,壯圍鄉,大福村,257,1051,277,231,508,38,546
宜蘭縣,壯圍鄉,大福村,258,722,192,178,370,34,404
宜蘭縣,員山鄉,員山村,259,1393,336,365,701,25,726
宜蘭縣,員山鄉,員山村,260,895,224,225,449,21,470
宜蘭縣,員山鄉,員山村,261,1231,263,332,595,43,638
宜蘭縣,員山鄉,員山村,262,1098,247,296,543,24,567
宜蘭縣,員山鄉,員山村,263,1031,244,269,513,31,544
宜蘭縣,員山鄉,尚德村,264,1030,272,148,420,137,557
宜蘭縣,員山鄉,尚德村,265,1168,262,267,529,30,559
宜蘭縣,員山鄉,惠好村,266,809,247,180,427,38,465
宜蘭縣,員山鄉,惠好村,267,778,213,208,421,31,452
宜蘭縣,員山鄉,七賢村,268,1465,282,520,802,47,849
宜蘭縣,員山鄉,深溝村,269,979,277,272,549,34,583
宜蘭縣,員山鄉,深溝村,270,860,229,219,448,34,482
宜蘭縣,員山鄉,蓁巷村,271,1205,281,285,566,35,601
宜蘭縣,員山鄉,內城村,272,1082,286,271,557,57,614
宜蘭縣,員山鄉,內城村,273,412,132,98,230,18,248
宜蘭縣,員山鄉,中華村,274,403,121,80,201,10,211
宜蘭縣,員山鄉,中華村,275,232,48,46,94,10,104
宜蘭縣,員山鄉,永和村,276,944,257,224,481,32,513
宜蘭縣,員山鄉,永和村,277,894,279,200,479,34,513
宜蘭縣,員山鄉,頭分村,278,1356,371,338,709,52,761
宜蘭縣,員山鄉,枕山村,279,780,237,190,427,32,459
宜蘭縣,員山鄉,枕山村,280,932,306,230,536,53,589
宜蘭縣,員山鄉,枕山村,281,583,176,114,290,21,311
宜蘭縣,員山鄉,同樂村,282,900,272,185,457,47,504
宜蘭縣,員山鄉,同樂村,283,747,218,177,395,14,409
宜蘭縣,員山鄉,同樂村,284,788,218,169,387,48,435
宜蘭縣,員山鄉,湖東村,285,884,229,208,437,29,466
宜蘭縣,員山鄉,逸仙村,286,857,233,197,430,14,444
宜蘭縣,員山鄉,湖北村,287,1016,289,230,519,23,542
宜蘭縣,員山鄉,湖西村,288,690,168,130,298,28,326
宜蘭縣,員山鄉,湖西村,289,689,208,128,336,36,372
宜蘭縣,冬山鄉,珍珠村,290,807,259,207,466,20,486
宜蘭縣,冬山鄉,珍珠村,291,817,257,209,466,11,477
宜蘭縣,冬山鄉,補城村,292,1156,342,292,634,29,663
宜蘭縣,冬山鄉,三奇村,293,892,261,205,466,18,484
宜蘭縣,冬山鄉,大興村,294,897,277,225,502,27,529
宜蘭縣,冬山鄉,東城村,295,1392,433,372,805,33,838
宜蘭縣,冬山鄉,香和村,296,1471,418,388,806,37,843
宜蘭縣,冬山鄉,香和村,297,1435,314,333,647,33,680
宜蘭縣,冬山鄉,南興村,298,1519,386,375,761,31,792
宜蘭縣,冬山鄉,南興村,299,1456,388,432,820,26,846
宜蘭縣,冬山鄉,安平村,300,711,236,174,410,28,438
宜蘭縣,冬山鄉,冬山村,301,694,218,176,394,13,407
宜蘭縣,冬山鄉,太和村,302,1526,477,463,940,35,975
宜蘭縣,冬山鄉,八寶村,303,884,287,223,510,15,525
宜蘭縣,冬山鄉,丸山村,304,1465,379,295,674,45,719
宜蘭縣,冬山鄉,中山村,305,488,171,104,275,15,290
宜蘭縣,冬山鄉,順安村,306,1218,363,263,626,28,654
宜蘭縣,冬山鄉,順安村,307,1291,312,320,632,31,663
宜蘭縣,冬山鄉,順安村,308,1324,351,298,649,26,675
宜蘭縣,冬山鄉,順安村,309,1160,250,288,538,38,576
宜蘭縣,冬山鄉,永美村,310,1246,325,309,634,36,670
宜蘭縣,冬山鄉,永美村,311,1754,485,389,874,43,917
宜蘭縣,冬山鄉,武淵村,312,1217,326,290,616,36,652
宜蘭縣,冬山鄉,群英村,313,1495,374,320,694,31,725
宜蘭縣,冬山鄉,群英村,314,937,251,232,483,28,511
宜蘭縣,冬山鄉,群英村,315,1101,292,268,560,28,588
宜蘭縣,冬山鄉,群英村,316,1118,284,272,556,32,588
宜蘭縣,冬山鄉,清溝村,317,1301,364,365,729,29,758
宜蘭縣,冬山鄉,清溝村,318,1225,306,341,647,26,673
宜蘭縣,冬山鄉,清溝村,319,1206,362,314,676,32,708
宜蘭縣,冬山鄉,鹿埔村,320,1278,352,279,631,30,661
宜蘭縣,冬山鄉,鹿埔村,321,1151,324,256,580,23,603
宜蘭縣,冬山鄉,得安村,322,1094,261,242,503,40,543
宜蘭縣,冬山鄉,廣興村,323,1247,373,289,662,47,709
宜蘭縣,冬山鄉,廣興村,324,1247,295,302,597,42,639
宜蘭縣,冬山鄉,廣安村,325,979,260,253,513,27,540
宜蘭縣,冬山鄉,廣安村,326,698,213,193,406,22,428
宜蘭縣,冬山鄉,柯林村,327,1726,432,455,887,36,923
宜蘭縣,冬山鄉,大進村,328,782,217,150,367,17,384
宜蘭縣,五結鄉,三興村,329,1076,252,264,516,43,559
宜蘭縣,五結鄉,三興村,330,944,299,198,497,21,518
宜蘭縣,五結鄉,二結村,331,836,237,228,465,18,483
宜蘭縣,五結鄉,二結村,332,937,262,244,506,32,538
宜蘭縣,五結鄉,鎮安村,333,1255,328,325,653,18,671
宜蘭縣,五結鄉,鎮安村,334,1270,328,318,646,41,687
宜蘭縣,五結鄉,上四村,335,801,193,196,389,19,408
宜蘭縣,五結鄉,上四村,336,802,201,200,401,21,422
宜蘭縣,五結鄉,中興村,337,1306,332,300,632,20,652
宜蘭縣,五結鄉,四結村,338,1190,274,316,590,42,632
宜蘭縣,五結鄉,四結村,339,1316,342,351,693,19,712
宜蘭縣,五結鄉,福興村,340,965,245,291,536,12,548
宜蘭縣,五結鄉,福興村,341,814,214,202,416,28,444
宜蘭縣,五結鄉,五結村,342,1254,290,327,617,40,657
宜蘭縣,五結鄉,五結村,343,1060,278,295,573,37,610
宜蘭縣,五結鄉,五結村,344,1323,326,384,710,36,746
宜蘭縣,五結鄉,協和村,345,1120,321,302,623,25,648
宜蘭縣,五結鄉,協和村,346,893,237,229,466,20,486
宜蘭縣,五結鄉,協和村,347,1220,328,294,622,31,653
宜蘭縣,五結鄉,大吉村,348,924,247,276,523,16,539
宜蘭縣,五結鄉,大吉村,349,933,256,279,535,28,563
宜蘭縣,五結鄉,大吉村,350,986,200,310,510,22,532
宜蘭縣,五結鄉,大吉村,351,748,199,183,382,26,408
宜蘭縣,五結鄉,孝威村,352,1550,474,329,803,39,842
宜蘭縣,五結鄉,錦眾村,353,629,193,151,344,21,365
宜蘭縣,五結鄉,錦眾村,354,806,182,240,422,24,446
宜蘭縣,五結鄉,利澤村,355,956,259,206,465,38,503
宜蘭縣,五結鄉,利澤村,356,1066,294,250,544,24,568
宜蘭縣,五結鄉,成興村,357,1513,403,315,718,39,757
宜蘭縣,五結鄉,成興村,358,1566,454,341,795,35,830
宜蘭縣,五結鄉,季新村,359,894,263,193,456,48,504
宜蘭縣,五結鄉,季新村,360,1235,317,232,549,40,589
宜蘭縣,五結鄉,季新村,361,704,201,181,382,21,403
宜蘭縣,三星鄉,員山村,362,215,65,40,105,11,116
宜蘭縣,三星鄉,天山村,363,523,125,90,215,26,241
宜蘭縣,三星鄉,天福村,364,745,212,147,359,31,390
宜蘭縣,三星鄉,萬德村,365,617,166,135,301,23,324
宜蘭縣,三星鄉,貴林村,366,497,119,122,241,27,268
宜蘭縣,三星鄉,萬富村,367,735,223,163,386,31,417
宜蘭縣,三星鄉,雙賢村,368,583,183,128,311,20,331
宜蘭縣,三星鄉,人和村,369,436,98,116,214,22,236
宜蘭縣,三星鄉,義德村,370,1224,297,310,607,41,648
宜蘭縣,三星鄉,集慶村,371,1151,280,270,550,38,588
宜蘭縣,三星鄉,月眉村,372,870,246,220,466,22,488
宜蘭縣,三星鄉,拱照村,373,1284,281,233,514,27,541
宜蘭縣,三星鄉,行健村,374,897,279,230,509,28,537
宜蘭縣,三星鄉,大隱村,375,1439,374,366,740,41,781
宜蘭縣,三星鄉,大隱村,376,1445,353,353,706,39,745
宜蘭縣,三星鄉,大隱村,377,1402,371,345,716,27,743
宜蘭縣,三星鄉,大義村,378,1230,351,268,619,35,654
宜蘭縣,三星鄉,尚武村,379,774,220,185,405,29,434
宜蘭縣,三星鄉,大洲村,380,827,246,215,461,21,482
宜蘭縣,三星鄉,大洲村,381,736,246,153,399,17,416
宜蘭縣,三星鄉,尾塹村,382,1421,406,295,701,46,747
宜蘭縣,大同鄉,寒溪村,383,893,136,236,372,46,418
宜蘭縣,大同鄉,崙埤村,384,632,104,308,412,46,458
宜蘭縣,大同鄉,松羅村,385,684,136,185,321,16,337
宜蘭縣,大同鄉,復興村,386,264,81,79,160,20,180
宜蘭縣,大同鄉,英士村,387,337,44,89,133,4,137
宜蘭縣,大同鄉,樂水村,388,404,61,98,159,10,169
宜蘭縣,大同鄉,太平村,389,55,14,11,25,3,28
宜蘭縣,大同鄉,茂安村,390,199,49,86,135,20,155
宜蘭縣,大同鄉,四季村,391,787,88,176,264,21,285
宜蘭縣,大同鄉,南山村,392,680,116,219,335,58,393
宜蘭縣,南澳鄉,東岳村,393,444,72,156,228,10,238
宜蘭縣,南澳鄉,南澳村,394,1210,138,466,604,19,623
宜蘭縣,南澳鄉,碧候村,395,962,120,456,576,65,641
宜蘭縣,南澳鄉,金岳村,396,411,43,127,170,3,173
宜蘭縣,南澳鄉,武塔村,397,447,86,204,290,20,310
宜蘭縣,南澳鄉,金洋村,398,475,105,237,342,29,371
宜蘭縣,南澳鄉,澳花村,399,695,108,278,386,33,419
新竹縣,竹北市,鹿場里,1,1319,321,518,839,19,858
新竹縣,竹北市,鹿場里,2,1321,328,464,792,17,809
新竹縣,竹北市,鹿場里,3,1272,268,503,771,29,800
新竹縣,竹北市,鹿場里,4,1467,288,536,824,24,848
新竹縣,竹北市,鹿場里,5,1226,290,404,694,21,715
新竹縣,竹北市,鹿場里,6,1412,311,478,789,18,807
新竹縣,竹北市,鹿場里,7,1400,335,540,875,11,886
新竹縣,竹北市,東平里,8,1415,338,522,860,21,881
新竹縣,竹北市,東平里,9,1361,309,481,790,16,806
新竹縣,竹北市,東平里,10,1515,337,478,815,18,833
新竹縣,竹北市,東平里,11,1495,370,500,870,27,897
新竹縣,竹北市,東平里,12,1417,348,469,817,26,843
新竹縣,竹北市,東平里,13,1548,386,484,870,19,889
新竹縣,竹北市,東平里,14,1434,352,420,772,18,790
新竹縣,竹北市,中興里,15,1385,279,506,785,30,815
新竹縣,竹北市,中興里,16,1247,293,477,770,28,798
新竹縣,竹北市,中興里,17,1373,341,437,778,21,799
新竹縣,竹北市,中興里,18,1345,382,453,835,24,859
新竹縣,竹北市,中興里,19,1165,232,414,646,28,674
新竹縣,竹北市,隘口里,20,1164,298,418,716,38,754
新竹縣,竹北市,隘口里,21,1212,307,420,727,30,757
新竹縣,竹北市,東海里,22,1507,225,507,732,27,759
新竹縣,竹北市,東海里,23,1576,242,559,801,37,838
新竹縣,竹北市,東興里,24,1464,353,445,798,27,825
新竹縣,竹北市,東興里,25,1428,344,459,803,17,820
新竹縣,竹北市,東興里,26,1442,316,392,708,18,726
新竹縣,竹北市,東興里,27,1415,474,322,796,47,843
新竹縣,竹北市,北興里,28,1666,359,468,827,21,848
新竹縣,竹北市,北興里,29,1751,394,518,912,31,943
新竹縣,竹北市,十興里,30,1196,271,446,717,20,737
新竹縣,竹北市,十興里,31,1235,252,471,723,21,744
新竹縣,竹北市,十興里,32,1204,260,418,678,11,689
新竹縣,竹北市,十興里,33,1308,308,470,778,25,803
新竹縣,竹北市,十興里,34,1233,284,145,429,12,441
新竹縣,竹北市,興安里,35,1129,231,428,659,17,676
新竹縣,竹北市,興安里,36,1069,226,423,649,12,661
新竹縣,竹北市,興安里,37,1114,260,414,674,37,711
新竹縣,竹北市,文化里,38,1103,220,453,673,22,695
新竹縣,竹北市,文化里,39,1029,231,417,648,22,670
新竹縣,竹北市,文化里,40,1133,281,423,704,22,726
新竹縣,竹北市,斗崙里,41,1301,293,443,736,21,757
新竹縣,竹北市,斗崙里,42,1798,453,578,1031,25,1056
新竹縣,竹北市,斗崙里,43,1427,569,253,822,31,853
新竹縣,竹北市,斗崙里,44,1462,313,575,888,27,915
新竹縣,竹北市,中崙里,45,1342,310,521,831,30,861
新竹縣,竹北市,中崙里,46,1480,323,552,875,29,904
新竹縣,竹北市,中崙里,47,1645,345,566,911,18,929
新竹縣,竹北市,中崙里,48,1256,277,499,776,32,808
新竹縣,竹北市,北崙里,49,1181,267,432,699,27,726
新竹縣,竹北市,北崙里,50,1329,298,546,844,21,865
新竹縣,竹北市,北崙里,51,1228,248,528,776,22,798
新竹縣,竹北市,新崙里,52,1552,338,501,839,37,876
新竹縣,竹北市,新崙里,53,1480,347,527,874,20,894
新竹縣,竹北市,新崙里,54,1487,319,490,809,15,824
新竹縣,竹北市,新崙里,55,1470,321,460,781,32,813
新竹縣,竹北市,竹北里,56,1477,240,518,758,30,788
新竹縣,竹北市,竹北里,57,1611,342,593,935,48,983
新竹縣,竹北市,竹北里,58,1555,313,551,864,46,910
新竹縣,竹北市,竹北里,59,1468,265,494,759,38,797
新竹縣,竹北市,竹仁里,60,1509,282,576,858,40,898
新竹縣,竹北市,竹仁里,61,1602,322,528,850,41,891
新竹縣,竹北市,竹仁里,62,1448,258,552,810,55,865
新竹縣,竹北市,竹仁里,63,1318,251,503,754,48,802
新竹縣,竹北市,竹仁里,64,1634,367,584,951,51,1002
新竹縣,竹北市,竹仁里,65,1345,220,493,713,64,777
新竹縣,竹北市,福德里,66,958,220,395,615,25,640
新竹縣,竹北市,福德里,67,1112,241,434,675,29,704
新竹縣,竹北市,福德里,68,1134,242,378,620,50,670
新竹縣,竹北市,竹義里,69,1483,285,548,833,30,863
新竹縣,竹北市,竹義里,70,1332,244,465,709,39,748
新竹縣,竹北市,竹義里,71,1482,297,448,745,24,769
新竹縣,竹北市,竹義里,72,1449,220,376,596,23,619
新竹縣,竹北市,泰和里,73,1319,242,441,683,34,717
新竹縣,竹北市,泰和里,74,1332,234,460,694,32,726
新竹縣,竹北市,泰和里,75,1412,284,451,735,23,758
新竹縣,竹北市,泰和里,76,1640,294,569,863,31,894
新竹縣,竹北市,新社里,77,1323,264,446,710,46,756
新竹縣,竹北市,新社里,78,1428,325,488,813,38,851
新竹縣,竹北市,新社里,79,1533,282,574,856,46,902
新竹縣,竹北市,新社里,80,1346,262,435,697,24,721
新竹縣,竹北市,新社里,81,1219,257,370,627,42,669
新竹縣,竹北市,新國里,82,1466,337,516,853,45,898
新竹縣,竹北市,新國里,83,1147,262,347,609,26,635
新竹縣,竹北市,新國里,84,1529,266,456,722,38,760
新竹縣,竹北市,新國里,85,1522,319,520,839,42,881
新竹縣,竹北市,聯興里,86,1383,306,488,794,39,833
新竹縣,竹北市,聯興里,87,1569,350,529,879,34,913
新竹縣,竹北市,聯興里,88,1506,283,501,784,20,804
新竹縣,竹北市,麻園里,89,877,211,272,483,24,507
新竹縣,竹北市,麻園里,90,1074,255,339,594,37,631
新竹縣,竹北市,溪州里,91,1089,288,383,671,36,707
新竹縣,竹北市,溪州里,92,1336,354,407,761,32,793
新竹縣,竹北市,新庄里,93,1058,223,345,568,37,605
新竹縣,竹北市,白地里,94,937,231,360,591,37,628
新竹縣,竹北市,白地里,95,1206,308,358,666,29,695
新竹縣,竹北市,新港里,96,1205,343,331,674,44,718
新竹縣,竹北市,大眉里,97,1718,393,574,967,63,1030
新竹縣,竹北市,大義里,98,917,233,271,504,30,534
新竹縣,竹北市,大義里,99,668,191,197,388,22,410
新竹縣,竹北市,尚義里,100,824,228,219,447,24,471
新竹縣,竹北市,尚義里,101,782,190,229,419,48,467
新竹縣,竹北市,崇義里,102,977,266,293,559,46,605
新竹縣,竹北市,崇義里,103,937,233,249,482,13,495
新竹縣,竹東鎮,上坪里,104,309,54,89,143,12,155
新竹縣,竹東鎮,瑞峰里,105,416,73,118,191,23,214
新竹縣,竹東鎮,軟橋里,106,386,70,128,198,6,204
新竹縣,竹東鎮,員崠里,107,950,170,288,458,29,487
新竹縣,竹東鎮,員崠里,108,1275,214,455,669,15,684
新竹縣,竹東鎮,上?里,109,1213,222,404,626,31,657
新竹縣,竹東鎮,上?里,110,1548,243,589,832,34,866
新竹縣,竹東鎮,上?里,111,1246,189,422,611,20,631
新竹縣,竹東鎮,上?里,112,1252,195,346,541,34,575
新竹縣,竹東鎮,上?里,113,1359,208,484,692,28,720
新竹縣,竹東鎮,上?里,114,1255,261,388,649,27,676
新竹縣,竹東鎮,上?里,115,1304,238,484,722,23,745
新竹縣,竹東鎮,東寧里,116,1292,240,453,693,35,728
新竹縣,竹東鎮,東寧里,117,1111,181,363,544,20,564
新竹縣,竹東鎮,東寧里,118,880,188,298,486,37,523
新竹縣,竹東鎮,中正里,119,670,137,236,373,22,395
新竹縣,竹東鎮,中正里,120,1244,235,459,694,33,727
新竹縣,竹東鎮,大鄉里,121,1126,177,384,561,48,609
新竹縣,竹東鎮,大鄉里,122,1073,191,372,563,31,594
新竹縣,竹東鎮,大鄉里,123,1215,209,446,655,40,695
新竹縣,竹東鎮,大鄉里,124,1155,187,463,650,12,662
新竹縣,竹東鎮,中山里,125,852,163,291,454,34,488
新竹縣,竹東鎮,中山里,126,875,192,311,503,26,529
新竹縣,竹東鎮,南華里,127,1070,216,414,630,24,654
新竹縣,竹東鎮,東華里,128,704,154,222,376,20,396
新竹縣,竹東鎮,商華里,129,951,108,248,356,26,382
新竹縣,竹東鎮,商華里,130,984,171,364,535,29,564
新竹縣,竹東鎮,商華里,131,1113,173,296,469,17,486
新竹縣,竹東鎮,竹東里,132,595,111,226,337,21,358
新竹縣,竹東鎮,竹東里,133,762,170,277,447,26,473
新竹縣,竹東鎮,忠孝里,134,763,155,259,414,18,432
新竹縣,竹東鎮,忠孝里,135,813,159,250,409,16,425
新竹縣,竹東鎮,?林里,136,1310,198,418,616,26,642
新竹縣,竹東鎮,?林里,137,1434,206,465,671,35,706
新竹縣,竹東鎮,?林里,138,1131,223,392,615,28,643
新竹縣,竹東鎮,仁愛里,139,967,170,340,510,21,531
新竹縣,竹東鎮,仁愛里,140,1196,187,399,586,28,614
新竹縣,竹東鎮,仁愛里,141,1154,237,390,627,31,658
新竹縣,竹東鎮,榮樂里,142,715,150,260,410,30,440
新竹縣,竹東鎮,榮樂里,143,685,138,250,388,12,400
新竹縣,竹東鎮,榮華里,144,1352,206,486,692,29,721
新竹縣,竹東鎮,榮華里,145,1407,231,533,764,42,806
新竹縣,竹東鎮,榮華里,146,1362,236,479,715,32,747
新竹縣,竹東鎮,榮華里,147,1330,225,513,738,29,767
新竹縣,竹東鎮,榮華里,148,1441,225,514,739,41,780
新竹縣,竹東鎮,五豐里,149,1248,222,409,631,15,646
新竹縣,竹東鎮,五豐里,150,1263,229,325,554,21,575
新竹縣,竹東鎮,五豐里,151,1232,187,408,595,21,616
新竹縣,竹東鎮,五豐里,152,1143,164,358,522,24,546
新竹縣,竹東鎮,五豐里,153,1529,277,532,809,26,835
新竹縣,竹東鎮,五豐里,154,1140,183,416,599,30,629
新竹縣,竹東鎮,陸豐里,155,570,124,218,342,24,366
新竹縣,竹東鎮,三重里,156,1345,222,411,633,25,658
新竹縣,竹東鎮,三重里,157,1381,253,445,698,41,739
新竹縣,竹東鎮,三重里,158,1379,256,465,721,41,762
新竹縣,竹東鎮,三重里,159,1033,198,364,562,45,607
新竹縣,竹東鎮,三重里,160,1066,171,391,562,24,586
新竹縣,竹東鎮,二重里,161,938,184,323,507,49,556
新竹縣,竹東鎮,二重里,162,952,192,361,553,36,589
新竹縣,竹東鎮,二重里,163,1468,270,581,851,32,883
新竹縣,竹東鎮,二重里,164,1915,432,512,944,33,977
新竹縣,竹東鎮,二重里,165,1220,195,416,611,30,641
新竹縣,竹東鎮,二重里,166,1166,187,333,520,15,535
新竹縣,竹東鎮,二重里,167,1492,228,476,704,27,731
新竹縣,竹東鎮,二重里,168,1245,209,435,644,20,664
新竹縣,竹東鎮,頭重里,169,1083,230,366,596,28,624
新竹縣,竹東鎮,頭重里,170,1102,194,387,581,27,608
新竹縣,竹東鎮,頭重里,171,1068,215,372,587,20,607
新竹縣,竹東鎮,頭重里,172,1097,202,400,602,25,627
新竹縣,竹東鎮,員山里,173,962,169,322,491,14,505
新竹縣,竹東鎮,員山里,174,909,188,313,501,22,523
新竹縣,竹東鎮,柯湖里,175,603,109,173,282,20,302
新竹縣,新埔鎮,新埔里,176,983,193,377,570,21,591
新竹縣,新埔鎮,新生里,177,597,146,202,348,23,371
新竹縣,新埔鎮,新民里,178,1070,174,406,580,20,600
新竹縣,新埔鎮,田新里,179,935,167,330,497,32,529
新竹縣,新埔鎮,田新里,180,753,133,283,416,20,436
新竹縣,新埔鎮,田新里,181,838,208,326,534,17,551
新竹縣,新埔鎮,旱坑里,182,924,155,366,521,21,542
新竹縣,新埔鎮,旱坑里,183,905,169,270,439,21,460
新竹縣,新埔鎮,五埔里,184,948,157,361,518,20,538
新竹縣,新埔鎮,五埔里,185,1017,207,354,561,34,595
新竹縣,新埔鎮,四座里,186,1176,224,470,694,27,721
新竹縣,新埔鎮,四座里,187,1122,251,397,648,51,699
新竹縣,新埔鎮,四座里,188,1022,200,263,463,17,480
新竹縣,新埔鎮,照門里,189,1429,267,408,675,38,713
新竹縣,新埔鎮,清水里,190,451,130,149,279,28,307
新竹縣,新埔鎮,鹿鳴里,191,724,181,212,393,21,414
新竹縣,新埔鎮,新北里,192,617,147,218,365,32,397
新竹縣,新埔鎮,巨埔里,193,1144,238,405,643,37,680
新竹縣,新埔鎮,內立里,194,1139,128,504,632,29,661
新竹縣,新埔鎮,寶石里,195,861,174,308,482,14,496
新竹縣,新埔鎮,文山里,196,1093,189,355,544,21,565
新竹縣,新埔鎮,文山里,197,978,164,316,480,25,505
新竹縣,新埔鎮,文山里,198,1040,175,327,502,21,523
新竹縣,新埔鎮,文山里,199,1160,228,377,605,17,622
新竹縣,新埔鎮,上寮里,200,950,220,335,555,23,578
新竹縣,新埔鎮,上寮里,201,882,172,304,476,23,499
新竹縣,新埔鎮,下寮里,202,1281,263,436,699,40,739
新竹縣,新埔鎮,下寮里,203,1212,230,382,612,40,652
新竹縣,新埔鎮,南平里,204,1013,153,302,455,30,485
新竹縣,新埔鎮,北平里,205,630,175,204,379,24,403
新竹縣,關西鎮,東興里,206,480,103,184,287,21,308
新竹縣,關西鎮,西安里,207,903,177,330,507,36,543
新竹縣,關西鎮,西安里,208,1020,172,397,569,25,594
新竹縣,關西鎮,南雄里,209,705,134,242,376,15,391
新竹縣,關西鎮,北斗里,210,1056,193,373,566,19,585
新竹縣,關西鎮,北斗里,211,1275,235,432,667,35,702
新竹縣,關西鎮,北斗里,212,1287,249,467,716,46,762
新竹縣,關西鎮,北山里,213,771,157,290,447,21,468
新竹縣,關西鎮,仁安里,214,1046,226,317,543,29,572
新竹縣,關西鎮,南山里,215,1030,193,371,564,41,605
新竹縣,關西鎮,東安里,216,1208,211,447,658,32,690
新竹縣,關西鎮,東安里,217,1095,145,367,512,21,533
新竹縣,關西鎮,東安里,218,1350,265,422,687,29,716
新竹縣,關西鎮,東山里,219,846,190,319,509,27,536
新竹縣,關西鎮,東光里,220,1362,241,466,707,41,748
新竹縣,關西鎮,南新里,221,903,160,281,441,18,459
新竹縣,關西鎮,新富里,222,551,107,138,245,24,269
新竹縣,關西鎮,玉山里,223,461,90,96,186,8,194
新竹縣,關西鎮,金山里,224,572,106,194,300,19,319
新竹縣,關西鎮,錦山里,225,943,155,331,486,23,509
新竹縣,關西鎮,大同里,226,808,193,248,441,32,473
新竹縣,關西鎮,石光里,227,923,178,378,556,26,582
新竹縣,關西鎮,石光里,228,903,180,328,508,29,537
新竹縣,關西鎮,東平里,229,977,205,337,542,34,576
新竹縣,關西鎮,上林里,230,824,195,297,492,26,518
新竹縣,關西鎮,新力里,231,559,114,227,341,23,364
新竹縣,關西鎮,南和里,232,854,192,307,499,35,534
新竹縣,湖口鄉,和興村,233,1393,301,390,691,33,724
新竹縣,湖口鄉,和興村,234,1505,213,616,829,44,873
新竹縣,湖口鄉,東興村,235,1188,261,467,728,35,763
新竹縣,湖口鄉,東興村,236,1267,245,439,684,47,731
新竹縣,湖口鄉,東興村,237,1668,311,612,923,31,954
新竹縣,湖口鄉,德盛村,238,1719,357,591,948,49,997
新竹縣,湖口鄉,德盛村,239,1162,229,458,687,36,723
新竹縣,湖口鄉,德盛村,240,1833,302,596,898,41,939
新竹縣,湖口鄉,愛勢村,241,1444,297,474,771,52,823
新竹縣,湖口鄉,愛勢村,242,1347,283,505,788,49,837
新竹縣,湖口鄉,愛勢村,243,1202,244,447,691,23,714
新竹縣,湖口鄉,仁勢村,244,851,181,312,493,23,516
新竹縣,湖口鄉,孝勢村,245,1272,258,479,737,37,774
新竹縣,湖口鄉,中勢村,246,1275,238,461,699,35,734
新竹縣,湖口鄉,中勢村,247,1560,359,570,929,45,974
新竹縣,湖口鄉,中正村,248,1147,266,411,677,48,725
新竹縣,湖口鄉,中正村,249,1729,331,621,952,34,986
新竹縣,湖口鄉,信勢村,250,1402,283,441,724,31,755
新竹縣,湖口鄉,信勢村,251,1183,243,424,667,40,707
新竹縣,湖口鄉,信勢村,252,1282,284,463,747,29,776
新竹縣,湖口鄉,信勢村,253,1335,280,493,773,32,805
新竹縣,湖口鄉,信義村,254,1493,350,546,896,39,935
新竹縣,湖口鄉,信義村,255,1877,323,661,984,26,1010
新竹縣,湖口鄉,波羅村,256,1082,242,393,635,37,672
新竹縣,湖口鄉,波羅村,257,1115,243,414,657,32,689
新竹縣,湖口鄉,長嶺村,258,1193,216,371,587,28,615
新竹縣,湖口鄉,長嶺村,259,1947,330,680,1010,39,1049
新竹縣,湖口鄉,長安村,260,1125,235,393,628,49,677
新竹縣,湖口鄉,湖口村,261,1050,222,366,588,23,611
新竹縣,湖口鄉,湖口村,262,1733,358,614,972,32,1004
新竹縣,湖口鄉,湖鏡村,263,1284,238,486,724,38,762
新竹縣,湖口鄉,湖鏡村,264,1062,191,412,603,31,634
新竹縣,湖口鄉,湖南村,265,1547,293,540,833,50,883
新竹縣,湖口鄉,中興村,266,1494,220,508,728,25,753
新竹縣,湖口鄉,中興村,267,1634,237,524,761,27,788
新竹縣,湖口鄉,中興村,268,1444,246,429,675,12,687
新竹縣,湖口鄉,中興村,269,1324,221,446,667,29,696
新竹縣,湖口鄉,鳳凰村,270,1058,203,373,576,25,601
新竹縣,湖口鄉,鳳凰村,271,1220,198,315,513,18,531
新竹縣,湖口鄉,鳳凰村,272,1333,277,436,713,39,752
新竹縣,湖口鄉,鳳凰村,273,1461,256,470,726,41,767
新竹縣,湖口鄉,勝利村,274,1429,295,453,748,28,776
新竹縣,湖口鄉,勝利村,275,1506,236,462,698,18,716
新竹縣,湖口鄉,勝利村,276,1103,198,425,623,43,666
新竹縣,湖口鄉,鳳山村,277,1495,253,453,706,36,742
新竹縣,湖口鄉,鳳山村,278,752,123,282,405,28,433
新竹縣,湖口鄉,鳳山村,279,986,207,322,529,20,549
新竹縣,新豐鄉,福興村,280,1080,205,339,544,40,584
新竹縣,新豐鄉,青埔村,281,887,183,265,448,24,472
新竹縣,新豐鄉,青埔村,282,954,222,291,513,28,541
新竹縣,新豐鄉,中崙村,283,1003,215,330,545,26,571
新竹縣,新豐鄉,中崙村,284,1106,202,373,575,30,605
新竹縣,新豐鄉,中崙村,285,1123,222,411,633,28,661
新竹縣,新豐鄉,瑞興村,286,891,229,266,495,30,525
新竹縣,新豐鄉,瑞興村,287,874,174,248,422,19,441
新竹縣,新豐鄉,後湖村,288,824,199,236,435,33,468
新竹縣,新豐鄉,後湖村,289,975,197,272,469,26,495
新竹縣,新豐鄉,坡頭村,290,847,218,242,460,30,490
新竹縣,新豐鄉,埔和村,291,1477,350,442,792,53,845
新竹縣,新豐鄉,埔和村,292,1266,318,321,639,32,671
新竹縣,新豐鄉,新豐村,293,1029,257,263,520,46,566
新竹縣,新豐鄉,新豐村,294,1063,281,270,551,21,572
新竹縣,新豐鄉,員山村,295,1055,176,392,568,20,588
新竹縣,新豐鄉,員山村,296,1445,259,517,776,32,808
新竹縣,新豐鄉,忠孝村,297,1413,293,555,848,22,870
新竹縣,新豐鄉,忠孝村,298,971,231,366,597,26,623
新竹縣,新豐鄉,忠孝村,299,1135,225,438,663,20,683
新竹縣,新豐鄉,山崎村,300,1269,225,440,665,24,689
新竹縣,新豐鄉,山崎村,301,1257,260,422,682,31,713
新竹縣,新豐鄉,山崎村,302,1662,341,593,934,34,968
新竹縣,新豐鄉,上坑村,303,1486,282,479,761,26,787
新竹縣,新豐鄉,鳳坑村,304,1067,241,383,624,46,670
新竹縣,新豐鄉,重興村,305,1302,163,573,736,48,784
新竹縣,新豐鄉,重興村,306,1410,276,457,733,53,786
新竹縣,新豐鄉,重興村,307,1267,260,391,651,45,696
新竹縣,新豐鄉,重興村,308,1258,201,395,596,35,631
新竹縣,新豐鄉,崎頂村,309,1217,215,395,610,22,632
新竹縣,新豐鄉,崎頂村,310,1456,242,534,776,29,805
新竹縣,新豐鄉,松林村,311,1157,223,436,659,22,681
新竹縣,新豐鄉,松林村,312,1089,212,344,556,22,578
新竹縣,新豐鄉,松林村,313,1160,207,439,646,15,661
新竹縣,新豐鄉,松林村,314,976,177,420,597,14,611
新竹縣,新豐鄉,松柏村,315,1443,312,463,775,36,811
新竹縣,新豐鄉,松柏村,316,1247,229,410,639,23,662
新竹縣,新豐鄉,松柏村,317,1411,253,506,759,27,786
新竹縣,新豐鄉,松柏村,318,1238,213,487,700,35,735
新竹縣,芎林鄉,華龍村,319,417,87,145,232,12,244
新竹縣,芎林鄉,五龍村,320,534,125,232,357,23,380
新竹縣,芎林鄉,秀湖村,321,963,170,373,543,23,566
新竹縣,芎林鄉,永興村,322,418,96,160,256,15,271
新竹縣,芎林鄉,石潭村,323,1312,217,462,679,45,724
新竹縣,芎林鄉,石潭村,324,1354,235,403,638,42,680
新竹縣,芎林鄉,新鳳村,325,785,169,271,440,32,472
新竹縣,芎林鄉,新鳳村,326,797,150,313,463,26,489
新竹縣,芎林鄉,中坑村,327,623,118,252,370,24,394
新竹縣,芎林鄉,水坑村,328,759,163,250,413,32,445
新竹縣,芎林鄉,文林村,329,1272,196,405,601,46,647
新竹縣,芎林鄉,文林村,330,1129,191,455,646,26,672
新竹縣,芎林鄉,芎林村,331,713,164,259,423,21,444
新竹縣,芎林鄉,芎林村,332,839,210,285,495,33,528
新竹縣,芎林鄉,上山村,333,1123,231,479,710,32,742
新竹縣,芎林鄉,上山村,334,981,195,377,572,20,592
新竹縣,芎林鄉,上山村,335,1078,250,383,633,25,658
新竹縣,芎林鄉,上山村,336,1094,189,384,573,26,599
新竹縣,芎林鄉,下山村,337,1102,238,383,621,35,656
新竹縣,橫山鄉,橫山村,338,1231,240,461,701,52,753
新竹縣,橫山鄉,橫山村,339,1041,192,391,583,44,627
新竹縣,橫山鄉,橫山村,340,1132,227,433,660,29,689
新竹縣,橫山鄉,田寮村,341,859,174,317,491,36,527
新竹縣,橫山鄉,南昌村,342,204,33,70,103,15,118
新竹縣,橫山鄉,豐鄉村,343,222,46,48,94,8,102
新竹縣,橫山鄉,豐田村,344,338,85,112,197,22,219
新竹縣,橫山鄉,內灣村,345,916,156,314,470,23,493
新竹縣,橫山鄉,力行村,346,573,75,150,225,14,239
新竹縣,橫山鄉,力行村,347,275,67,117,184,8,192
新竹縣,橫山鄉,福興村,348,463,79,145,224,8,232
新竹縣,橫山鄉,沙坑村,349,690,138,266,404,39,443
新竹縣,橫山鄉,沙坑村,350,288,64,73,137,11,148
新竹縣,橫山鄉,新興村,351,685,142,270,412,30,442
新竹縣,橫山鄉,新興村,352,868,162,346,508,30,538
新竹縣,橫山鄉,大肚村,353,1561,301,607,908,58,966
新竹縣,北埔鄉,北埔村,354,1158,231,363,594,11,605
新竹縣,北埔鄉,南興村,355,1238,245,448,693,49,742
新竹縣,北埔鄉,大湖村,356,580,119,205,324,16,340
新竹縣,北埔鄉,埔尾村,357,931,182,338,520,26,546
新竹縣,北埔鄉,埔尾村,358,1653,278,590,868,64,932
新竹縣,北埔鄉,水?村,359,845,173,284,457,30,487
新竹縣,北埔鄉,南埔村,360,384,89,119,208,12,220
新竹縣,北埔鄉,大林村,361,763,165,266,431,14,445
新竹縣,北埔鄉,南坑村,362,333,76,101,177,10,187
新竹縣,北埔鄉,外坪村,363,295,72,86,158,9,167
新竹縣,寶山鄉,雙溪村,364,1158,255,388,643,29,672
新竹縣,寶山鄉,雙溪村,365,1437,308,494,802,26,828
新竹縣,寶山鄉,雙新村,366,1470,311,486,797,41,838
新竹縣,寶山鄉,雙新村,367,1170,271,409,680,32,712
新竹縣,寶山鄉,大崎村,368,1900,384,673,1057,45,1102
新竹縣,寶山鄉,三峰村,369,1056,179,343,522,30,552
新竹縣,寶山鄉,新城村,370,1205,281,424,705,52,757
新竹縣,寶山鄉,寶斗村,371,766,143,268,411,32,443
新竹縣,寶山鄉,深井村,372,846,186,300,486,31,517
新竹縣,寶山鄉,寶山村,373,804,176,295,471,24,495
新竹縣,寶山鄉,油田村,374,607,137,220,357,17,374
新竹縣,寶山鄉,山湖村,375,554,158,189,347,12,359
新竹縣,峨眉鄉,峨眉村,376,879,194,337,531,42,573
新竹縣,峨眉鄉,中盛村,377,683,154,256,410,28,438
新竹縣,峨眉鄉,石井村,378,604,133,210,343,25,368
新竹縣,峨眉鄉,七星村,379,339,69,114,183,16,199
新竹縣,峨眉鄉,七星村,380,276,77,42,119,7,126
新竹縣,峨眉鄉,富興村,381,1406,285,512,797,61,858
新竹縣,峨眉鄉,湖光村,382,462,108,163,271,18,289
新竹縣,峨眉鄉,湖光村,383,419,88,130,218,10,228
新竹縣,尖石鄉,嘉樂村,384,474,71,137,208,7,215
新竹縣,尖石鄉,嘉樂村,385,357,65,124,189,4,193
新竹縣,尖石鄉,義興村,386,225,45,57,102,11,113
新竹縣,尖石鄉,義興村,387,374,61,109,170,9,179
新竹縣,尖石鄉,新樂村,388,773,115,217,332,6,338
新竹縣,尖石鄉,新樂村,389,490,88,142,230,16,246
新竹縣,尖石鄉,錦屏村,390,531,72,109,181,8,189
新竹縣,尖石鄉,錦屏村,391,660,106,217,323,9,332
新竹縣,尖石鄉,梅花村,392,613,131,230,361,47,408
新竹縣,尖石鄉,玉峰村,393,593,128,142,270,6,276
新竹縣,尖石鄉,玉峰村,394,575,109,171,280,13,293
新竹縣,尖石鄉,玉峰村,395,126,47,30,77,7,84
新竹縣,尖石鄉,秀巒村,396,499,81,132,213,8,221
新竹縣,尖石鄉,秀巒村,397,785,116,125,241,10,251
新竹縣,尖石鄉,秀巒村,398,289,87,81,168,10,178
新竹縣,五峰鄉,大隘村,399,672,97,266,363,26,389
新竹縣,五峰鄉,大隘村,400,713,112,196,308,16,324
新竹縣,五峰鄉,桃山村,401,594,93,135,228,6,234
新竹縣,五峰鄉,桃山村,402,896,161,280,441,15,456
新竹縣,五峰鄉,花園村,403,727,107,225,332,12,344
新竹縣,五峰鄉,竹林村,404,395,64,106,170,9,179
苗栗縣,苗栗市,中苗里,1,1087,200,400,600,30,630
苗栗縣,苗栗市,青苗里,2,1018,171,379,550,21,571
苗栗縣,苗栗市,維祥里,3,1156,200,420,620,29,649
苗栗縣,苗栗市,維祥里,4,1118,188,394,582,30,612
苗栗縣,苗栗市,維祥里,5,1084,187,411,598,41,639
苗栗縣,苗栗市,維新里,6,1203,236,460,696,28,724
苗栗縣,苗栗市,維新里,7,1306,232,513,745,34,779
苗栗縣,苗栗市,維新里,8,1193,240,440,680,41,721
苗栗縣,苗栗市,玉清里,9,1115,185,448,633,26,659
苗栗縣,苗栗市,玉清里,10,1119,215,438,653,37,690
苗栗縣,苗栗市,玉華里,11,1132,238,429,667,31,698
苗栗縣,苗栗市,玉華里,12,1289,220,487,707,35,742
苗栗縣,苗栗市,玉華里,13,1264,221,503,724,34,758
苗栗縣,苗栗市,綠苗里,14,870,146,328,474,20,494
苗栗縣,苗栗市,高苗里,15,1008,151,335,486,29,515
苗栗縣,苗栗市,高苗里,16,1078,190,360,550,22,572
苗栗縣,苗栗市,高苗里,17,1077,236,386,622,24,646
苗栗縣,苗栗市,新苗里,18,880,170,329,499,18,517
苗栗縣,苗栗市,玉苗里,19,894,181,292,473,30,503
苗栗縣,苗栗市,大同里,20,522,113,172,285,18,303
苗栗縣,苗栗市,恭敬里,21,1376,307,508,815,53,868
苗栗縣,苗栗市,水源里,22,1391,243,484,727,33,760
苗栗縣,苗栗市,水源里,23,1081,209,401,610,40,650
苗栗縣,苗栗市,勝利里,24,1272,215,465,680,34,714
苗栗縣,苗栗市,勝利里,25,1112,238,456,694,19,713
苗栗縣,苗栗市,勝利里,26,813,184,338,522,23,545
苗栗縣,苗栗市,勝利里,27,767,150,275,425,13,438
苗栗縣,苗栗市,清華里,28,1010,181,382,563,21,584
苗栗縣,苗栗市,清華里,29,1182,204,444,648,21,669
苗栗縣,苗栗市,清華里,30,965,187,353,540,16,556
苗栗縣,苗栗市,上苗里,31,607,97,262,359,6,365
苗栗縣,苗栗市,上苗里,32,990,210,376,586,26,612
苗栗縣,苗栗市,北苗里,33,1230,157,483,640,29,669
苗栗縣,苗栗市,北苗里,34,1372,257,512,769,28,797
苗栗縣,苗栗市,北苗里,35,1213,214,463,677,36,713
苗栗縣,苗栗市,北苗里,36,1272,218,476,694,31,725
苗栗縣,苗栗市,嘉盛里,37,1221,250,472,722,35,757
苗栗縣,苗栗市,嘉盛里,38,1104,205,409,614,30,644
苗栗縣,苗栗市,嘉盛里,39,1171,187,419,606,18,624
苗栗縣,苗栗市,福星里,40,1392,244,507,751,36,787
苗栗縣,苗栗市,福星里,41,1356,444,322,766,35,801
苗栗縣,苗栗市,福星里,42,1387,270,508,778,33,811
苗栗縣,苗栗市,福安里,43,1206,242,406,648,30,678
苗栗縣,苗栗市,福安里,44,1004,219,395,614,26,640
苗栗縣,苗栗市,福安里,45,1202,227,423,650,28,678
苗栗縣,苗栗市,嘉新里,46,1052,203,410,613,28,641
苗栗縣,苗栗市,嘉新里,47,873,177,340,517,26,543
苗栗縣,苗栗市,嘉新里,48,975,214,415,629,25,654
苗栗縣,苗栗市,建功里,49,1003,12,599,611,33,644
苗栗縣,苗栗市,建功里,50,1000,189,376,565,17,582
苗栗縣,苗栗市,建功里,51,1047,183,386,569,21,590
苗栗縣,苗栗市,建功里,52,1025,181,412,593,39,632
苗栗縣,苗栗市,福麗里,53,1130,182,413,595,18,613
苗栗縣,苗栗市,福麗里,54,1146,183,456,639,15,654
苗栗縣,苗栗市,福麗里,55,1432,244,552,796,33,829
苗栗縣,苗栗市,福麗里,56,1492,206,480,686,30,716
苗栗縣,苗栗市,文山里,57,1125,187,479,666,27,693
苗栗縣,苗栗市,文山里,58,1241,256,410,666,30,696
苗栗縣,苗栗市,文山里,59,1278,234,498,732,37,769
苗栗縣,苗栗市,文聖里,60,1293,201,506,707,20,727
苗栗縣,苗栗市,文聖里,61,1342,222,464,686,26,712
苗栗縣,苗栗市,文聖里,62,857,177,280,457,27,484
苗栗縣,苗栗市,新川里,63,1180,228,388,616,31,647
苗栗縣,苗栗市,南勢里,64,1072,252,368,620,17,637
苗栗縣,苗栗市,南勢里,65,912,169,312,481,25,506
苗栗縣,苗栗市,新英里,66,796,145,258,403,23,426
苗栗縣,苗栗市,新英里,67,869,151,281,432,13,445
苗栗縣,公館鄉,館中村,68,789,202,297,499,25,524
苗栗縣,公館鄉,館中村,69,792,196,304,500,25,525
苗栗縣,公館鄉,館東村,70,1117,235,437,672,49,721
苗栗縣,公館鄉,館東村,71,1255,278,481,759,29,788
苗栗縣,公館鄉,館南村,72,1141,251,402,653,30,683
苗栗縣,公館鄉,館南村,73,1172,261,387,648,39,687
苗栗縣,公館鄉,館南村,74,1100,268,399,667,30,697
苗栗縣,公館鄉,中義村,75,1232,212,404,616,37,653
苗栗縣,公館鄉,中義村,76,1081,216,243,459,35,494
苗栗縣,公館鄉,玉泉村,77,1250,256,490,746,33,779
苗栗縣,公館鄉,玉泉村,78,1081,221,371,592,39,631
苗栗縣,公館鄉,大坑村,79,964,202,308,510,45,555
苗栗縣,公館鄉,福基村,80,1038,209,371,580,50,630
苗栗縣,公館鄉,福德村,81,360,94,117,211,17,228
苗栗縣,公館鄉,福星村,82,865,164,298,462,35,497
苗栗縣,公館鄉,福星村,83,1166,243,375,618,35,653
苗栗縣,公館鄉,石墻村,84,719,145,260,405,27,432
苗栗縣,公館鄉,石墻村,85,788,157,247,404,34,438
苗栗縣,公館鄉,開礦村,86,303,58,122,180,23,203
苗栗縣,公館鄉,五谷村,87,1322,297,463,760,36,796
苗栗縣,公館鄉,五谷村,88,933,198,302,500,34,534
苗栗縣,公館鄉,玉谷村,89,1455,274,463,737,53,790
苗栗縣,公館鄉,鶴岡村,90,1615,349,599,948,54,1002
苗栗縣,公館鄉,鶴山村,91,1451,266,494,760,47,807
苗栗縣,公館鄉,尖山村,92,1462,276,543,819,63,882
苗栗縣,公館鄉,仁安村,93,1317,231,450,681,56,737
苗栗縣,公館鄉,南河村,94,221,45,83,128,3,131
苗栗縣,公館鄉,北河村,95,329,57,107,164,11,175
苗栗縣,頭屋鄉,頭屋村,96,1335,549,302,851,43,894
苗栗縣,頭屋鄉,頭屋村,97,1168,273,525,798,32,830
苗栗縣,頭屋鄉,獅潭村,98,792,166,329,495,25,520
苗栗縣,頭屋鄉,獅潭村,99,918,222,400,622,36,658
苗栗縣,頭屋鄉,北坑村,100,725,129,312,441,21,462
苗栗縣,頭屋鄉,曲洞村,101,899,182,343,525,32,557
苗栗縣,頭屋鄉,飛鳳村,102,369,50,127,177,9,186
苗栗縣,頭屋鄉,象山村,103,844,208,280,488,17,505
苗栗縣,頭屋鄉,象山村,104,1007,217,381,598,22,620
苗栗縣,頭屋鄉,明德村,105,794,150,328,478,23,501
苗栗縣,頭屋鄉,明德村,106,211,54,89,143,14,157
苗栗縣,頭屋鄉,鳴鳳村,107,328,84,141,225,14,239
苗栗縣,銅鑼鄉,銅鑼村,108,887,156,365,521,27,548
苗栗縣,銅鑼鄉,銅鑼村,109,1052,187,420,607,25,632
苗栗縣,銅鑼鄉,銅鑼村,110,1347,240,559,799,29,828
苗栗縣,銅鑼鄉,銅鑼村,111,1177,337,307,644,30,674
苗栗縣,銅鑼鄉,樟樹村,112,1268,248,403,651,37,688
苗栗縣,銅鑼鄉,九湖村,113,1185,185,354,539,48,587
苗栗縣,銅鑼鄉,福興村,114,1029,143,419,562,35,597
苗栗縣,銅鑼鄉,朝陽村,115,905,150,350,500,25,525
苗栗縣,銅鑼鄉,朝陽村,116,750,160,279,439,28,467
苗栗縣,銅鑼鄉,竹森村,117,1080,172,351,523,30,553
苗栗縣,銅鑼鄉,中平村,118,1108,251,323,574,33,607
苗栗縣,銅鑼鄉,中平村,119,862,185,246,431,26,457
苗栗縣,銅鑼鄉,中平村,120,1216,224,381,605,41,646
苗栗縣,銅鑼鄉,興隆村,121,588,100,182,282,22,304
苗栗縣,銅鑼鄉,盛隆村,122,429,81,132,213,22,235
苗栗縣,銅鑼鄉,新隆村,123,541,100,208,308,9,317
苗栗縣,三義鄉,廣盛村,124,853,165,329,494,30,524
苗栗縣,三義鄉,廣盛村,125,983,179,416,595,21,616
苗栗縣,三義鄉,廣盛村,126,1080,199,408,607,41,648
苗栗縣,三義鄉,廣盛村,127,1216,201,439,640,17,657
苗栗縣,三義鄉,勝興村,128,1017,181,395,576,28,604
苗栗縣,三義鄉,勝興村,129,1180,200,415,615,17,632
苗栗縣,三義鄉,勝興村,130,1198,227,438,665,19,684
苗栗縣,三義鄉,龍騰村,131,417,83,146,229,14,243
苗栗縣,三義鄉,?湖村,132,991,179,332,511,16,527
苗栗縣,三義鄉,?湖村,133,834,146,334,480,11,491
苗栗縣,三義鄉,?潭村,134,622,110,232,342,28,370
苗栗縣,三義鄉,?潭村,135,749,163,267,430,30,460
苗栗縣,三義鄉,西湖村,136,692,139,302,441,19,460
苗栗縣,三義鄉,西湖村,137,759,193,320,513,23,536
苗栗縣,三義鄉,鯉魚潭村,138,629,130,183,313,23,336
苗栗縣,三義鄉,鯉魚潭村,139,669,158,212,370,17,387
苗栗縣,西湖鄉,高埔村,140,601,94,216,310,24,334
苗栗縣,西湖鄉,下埔村,141,566,107,218,325,16,341
苗栗縣,西湖鄉,五湖村,142,843,163,293,456,37,493
苗栗縣,西湖鄉,四湖村,143,648,125,198,323,23,346
苗栗縣,西湖鄉,三湖村,144,936,174,288,462,15,477
苗栗縣,西湖鄉,龍洞村,145,461,94,148,242,8,250
苗栗縣,西湖鄉,金獅村,146,515,105,181,286,10,296
苗栗縣,西湖鄉,湖東村,147,1141,202,361,563,53,616
苗栗縣,西湖鄉,二湖村,148,671,149,218,367,32,399
苗栗縣,通霄鎮,通東里,149,1142,287,321,608,58,666
苗栗縣,通霄鎮,通西里,150,884,284,260,544,35,579
苗栗縣,通霄鎮,通西里,151,1068,229,348,577,30,607
苗栗縣,通霄鎮,平元里,152,1009,290,296,586,23,609
苗栗縣,通霄鎮,平元里,153,859,222,302,524,39,563
苗栗縣,通霄鎮,平安里,154,1040,261,318,579,32,611
苗栗縣,通霄鎮,平安里,155,1008,204,233,437,17,454
苗栗縣,通霄鎮,圳頭里,156,686,175,188,363,45,408
苗栗縣,通霄鎮,梅南里,157,761,216,253,469,42,511
苗栗縣,通霄鎮,梅南里,158,790,177,214,391,21,412
苗栗縣,通霄鎮,通南里,159,966,217,278,495,39,534
苗栗縣,通霄鎮,通南里,160,972,212,247,459,47,506
苗栗縣,通霄鎮,通南里,161,771,174,222,396,38,434
苗栗縣,通霄鎮,內湖里,162,758,161,185,346,16,362
苗栗縣,通霄鎮,內湖里,163,1078,221,329,550,35,585
苗栗縣,通霄鎮,楓樹里,164,459,88,100,188,15,203
苗栗縣,通霄鎮,烏眉里,165,894,159,254,413,36,449
苗栗縣,通霄鎮,福龍里,166,402,59,94,153,6,159
苗栗縣,通霄鎮,福源里,167,802,174,232,406,30,436
苗栗縣,通霄鎮,城北里,168,684,160,188,348,17,365
苗栗縣,通霄鎮,城南里,169,943,185,232,417,30,447
苗栗縣,通霄鎮,南和里,170,790,203,235,438,42,480
苗栗縣,通霄鎮,福興里,171,673,160,142,302,8,310
苗栗縣,通霄鎮,坪頂里,172,1232,258,342,600,58,658
苗栗縣,通霄鎮,五南里,173,1286,313,397,710,48,758
苗栗縣,通霄鎮,五北里,174,649,159,193,352,32,384
苗栗縣,通霄鎮,五北里,175,769,195,172,367,23,390
苗栗縣,通霄鎮,通灣里,176,1148,244,335,579,52,631
苗栗縣,通霄鎮,通灣里,177,1138,252,278,530,46,576
苗栗縣,通霄鎮,新埔里,178,1121,280,264,544,38,582
苗栗縣,通霄鎮,內島里,179,769,176,230,406,24,430
苗栗縣,通霄鎮,白東里,180,616,136,151,287,13,300
苗栗縣,通霄鎮,白東里,181,799,182,218,400,38,438
苗栗縣,通霄鎮,白西里,182,743,173,189,362,23,385
苗栗縣,苑裡鎮,苑東里,183,873,220,270,490,34,524
苗栗縣,苑裡鎮,苑東里,184,1346,331,413,744,46,790
苗栗縣,苑裡鎮,苑南里,185,951,264,340,604,30,634
苗栗縣,苑裡鎮,苑南里,186,615,176,165,341,11,352
苗栗縣,苑裡鎮,苑北里,187,878,278,239,517,42,559
苗栗縣,苑裡鎮,西平里,188,767,209,234,443,34,477
苗栗縣,苑裡鎮,西平里,189,776,230,193,423,25,448
苗栗縣,苑裡鎮,苑港里,190,1231,343,291,634,36,670
苗栗縣,苑裡鎮,西勢里,191,1145,292,364,656,38,694
苗栗縣,苑裡鎮,西勢里,192,850,211,242,453,24,477
苗栗縣,苑裡鎮,海岸里,193,1052,290,245,535,51,586
苗栗縣,苑裡鎮,房裡里,194,1114,284,321,605,34,639
苗栗縣,苑裡鎮,房裡里,195,1136,344,295,639,38,677
苗栗縣,苑裡鎮,客庄里,196,1194,274,366,640,43,683
苗栗縣,苑裡鎮,客庄里,197,1579,380,483,863,45,908
苗栗縣,苑裡鎮,客庄里,198,1149,324,357,681,32,713
苗栗縣,苑裡鎮,中正里,199,1057,302,302,604,39,643
苗栗縣,苑裡鎮,中正里,200,1101,257,304,561,24,585
苗栗縣,苑裡鎮,苑坑里,201,912,206,209,415,35,450
苗栗縣,苑裡鎮,水坡里,202,652,188,165,353,15,368
苗栗縣,苑裡鎮,新復里,203,1348,361,373,734,52,786
苗栗縣,苑裡鎮,山腳里,204,733,219,142,361,21,382
苗栗縣,苑裡鎮,山腳里,205,662,142,195,337,9,346
苗栗縣,苑裡鎮,舊社里,206,893,220,264,484,35,519
苗栗縣,苑裡鎮,舊社里,207,910,237,274,511,36,547
苗栗縣,苑裡鎮,福田里,208,1270,313,342,655,55,710
苗栗縣,苑裡鎮,石鎮里,209,545,130,149,279,18,297
苗栗縣,苑裡鎮,蕉埔里,210,792,182,266,448,55,503
苗栗縣,苑裡鎮,南勢里,211,726,192,198,390,28,418
苗栗縣,苑裡鎮,泰田里,212,827,179,181,360,13,373
苗栗縣,苑裡鎮,泰田里,213,782,204,231,435,34,469
苗栗縣,苑裡鎮,上?里,214,788,190,218,408,33,441
苗栗縣,苑裡鎮,上?里,215,846,211,236,447,23,470
苗栗縣,苑裡鎮,玉田里,216,828,198,271,469,36,505
苗栗縣,苑裡鎮,玉田里,217,943,220,289,509,42,551
苗栗縣,苑裡鎮,社苓里,218,1082,276,350,626,27,653
苗栗縣,苑裡鎮,社苓里,219,1234,346,360,706,44,750
苗栗縣,苑裡鎮,山柑里,220,1434,318,422,740,50,790
苗栗縣,苑裡鎮,田心里,221,987,253,288,541,35,576
苗栗縣,苑裡鎮,田心里,222,882,290,249,539,30,569
苗栗縣,後龍鎮,南龍里,223,590,141,184,325,23,348
苗栗縣,後龍鎮,南龍里,224,883,263,261,524,35,559
苗栗縣,後龍鎮,中龍里,225,793,230,248,478,27,505
苗栗縣,後龍鎮,北龍里,226,732,206,221,427,15,442
苗栗縣,後龍鎮,北龍里,227,592,171,167,338,30,368
苗栗縣,後龍鎮,大庄里,228,1113,265,367,632,32,664
苗栗縣,後龍鎮,大庄里,229,1195,286,358,644,33,677
苗栗縣,後龍鎮,大庄里,230,997,243,333,576,42,618
苗栗縣,後龍鎮,大庄里,231,913,211,237,448,25,473
苗栗縣,後龍鎮,東明里,232,641,145,169,314,25,339
苗栗縣,後龍鎮,東明里,233,848,191,229,420,32,452
苗栗縣,後龍鎮,灣寶里,234,1264,290,359,649,52,701
苗栗縣,後龍鎮,海寶里,235,965,226,242,468,38,506
苗栗縣,後龍鎮,豐富里,236,1216,302,495,797,54,851
苗栗縣,後龍鎮,校椅里,237,977,223,283,506,27,533
苗栗縣,後龍鎮,埔頂里,238,943,203,239,442,35,477
苗栗縣,後龍鎮,埔頂里,239,910,226,260,486,40,526
苗栗縣,後龍鎮,埔頂里,240,851,200,246,446,28,474
苗栗縣,後龍鎮,新民里,241,725,206,233,439,20,459
苗栗縣,後龍鎮,新民里,242,650,148,207,355,34,389
苗栗縣,後龍鎮,復興里,243,706,173,171,344,24,368
苗栗縣,後龍鎮,大山里,244,748,178,222,400,37,437
苗栗縣,後龍鎮,大山里,245,801,170,171,341,35,376
苗栗縣,後龍鎮,溪洲里,246,1107,260,334,594,32,626
苗栗縣,後龍鎮,溪洲里,247,1197,275,331,606,44,650
苗栗縣,後龍鎮,外埔里,248,1036,192,306,498,32,530
苗栗縣,後龍鎮,海埔里,249,913,192,216,408,28,436
苗栗縣,後龍鎮,秀水里,250,719,209,200,409,31,440
苗栗縣,後龍鎮,水尾里,251,1037,260,289,549,50,599
苗栗縣,後龍鎮,龍津里,252,601,145,150,295,14,309
苗栗縣,後龍鎮,龍坑里,253,1269,266,288,554,32,586
苗栗縣,後龍鎮,福寧里,254,735,161,193,354,25,379
苗栗縣,後龍鎮,中和里,255,422,67,71,138,13,151
苗栗縣,後龍鎮,中和里,256,625,147,187,334,21,355
苗栗縣,後龍鎮,南港里,257,1234,245,298,543,31,574
苗栗縣,造橋鄉,造橋村,258,1171,257,452,709,60,769
苗栗縣,造橋鄉,造橋村,259,889,156,341,497,32,529
苗栗縣,造橋鄉,平興村,260,479,67,150,217,20,237
苗栗縣,造橋鄉,豐湖村,261,1024,207,366,573,29,602
苗栗縣,造橋鄉,大西村,262,1214,248,353,601,55,656
苗栗縣,造橋鄉,大西村,263,1071,185,349,534,28,562
苗栗縣,造橋鄉,大西村,264,1157,211,340,551,58,609
苗栗縣,造橋鄉,錦水村,265,512,103,177,280,17,297
苗栗縣,造橋鄉,大龍村,266,491,103,193,296,14,310
苗栗縣,造橋鄉,朝陽村,267,1272,296,429,725,42,767
苗栗縣,造橋鄉,談文村,268,785,175,245,420,34,454
苗栗縣,造橋鄉,龍昇村,269,962,273,284,557,78,635
苗栗縣,竹南鎮,竹南里,270,1086,285,337,622,28,650
苗栗縣,竹南鎮,竹南里,271,826,170,293,463,26,489
苗栗縣,竹南鎮,照南里,272,1051,245,293,538,23,561
苗栗縣,竹南鎮,照南里,273,1235,268,447,715,21,736
苗栗縣,竹南鎮,照南里,274,1016,286,299,585,35,620
苗栗縣,竹南鎮,正南里,275,1472,344,410,754,46,800
苗栗縣,竹南鎮,正南里,276,1301,282,337,619,27,646
苗栗縣,竹南鎮,新南里,277,1544,314,447,761,25,786
苗栗縣,竹南鎮,新南里,278,1512,321,487,808,22,830
苗栗縣,竹南鎮,新南里,279,1463,319,436,755,25,780
苗栗縣,竹南鎮,大厝里,280,1073,236,314,550,23,573
苗栗縣,竹南鎮,大厝里,281,1453,302,509,811,28,839
苗栗縣,竹南鎮,大厝里,282,1245,290,441,731,26,757
苗栗縣,竹南鎮,大厝里,283,1487,306,555,861,28,889
苗栗縣,竹南鎮,營盤里,284,1018,178,394,572,30,602
苗栗縣,竹南鎮,營盤里,285,1105,267,367,634,25,659
苗栗縣,竹南鎮,營盤里,286,1322,296,380,676,26,702
苗栗縣,竹南鎮,聖福里,287,1140,244,391,635,25,660
苗栗縣,竹南鎮,聖福里,288,1067,223,402,625,30,655
苗栗縣,竹南鎮,聖福里,289,1136,281,399,680,41,721
苗栗縣,竹南鎮,竹興里,290,1253,250,370,620,35,655
苗栗縣,竹南鎮,竹興里,291,963,220,255,475,39,514
苗栗縣,竹南鎮,竹興里,292,1021,255,265,520,37,557
苗栗縣,竹南鎮,龍山里,293,1154,259,404,663,30,693
苗栗縣,竹南鎮,龍山里,294,1042,251,325,576,25,601
苗栗縣,竹南鎮,天文里,295,1293,265,456,721,25,746
苗栗縣,竹南鎮,天文里,296,816,186,301,487,7,494
苗栗縣,竹南鎮,龍鳳里,297,989,229,296,525,36,561
苗栗縣,竹南鎮,龍鳳里,298,1122,242,402,644,35,679
苗栗縣,竹南鎮,山佳里,299,1111,198,293,491,32,523
苗栗縣,竹南鎮,山佳里,300,1036,231,356,587,31,618
苗栗縣,竹南鎮,山佳里,301,1112,191,349,540,20,560
苗栗縣,竹南鎮,山佳里,302,1348,269,419,688,17,705
苗栗縣,竹南鎮,佳興里,303,1114,321,320,641,11,652
苗栗縣,竹南鎮,佳興里,304,1119,252,381,633,41,674
苗栗縣,竹南鎮,佳興里,305,878,163,305,468,31,499
苗栗縣,竹南鎮,中港里,306,1059,253,365,618,40,658
苗栗縣,竹南鎮,中華里,307,869,229,263,492,29,521
苗栗縣,竹南鎮,中華里,308,800,179,244,423,29,452
苗栗縣,竹南鎮,中華里,309,1165,298,382,680,30,710
苗栗縣,竹南鎮,中英里,310,791,192,243,435,28,463
苗栗縣,竹南鎮,中英里,311,677,155,212,367,17,384
苗栗縣,竹南鎮,中美里,312,797,212,269,481,38,519
苗栗縣,竹南鎮,中美里,313,1191,252,388,640,19,659
苗栗縣,竹南鎮,開元里,314,1027,222,301,523,17,540
苗栗縣,竹南鎮,海口里,315,1341,298,452,750,44,794
苗栗縣,竹南鎮,海口里,316,1378,277,389,666,37,703
苗栗縣,竹南鎮,海口里,317,1216,267,389,656,29,685
苗栗縣,竹南鎮,港墘里,318,1570,322,491,813,26,839
苗栗縣,竹南鎮,港墘里,319,538,154,158,312,23,335
苗栗縣,竹南鎮,公?里,320,1166,191,344,535,22,557
苗栗縣,竹南鎮,大埔里,321,1488,214,554,768,23,791
苗栗縣,竹南鎮,大埔里,322,1449,302,402,704,36,740
苗栗縣,竹南鎮,大埔里,323,1182,276,347,623,42,665
苗栗縣,竹南鎮,頂埔里,324,1175,283,338,621,50,671
苗栗縣,竹南鎮,頂埔里,325,983,251,292,543,30,573
苗栗縣,竹南鎮,崎頂里,326,492,112,181,293,16,309
苗栗縣,竹南鎮,崎頂里,327,1074,255,336,591,32,623
苗栗縣,竹南鎮,崎頂里,328,852,246,204,450,29,479
苗栗縣,竹南鎮,崎頂里,329,1297,274,401,675,27,702
苗栗縣,竹南鎮,公義里,330,1028,221,304,525,34,559
苗栗縣,頭份市,流東里,331,915,195,272,467,30,497
苗栗縣,頭份市,流東里,332,1292,253,449,702,35,737
苗栗縣,頭份市,珊湖里,333,928,192,335,527,26,553
苗栗縣,頭份市,珊湖里,334,835,152,270,422,12,434
苗栗縣,頭份市,斗煥里,335,1070,218,341,559,28,587
苗栗縣,頭份市,斗煥里,336,879,153,284,437,21,458
苗栗縣,頭份市,斗煥里,337,1039,212,293,505,32,537
苗栗縣,頭份市,新華里,338,1129,230,388,618,41,659
苗栗縣,頭份市,新華里,339,1041,215,339,554,20,574
苗栗縣,頭份市,新華里,340,1546,221,520,741,52,793
苗栗縣,頭份市,興隆里,341,935,199,357,556,30,586
苗栗縣,頭份市,興隆里,342,1180,221,366,587,30,617
苗栗縣,頭份市,興隆里,343,1499,239,505,744,27,771
苗栗縣,頭份市,興隆里,344,747,154,242,396,12,408
苗栗縣,頭份市,上埔里,345,1406,236,504,740,28,768
苗栗縣,頭份市,上埔里,346,1193,215,410,625,48,673
苗栗縣,頭份市,土牛里,347,948,212,314,526,32,558
苗栗縣,頭份市,頭份里,348,869,144,298,442,26,468
苗栗縣,頭份市,頭份里,349,1142,212,427,639,27,666
苗栗縣,頭份市,頭份里,350,1286,263,432,695,18,713
苗栗縣,頭份市,忠孝里,351,903,172,339,511,29,540
苗栗縣,頭份市,忠孝里,352,1186,218,485,703,35,738
苗栗縣,頭份市,忠孝里,353,1016,194,382,576,21,597
苗栗縣,頭份市,自強里,354,985,205,330,535,27,562
苗栗縣,頭份市,自強里,355,1037,189,350,539,27,566
苗栗縣,頭份市,信義里,356,947,160,284,444,20,464
苗栗縣,頭份市,仁愛里,357,890,187,319,506,14,520
苗栗縣,頭份市,仁愛里,358,646,159,226,385,24,409
苗栗縣,頭份市,上興里,359,975,185,354,539,43,582
苗栗縣,頭份市,上興里,360,1015,154,229,383,17,400
苗栗縣,頭份市,下興里,361,1399,314,503,817,48,865
苗栗縣,頭份市,下興里,362,1143,237,396,633,56,689
苗栗縣,頭份市,和平里,363,1030,222,402,624,47,671
苗栗縣,頭份市,山下里,364,1338,247,494,741,35,776
苗栗縣,頭份市,山下里,365,1450,265,501,766,17,783
苗栗縣,頭份市,山下里,366,1042,199,392,591,19,610
苗栗縣,頭份市,後庄里,367,1326,252,519,771,26,797
苗栗縣,頭份市,後庄里,368,1270,267,508,775,28,803
苗栗縣,頭份市,後庄里,369,1288,301,407,708,22,730
苗栗縣,頭份市,合興里,370,1243,355,346,701,37,738
苗栗縣,頭份市,合興里,371,1280,259,474,733,22,755
苗栗縣,頭份市,文化里,372,1618,321,551,872,40,912
苗栗縣,頭份市,文化里,373,1759,330,590,920,31,951
苗栗縣,頭份市,中興里,374,1264,217,502,719,35,754
苗栗縣,頭份市,中興里,375,1326,293,460,753,15,768
苗栗縣,頭份市,蟠桃里,376,1551,313,564,877,25,902
苗栗縣,頭份市,蟠桃里,377,1574,260,517,777,34,811
苗栗縣,頭份市,建國里,378,1262,263,425,688,43,731
苗栗縣,頭份市,建國里,379,1171,219,435,654,36,690
苗栗縣,頭份市,建國里,380,1074,231,435,666,30,696
苗栗縣,頭份市,成功里,381,1141,246,416,662,31,693
苗栗縣,頭份市,成功里,382,1259,264,443,707,25,732
苗栗縣,頭份市,成功里,383,1186,199,425,624,30,654
苗栗縣,頭份市,民族里,384,1121,202,363,565,19,584
苗栗縣,頭份市,民族里,385,847,163,309,472,13,485
苗栗縣,頭份市,民權里,386,993,220,354,574,26,600
苗栗縣,頭份市,民權里,387,1055,200,347,547,23,570
苗栗縣,頭份市,東庄里,388,1655,260,545,805,32,837
苗栗縣,頭份市,東庄里,389,1799,336,620,956,34,990
苗栗縣,頭份市,田寮里,390,1141,218,420,638,25,663
苗栗縣,頭份市,田寮里,391,1431,283,469,752,31,783
苗栗縣,頭份市,田寮里,392,1412,248,402,650,20,670
苗栗縣,頭份市,民生里,393,1074,202,329,531,34,565
苗栗縣,頭份市,民生里,394,1245,262,449,711,31,742
苗栗縣,頭份市,蘆竹里,395,1344,325,438,763,49,812
苗栗縣,頭份市,尖山里,396,1363,288,520,808,35,843
苗栗縣,頭份市,廣興里,397,898,171,375,546,32,578
苗栗縣,頭份市,尖下里,398,1182,240,431,671,47,718
苗栗縣,頭份市,尖下里,399,1413,248,501,749,38,787
苗栗縣,頭份市,濫坑里,400,991,216,369,585,32,617
苗栗縣,頭份市,濫坑里,401,1180,231,421,652,44,696
苗栗縣,三灣鄉,三灣村,402,996,181,386,567,30,597
苗栗縣,三灣鄉,三灣村,403,1205,271,382,653,41,694
苗栗縣,三灣鄉,內灣村,404,635,117,240,357,30,387
苗栗縣,三灣鄉,銅鏡村,405,862,138,327,465,32,497
苗栗縣,三灣鄉,頂寮村,406,238,46,61,107,11,118
苗栗縣,三灣鄉,北埔村,407,541,115,157,272,24,296
苗栗縣,三灣鄉,大河村,408,578,104,176,280,23,303
苗栗縣,三灣鄉,大坪村,409,405,96,164,260,19,279
苗栗縣,三灣鄉,永和村,410,392,79,133,212,10,222
苗栗縣,南庄鄉,東村,411,1155,217,369,586,55,641
苗栗縣,南庄鄉,西村,412,650,117,220,337,39,376
苗栗縣,南庄鄉,南江村,413,1353,250,397,647,53,700
苗栗縣,南庄鄉,田美村,414,813,126,204,330,25,355
苗栗縣,南庄鄉,獅山村,415,837,137,198,335,29,364
苗栗縣,南庄鄉,南富村,416,1093,157,371,528,45,573
苗栗縣,南庄鄉,員林村,417,1048,231,313,544,29,573
苗栗縣,南庄鄉,蓬萊村,418,872,169,257,426,22,448
苗栗縣,南庄鄉,東河村,419,963,103,210,313,8,321
苗栗縣,大湖鄉,大湖村,420,744,115,265,380,28,408
苗栗縣,大湖鄉,大湖村,421,881,156,305,461,26,487
苗栗縣,大湖鄉,明湖村,422,596,108,201,309,29,338
苗栗縣,大湖鄉,大寮村,423,1260,202,399,601,52,653
苗栗縣,大湖鄉,靜湖村,424,867,130,301,431,28,459
苗栗縣,大湖鄉,靜湖村,425,923,138,350,488,27,515
苗栗縣,大湖鄉,富興村,426,1395,272,419,691,45,736
苗栗縣,大湖鄉,大南村,427,561,80,118,198,13,211
苗栗縣,大湖鄉,南湖村,428,638,133,227,360,15,375
苗栗縣,大湖鄉,東興村,429,754,164,224,388,24,412
苗栗縣,大湖鄉,武榮村,430,501,84,160,244,7,251
苗栗縣,大湖鄉,義和村,431,652,131,211,342,20,362
苗栗縣,大湖鄉,義和村,432,843,158,240,398,20,418
苗栗縣,大湖鄉,栗林村,433,1020,206,344,550,32,582
苗栗縣,大湖鄉,新開村,434,1018,207,336,543,36,579
苗栗縣,獅潭鄉,百壽村,435,328,34,92,126,6,132
苗栗縣,獅潭鄉,永興村,436,565,81,149,230,22,252
苗栗縣,獅潭鄉,新店村,437,911,177,306,483,39,522
苗栗縣,獅潭鄉,和興村,438,568,108,147,255,18,273
苗栗縣,獅潭鄉,豐林村,439,580,106,212,318,25,343
苗栗縣,獅潭鄉,新豐村,440,333,58,105,163,10,173
苗栗縣,獅潭鄉,竹木村,441,683,111,229,340,18,358
苗栗縣,卓蘭鎮,老庄里,442,961,233,336,569,28,597
苗栗縣,卓蘭鎮,老庄里,443,1017,255,301,556,27,583
苗栗縣,卓蘭鎮,新榮里,444,1095,304,364,668,38,706
苗栗縣,卓蘭鎮,中街里,445,745,187,269,456,16,472
苗栗縣,卓蘭鎮,新厝里,446,783,176,249,425,9,434
苗栗縣,卓蘭鎮,新厝里,447,745,151,219,370,17,387
苗栗縣,卓蘭鎮,豐田里,448,999,244,282,526,15,541
苗栗縣,卓蘭鎮,西坪里,449,671,167,226,393,27,420
苗栗縣,卓蘭鎮,苗豐里,450,734,207,253,460,33,493
苗栗縣,卓蘭鎮,上新里,451,865,204,309,513,28,541
苗栗縣,卓蘭鎮,上新里,452,828,230,271,501,25,526
苗栗縣,卓蘭鎮,上新里,453,386,102,131,233,13,246
苗栗縣,卓蘭鎮,內灣里,454,688,189,225,414,30,444
苗栗縣,卓蘭鎮,內灣里,455,792,233,246,479,15,494
苗栗縣,卓蘭鎮,內灣里,456,729,171,245,416,19,435
苗栗縣,卓蘭鎮,坪林里,457,1093,249,272,521,24,545
苗栗縣,卓蘭鎮,坪林里,458,615,141,215,356,9,365
苗栗縣,卓蘭鎮,西坪里,459,86,13,37,50,0,50
苗栗縣,卓蘭鎮,景山里,460,940,202,315,517,10,527
苗栗縣,泰安鄉,八卦村,461,325,44,104,148,11,159
苗栗縣,泰安鄉,錦水村,462,484,99,175,274,15,289
苗栗縣,泰安鄉,錦水村,463,666,160,295,455,32,487
苗栗縣,泰安鄉,清安村,464,574,115,241,356,34,390
苗栗縣,泰安鄉,清安村,465,333,50,120,170,6,176
苗栗縣,泰安鄉,大興村,466,495,77,257,334,11,345
苗栗縣,泰安鄉,中興村,467,544,175,186,361,34,395
苗栗縣,泰安鄉,梅園村,468,500,89,152,241,17,258
苗栗縣,泰安鄉,象鼻村,469,670,159,284,443,37,480
苗栗縣,泰安鄉,士林村,470,589,110,344,454,5,459
彰化縣,彰化市,桃源里,1,871,230,279,509,34,543
彰化縣,彰化市,桃源里,2,751,150,184,334,34,368
彰化縣,彰化市,桃源里,3,923,249,331,580,32,612
彰化縣,彰化市,東興里,4,779,235,223,458,27,485
彰化縣,彰化市,東興里,5,779,204,256,460,22,482
彰化縣,彰化市,華北里,6,720,194,217,411,23,434
彰化縣,彰化市,華北里,7,749,204,229,433,21,454
彰化縣,彰化市,華陽里,8,767,182,284,466,35,501
彰化縣,彰化市,華陽里,9,1047,298,341,639,20,659
彰化縣,彰化市,大同里,10,1027,277,301,578,21,599
彰化縣,彰化市,永生里,11,1249,315,375,690,32,722
彰化縣,彰化市,建寶里,12,1136,271,372,643,38,681
彰化縣,彰化市,建寶里,13,1169,283,419,702,31,733
彰化縣,彰化市,光南里,14,766,230,240,470,16,486
彰化縣,彰化市,光南里,15,643,168,207,375,11,386
彰化縣,彰化市,介壽里,16,1251,246,456,702,47,749
彰化縣,彰化市,介壽里,17,1301,219,269,488,22,510
彰化縣,彰化市,延平里,18,1280,330,415,745,24,769
彰化縣,彰化市,延平里,19,1179,305,391,696,31,727
彰化縣,彰化市,延平里,20,1168,273,389,662,31,693
彰化縣,彰化市,延平里,21,1218,364,328,692,26,718
彰化縣,彰化市,延平里,22,1351,359,509,868,18,886
彰化縣,彰化市,延平里,23,1204,362,343,705,26,731
彰化縣,彰化市,延平里,24,1189,301,406,707,17,724
彰化縣,彰化市,延和里,25,1207,279,393,672,27,699
彰化縣,彰化市,延和里,26,1161,284,387,671,31,702
彰化縣,彰化市,延和里,27,1166,333,318,651,15,666
彰化縣,彰化市,延和里,28,1362,297,498,795,43,838
彰化縣,彰化市,南興里,29,1236,347,388,735,31,766
彰化縣,彰化市,南興里,30,1065,283,334,617,27,644
彰化縣,彰化市,南興里,31,1199,319,379,698,30,728
彰化縣,彰化市,南興里,32,1233,328,392,720,26,746
彰化縣,彰化市,南興里,33,1245,304,403,707,17,724
彰化縣,彰化市,南興里,34,1153,317,368,685,23,708
彰化縣,彰化市,南瑤里,35,1045,245,327,572,21,593
彰化縣,彰化市,南瑤里,36,1097,277,352,629,15,644
彰化縣,彰化市,南瑤里,37,1190,312,360,672,27,699
彰化縣,彰化市,南瑤里,38,1106,309,363,672,22,694
彰化縣,彰化市,南瑤里,39,1097,292,353,645,19,664
彰化縣,彰化市,南瑤里,40,1048,319,298,617,31,648
彰化縣,彰化市,南瑤里,41,980,290,299,589,28,617
彰化縣,彰化市,成功里,42,707,212,220,432,19,451
彰化縣,彰化市,成功里,43,809,232,233,465,28,493
彰化縣,彰化市,福安里,44,1008,292,307,599,38,637
彰化縣,彰化市,西安里,45,901,229,255,484,34,518
彰化縣,彰化市,西安里,46,951,232,297,529,24,553
彰化縣,彰化市,西安里,47,1076,276,344,620,31,651
彰化縣,彰化市,彰安里,48,1022,282,287,569,20,589
彰化縣,彰化市,彰安里,49,894,253,258,511,37,548
彰化縣,彰化市,彰安里,50,1016,291,323,614,23,637
彰化縣,彰化市,中央里,51,771,254,230,484,20,504
彰化縣,彰化市,富貴里,52,868,270,233,503,39,542
彰化縣,彰化市,民權里,53,1135,322,328,650,38,688
彰化縣,彰化市,萬壽里,54,910,303,240,543,35,578
彰化縣,彰化市,長樂里,55,1004,343,283,626,20,646
彰化縣,彰化市,西興里,56,1077,314,333,647,31,678
彰化縣,彰化市,西興里,57,1258,334,464,798,29,827
彰化縣,彰化市,西興里,58,1025,483,155,638,22,660
彰化縣,彰化市,西勢里,59,1177,301,412,713,35,748
彰化縣,彰化市,西勢里,60,1262,280,399,679,44,723
彰化縣,彰化市,西勢里,61,1209,293,440,733,42,775
彰化縣,彰化市,忠權里,62,1041,290,339,629,30,659
彰化縣,彰化市,忠權里,63,1075,355,289,644,34,678
彰化縣,彰化市,忠權里,64,1029,213,357,570,25,595
彰化縣,彰化市,忠孝里,65,1203,307,356,663,49,712
彰化縣,彰化市,五權里,66,1014,242,316,558,33,591
彰化縣,彰化市,五權里,67,1069,272,347,619,28,647
彰化縣,彰化市,五權里,68,969,233,263,496,25,521
彰化縣,彰化市,五權里,69,1105,248,320,568,25,593
彰化縣,彰化市,平和里,70,981,237,366,603,31,634
彰化縣,彰化市,平和里,71,1095,302,353,655,40,695
彰化縣,彰化市,平和里,72,1087,274,384,658,18,676
彰化縣,彰化市,平和里,73,1050,282,279,561,85,646
彰化縣,彰化市,崙平里,74,1252,323,400,723,33,756
彰化縣,彰化市,崙平里,75,1113,296,317,613,24,637
彰化縣,彰化市,崙平里,76,1009,267,345,612,21,633
彰化縣,彰化市,崙平里,77,999,233,319,552,29,581
彰化縣,彰化市,崙平里,78,997,246,336,582,13,595
彰化縣,彰化市,向陽里,79,1145,272,443,715,31,746
彰化縣,彰化市,向陽里,80,1227,313,408,721,17,738
彰化縣,彰化市,向陽里,81,1208,309,422,731,27,758
彰化縣,彰化市,向陽里,82,1598,247,651,898,32,930
彰化縣,彰化市,莿桐里,83,890,235,289,524,28,552
彰化縣,彰化市,莿桐里,84,1104,309,384,693,21,714
彰化縣,彰化市,莿桐里,85,1097,279,326,605,26,631
彰化縣,彰化市,南美里,86,799,215,235,450,27,477
彰化縣,彰化市,南美里,87,1000,236,353,589,34,623
彰化縣,彰化市,南安里,88,1153,293,345,638,45,683
彰化縣,彰化市,南安里,89,977,256,303,559,44,603
彰化縣,彰化市,東芳里,90,1201,338,334,672,33,705
彰化縣,彰化市,東芳里,91,1057,328,311,639,37,676
彰化縣,彰化市,東芳里,92,1238,317,377,694,39,733
彰化縣,彰化市,磚?里,93,1210,306,416,722,25,747
彰化縣,彰化市,磚?里,94,1026,249,350,599,39,638
彰化縣,彰化市,磚?里,95,1061,282,375,657,36,693
彰化縣,彰化市,卦山里,96,1213,327,366,693,34,727
彰化縣,彰化市,卦山里,97,1264,312,426,738,31,769
彰化縣,彰化市,光復里,98,691,249,183,432,34,466
彰化縣,彰化市,永福里,99,893,280,265,545,35,580
彰化縣,彰化市,光華里,100,733,216,222,438,21,459
彰化縣,彰化市,中正里,101,692,219,203,422,28,450
彰化縣,彰化市,中正里,102,728,202,212,414,20,434
彰化縣,彰化市,中山里,103,773,209,269,478,26,504
彰化縣,彰化市,龍山里,104,975,223,296,519,18,537
彰化縣,彰化市,龍山里,105,908,242,294,536,25,561
彰化縣,彰化市,新興里,106,1156,339,351,690,7,697
彰化縣,彰化市,新興里,107,1235,336,385,721,37,758
彰化縣,彰化市,新興里,108,1376,311,432,743,37,780
彰化縣,彰化市,新興里,109,1389,315,457,772,12,784
彰化縣,彰化市,新華里,110,846,245,289,534,28,562
彰化縣,彰化市,新華里,111,859,237,301,538,25,563
彰化縣,彰化市,興北里,112,781,207,261,468,17,485
彰化縣,彰化市,興北里,113,875,241,257,498,26,524
彰化縣,彰化市,信義里,114,816,240,232,472,18,490
彰化縣,彰化市,民生里,115,687,217,199,416,26,442
彰化縣,彰化市,民生里,116,727,206,242,448,29,477
彰化縣,彰化市,文化里,117,662,184,232,416,14,430
彰化縣,彰化市,文化里,118,633,180,211,391,21,412
彰化縣,彰化市,陽明里,119,906,264,308,572,18,590
彰化縣,彰化市,陽明里,120,853,224,249,473,28,501
彰化縣,彰化市,萬安里,121,1027,273,336,609,36,645
彰化縣,彰化市,萬安里,122,993,233,374,607,33,640
彰化縣,彰化市,萬安里,123,848,242,252,494,32,526
彰化縣,彰化市,萬安里,124,1118,297,396,693,17,710
彰化縣,彰化市,下?里,125,1263,304,425,729,46,775
彰化縣,彰化市,下?里,126,1268,349,424,773,33,806
彰化縣,彰化市,下?里,127,1258,345,388,733,37,770
彰化縣,彰化市,下?里,128,1212,328,414,742,20,762
彰化縣,彰化市,茄苳里,129,924,236,300,536,39,575
彰化縣,彰化市,茄南里,130,939,267,306,573,29,602
彰化縣,彰化市,茄南里,131,953,302,308,610,37,647
彰化縣,彰化市,茄南里,132,981,249,375,624,25,649
彰化縣,彰化市,寶?里,133,1249,291,453,744,52,796
彰化縣,彰化市,古夷里,134,817,235,246,481,36,517
彰化縣,彰化市,古夷里,135,872,229,263,492,42,534
彰化縣,彰化市,古夷里,136,689,160,232,392,15,407
彰化縣,彰化市,阿夷里,137,1156,279,426,705,31,736
彰化縣,彰化市,阿夷里,138,1291,288,436,724,21,745
彰化縣,彰化市,阿夷里,139,1139,253,400,653,23,676
彰化縣,彰化市,阿夷里,140,1125,251,409,660,41,701
彰化縣,彰化市,阿夷里,141,1258,235,449,684,40,724
彰化縣,彰化市,阿夷里,142,1123,282,362,644,24,668
彰化縣,彰化市,阿夷里,143,1175,279,391,670,32,702
彰化縣,彰化市,和調里,144,862,258,291,549,24,573
彰化縣,彰化市,和調里,145,872,244,266,510,18,528
彰化縣,彰化市,和調里,146,897,224,340,564,17,581
彰化縣,彰化市,復興里,147,1003,236,308,544,25,569
彰化縣,彰化市,復興里,148,915,228,284,512,20,532
彰化縣,彰化市,復興里,149,1158,276,358,634,34,668
彰化縣,彰化市,復興里,150,1084,285,364,649,38,687
彰化縣,彰化市,中庄里,151,1372,351,393,744,38,782
彰化縣,彰化市,中庄里,152,1113,297,358,655,25,680
彰化縣,彰化市,竹中里,153,800,205,274,479,27,506
彰化縣,彰化市,竹中里,154,885,251,258,509,34,543
彰化縣,彰化市,香山里,155,1000,275,342,617,22,639
彰化縣,彰化市,香山里,156,1159,312,329,641,26,667
彰化縣,彰化市,香山里,157,1123,286,334,620,26,646
彰化縣,彰化市,牛埔里,158,907,271,279,550,43,593
彰化縣,彰化市,牛埔里,159,989,220,312,532,41,573
彰化縣,彰化市,牛埔里,160,1012,273,325,598,42,640
彰化縣,彰化市,台鳳里,161,1033,214,346,560,10,570
彰化縣,彰化市,台鳳里,162,1116,269,287,556,27,583
彰化縣,彰化市,台鳳里,163,1154,231,456,687,29,716
彰化縣,彰化市,台鳳里,164,1064,259,375,634,29,663
彰化縣,彰化市,國聖里,165,770,222,244,466,37,503
彰化縣,彰化市,國聖里,166,889,260,270,530,27,557
彰化縣,彰化市,國聖里,167,786,207,259,466,37,503
彰化縣,彰化市,福山里,168,1120,267,320,587,31,618
彰化縣,彰化市,福山里,169,1269,289,375,664,27,691
彰化縣,彰化市,福山里,170,1159,322,361,683,31,714
彰化縣,彰化市,福山里,171,1184,336,347,683,43,726
彰化縣,彰化市,福山里,172,1089,286,325,611,25,636
彰化縣,彰化市,福山里,173,968,262,312,574,31,605
彰化縣,彰化市,安溪里,174,930,239,295,534,15,549
彰化縣,彰化市,安溪里,175,973,255,337,592,16,608
彰化縣,彰化市,三村里,176,1184,265,340,605,18,623
彰化縣,彰化市,大竹里,177,1002,265,309,574,43,617
彰化縣,彰化市,大竹里,178,1148,264,362,626,28,654
彰化縣,彰化市,大竹里,179,1112,281,333,614,32,646
彰化縣,彰化市,田中里,180,907,243,363,606,24,630
彰化縣,彰化市,快官里,181,1112,286,357,643,40,683
彰化縣,彰化市,竹巷里,182,823,238,203,441,23,464
彰化縣,彰化市,福田里,183,1276,353,364,717,48,765
彰化縣,彰化市,石牌里,184,1161,281,361,642,27,669
彰化縣,花壇鄉,花壇村,185,901,225,280,505,42,547
彰化縣,花壇鄉,花壇村,186,1042,274,346,620,31,651
彰化縣,花壇鄉,花壇村,187,1314,297,396,693,14,707
彰化縣,花壇鄉,金墩村,188,808,208,273,481,24,505
彰化縣,花壇鄉,金墩村,189,1019,268,283,551,39,590
彰化縣,花壇鄉,中庄村,190,1144,324,313,637,75,712
彰化縣,花壇鄉,中庄村,191,1240,275,407,682,60,742
彰化縣,花壇鄉,崙雅村,192,1425,353,462,815,67,882
彰化縣,花壇鄉,劉厝村,193,1095,291,360,651,51,702
彰化縣,花壇鄉,南口村,194,910,236,289,525,26,551
彰化縣,花壇鄉,南口村,195,982,264,300,564,32,596
彰化縣,花壇鄉,北口村,196,1070,271,338,609,13,622
彰化縣,花壇鄉,北口村,197,700,175,190,365,20,385
彰化縣,花壇鄉,中口村,198,764,217,261,478,30,508
彰化縣,花壇鄉,文德村,199,953,253,314,567,40,607
彰化縣,花壇鄉,文德村,200,974,213,325,538,19,557
彰化縣,花壇鄉,文德村,201,1111,267,337,604,44,648
彰化縣,花壇鄉,白沙村,202,1101,215,406,621,53,674
彰化縣,花壇鄉,白沙村,203,1110,228,347,575,43,618
彰化縣,花壇鄉,白沙村,204,1262,292,393,685,51,736
彰化縣,花壇鄉,白沙村,205,1103,280,350,630,21,651
彰化縣,花壇鄉,岩竹村,206,1347,306,343,649,111,760
彰化縣,花壇鄉,長沙村,207,1169,246,364,610,30,640
彰化縣,花壇鄉,長沙村,208,1274,329,407,736,32,768
彰化縣,花壇鄉,長沙村,209,1280,272,485,757,38,795
彰化縣,花壇鄉,長沙村,210,1244,289,387,676,45,721
彰化縣,花壇鄉,橋頭村,211,1159,370,269,639,45,684
彰化縣,花壇鄉,橋頭村,212,1042,265,365,630,30,660
彰化縣,花壇鄉,橋頭村,213,1111,271,321,592,35,627
彰化縣,花壇鄉,灣雅村,214,893,229,304,533,39,572
彰化縣,花壇鄉,灣東村,215,953,220,305,525,43,568
彰化縣,花壇鄉,三春村,216,987,258,268,526,32,558
彰化縣,花壇鄉,三春村,217,925,267,304,571,40,611
彰化縣,花壇鄉,永春村,218,951,318,198,516,38,554
彰化縣,花壇鄉,永春村,219,955,202,314,516,29,545
彰化縣,花壇鄉,長春村,220,895,193,296,489,20,509
彰化縣,花壇鄉,長春村,221,711,192,216,408,16,424
彰化縣,芬園鄉,舊社村,222,958,226,285,511,29,540
彰化縣,芬園鄉,舊社村,223,794,174,247,421,39,460
彰化縣,芬園鄉,大埔村,224,1415,281,397,678,75,753
彰化縣,芬園鄉,竹林村,225,927,244,301,545,28,573
彰化縣,芬園鄉,竹林村,226,831,172,266,438,36,474
彰化縣,芬園鄉,楓坑村,227,570,153,166,319,15,334
彰化縣,芬園鄉,社口村,228,1227,273,353,626,40,666
彰化縣,芬園鄉,社口村,229,1238,242,388,630,53,683
彰化縣,芬園鄉,茄荖村,230,1362,310,409,719,72,791
彰化縣,芬園鄉,茄荖村,231,989,259,308,567,32,599
彰化縣,芬園鄉,嘉興村,232,1054,261,368,629,43,672
彰化縣,芬園鄉,嘉興村,233,607,156,213,369,33,402
彰化縣,芬園鄉,芬園村,234,882,228,282,510,26,536
彰化縣,芬園鄉,縣庄村,235,1143,217,310,527,36,563
彰化縣,芬園鄉,圳墘村,236,661,141,187,328,16,344
彰化縣,芬園鄉,溪頭村,237,838,226,204,430,9,439
彰化縣,芬園鄉,溪頭村,238,847,220,216,436,17,453
彰化縣,芬園鄉,進芬村,239,987,218,329,547,45,592
彰化縣,芬園鄉,同安村,240,1217,297,306,603,50,653
彰化縣,芬園鄉,中崙村,241,865,200,211,411,42,453
彰化縣,芬園鄉,大竹村,242,996,263,218,481,39,520
彰化縣,鹿港鎮,大有里,243,1140,380,311,691,37,728
彰化縣,鹿港鎮,中興里,244,511,154,136,290,19,309
彰化縣,鹿港鎮,洛津里,245,857,217,208,425,23,448
彰化縣,鹿港鎮,順興里,246,946,273,296,569,42,611
彰化縣,鹿港鎮,埔崙里,247,945,306,239,545,23,568
彰化縣,鹿港鎮,埔崙里,248,1097,326,309,635,26,661
彰化縣,鹿港鎮,埔崙里,249,1479,350,375,725,27,752
彰化縣,鹿港鎮,埔崙里,250,1425,399,395,794,61,855
彰化縣,鹿港鎮,新宮里,251,880,298,226,524,38,562
彰化縣,鹿港鎮,玉順里,252,1183,345,297,642,30,672
彰化縣,鹿港鎮,東石里,253,1047,346,275,621,41,662
彰化縣,鹿港鎮,東石里,254,1097,337,264,601,19,620
彰化縣,鹿港鎮,東石里,255,1030,274,286,560,36,596
彰化縣,鹿港鎮,東石里,256,1161,312,347,659,22,681
彰化縣,鹿港鎮,郭厝里,257,540,151,156,307,35,342
彰化縣,鹿港鎮,永安里,258,1135,302,319,621,26,647
彰化縣,鹿港鎮,永安里,259,1155,287,347,634,41,675
彰化縣,鹿港鎮,永安里,260,1127,316,357,673,28,701
彰化縣,鹿港鎮,永安里,261,1045,310,276,586,41,627
彰化縣,鹿港鎮,景福里,262,1127,310,332,642,28,670
彰化縣,鹿港鎮,泰興里,263,1178,350,375,725,37,762
彰化縣,鹿港鎮,長興里,264,284,85,78,163,6,169
彰化縣,鹿港鎮,興化里,265,584,176,158,334,16,350
彰化縣,鹿港鎮,龍山里,266,659,322,102,424,15,439
彰化縣,鹿港鎮,菜園里,267,915,324,231,555,13,568
彰化縣,鹿港鎮,街尾里,268,1079,352,298,650,41,691
彰化縣,鹿港鎮,街尾里,269,1129,338,353,691,43,734
彰化縣,鹿港鎮,詔安里,270,1273,280,387,667,44,711
彰化縣,鹿港鎮,詔安里,271,706,168,183,351,32,383
彰化縣,鹿港鎮,海埔里,272,1137,296,277,573,59,632
彰化縣,鹿港鎮,海埔里,273,1195,306,317,623,40,663
彰化縣,鹿港鎮,海埔里,274,1225,311,317,628,38,666
彰化縣,鹿港鎮,洋厝里,275,957,261,323,584,46,630
彰化縣,鹿港鎮,洋厝里,276,758,181,198,379,29,408
彰化縣,鹿港鎮,洋厝里,277,723,235,184,419,30,449
彰化縣,鹿港鎮,草中里,278,984,218,318,536,20,556
彰化縣,鹿港鎮,草中里,279,1018,253,365,618,35,653
彰化縣,鹿港鎮,草中里,280,1165,294,321,615,31,646
彰化縣,鹿港鎮,頭南里,281,1161,257,326,583,35,618
彰化縣,鹿港鎮,頭南里,282,1020,234,298,532,32,564
彰化縣,鹿港鎮,山崙里,283,1068,275,295,570,46,616
彰化縣,鹿港鎮,山崙里,284,1024,285,313,598,39,637
彰化縣,鹿港鎮,山崙里,285,974,256,315,571,41,612
彰化縣,鹿港鎮,頂番里,286,1505,322,421,743,74,817
彰化縣,鹿港鎮,頂番里,287,1092,233,338,571,36,607
彰化縣,鹿港鎮,頂番里,288,1223,275,414,689,53,742
彰化縣,鹿港鎮,頭崙里,289,1572,288,460,748,34,782
彰化縣,鹿港鎮,頭崙里,290,1003,237,336,573,46,619
彰化縣,鹿港鎮,溝墘里,291,933,221,317,538,21,559
彰化縣,鹿港鎮,溝墘里,292,1093,320,328,648,15,663
彰化縣,鹿港鎮,溝墘里,293,907,215,286,501,16,517
彰化縣,鹿港鎮,溝墘里,294,1219,261,374,635,34,669
彰化縣,鹿港鎮,廖厝里,295,1397,346,498,844,45,889
彰化縣,鹿港鎮,廖厝里,296,1229,240,432,672,35,707
彰化縣,鹿港鎮,廖厝里,297,1444,339,446,785,20,805
彰化縣,鹿港鎮,東崎里,298,1227,296,396,692,41,733
彰化縣,鹿港鎮,東崎里,299,1187,324,363,687,29,716
彰化縣,鹿港鎮,東崎里,300,1296,372,336,708,26,734
彰化縣,鹿港鎮,東崎里,301,1451,343,378,721,38,759
彰化縣,鹿港鎮,頂厝里,302,1299,362,278,640,50,690
彰化縣,鹿港鎮,頂厝里,303,1298,364,402,766,41,807
彰化縣,鹿港鎮,頂厝里,304,1458,374,433,807,41,848
彰化縣,鹿港鎮,頂厝里,305,1138,339,325,664,33,697
彰化縣,鹿港鎮,頂厝里,306,1170,314,323,637,41,678
彰化縣,鹿港鎮,頂厝里,307,1221,327,384,711,35,746
彰化縣,福興鄉,三汴村,308,1363,369,335,704,39,743
彰化縣,福興鄉,萬豐村,309,821,207,240,447,25,472
彰化縣,福興鄉,元中村,310,1256,309,314,623,46,669
彰化縣,福興鄉,外中村,311,1166,319,263,582,58,640
彰化縣,福興鄉,外埔村,312,1464,337,395,732,41,773
彰化縣,福興鄉,大崙村,313,1251,280,352,632,32,664
彰化縣,福興鄉,番婆村,314,1465,350,399,749,33,782
彰化縣,福興鄉,番婆村,315,960,231,220,451,30,481
彰化縣,福興鄉,橋頭村,316,1323,336,339,675,45,720
彰化縣,福興鄉,橋頭村,317,1365,658,68,726,33,759
彰化縣,福興鄉,社尾村,318,1458,321,345,666,33,699
彰化縣,福興鄉,番社村,319,1492,380,390,770,34,804
彰化縣,福興鄉,西勢村,320,888,229,217,446,17,463
彰化縣,福興鄉,西勢村,321,1054,280,308,588,49,637
彰化縣,福興鄉,同安村,322,1043,227,261,488,37,525
彰化縣,福興鄉,同安村,323,1340,326,369,695,44,739
彰化縣,福興鄉,秀厝村,324,1085,248,294,542,32,574
彰化縣,福興鄉,秀厝村,325,1392,331,375,706,37,743
彰化縣,福興鄉,福興村,326,1316,356,371,727,46,773
彰化縣,福興鄉,福興村,327,1255,449,273,722,33,755
彰化縣,福興鄉,福興村,328,1101,295,360,655,28,683
彰化縣,福興鄉,福南村,329,1167,304,300,604,55,659
彰化縣,福興鄉,福南村,330,1393,309,363,672,67,739
彰化縣,福興鄉,鎮平村,331,1216,310,357,667,37,704
彰化縣,福興鄉,三和村,332,1063,300,246,546,46,592
彰化縣,福興鄉,二港村,333,1306,288,363,651,55,706
彰化縣,福興鄉,福寶村,334,1287,227,342,569,38,607
彰化縣,福興鄉,頂粘村,335,994,233,298,531,30,561
彰化縣,福興鄉,頂粘村,336,1311,272,402,674,70,744
彰化縣,福興鄉,廈粘村,337,926,221,310,531,29,560
彰化縣,福興鄉,廈粘村,338,995,248,240,488,34,522
彰化縣,福興鄉,麥厝村,339,1079,302,326,628,46,674
彰化縣,福興鄉,麥厝村,340,1150,249,300,549,63,612
彰化縣,秀水鄉,秀水村,341,1066,301,330,631,39,670
彰化縣,秀水鄉,秀水村,342,620,176,192,368,29,397
彰化縣,秀水鄉,安溪村,343,876,220,226,446,11,457
彰化縣,秀水鄉,安溪村,344,1196,357,351,708,29,737
彰化縣,秀水鄉,莊雅村,345,1369,356,402,758,34,792
彰化縣,秀水鄉,莊雅村,346,1273,322,393,715,43,758
彰化縣,秀水鄉,陝西村,347,1433,294,481,775,32,807
彰化縣,秀水鄉,金興村,348,967,229,329,558,18,576
彰化縣,秀水鄉,金興村,349,921,228,309,537,18,555
彰化縣,秀水鄉,安東村,350,689,201,212,413,21,434
彰化縣,秀水鄉,安東村,351,688,174,223,397,24,421
彰化縣,秀水鄉,安東村,352,1252,360,390,750,35,785
彰化縣,秀水鄉,安東村,353,1281,291,392,683,41,724
彰化縣,秀水鄉,鶴鳴村,354,754,168,247,415,23,438
彰化縣,秀水鄉,鶴鳴村,355,1024,275,295,570,25,595
彰化縣,秀水鄉,鶴鳴村,356,1433,306,453,759,27,786
彰化縣,秀水鄉,馬興村,357,1366,378,468,846,39,885
彰化縣,秀水鄉,馬興村,358,895,247,268,515,32,547
彰化縣,秀水鄉,義興村,359,1386,326,393,719,39,758
彰化縣,秀水鄉,福安村,360,896,246,253,499,46,545
彰化縣,秀水鄉,福安村,361,804,233,275,508,28,536
彰化縣,秀水鄉,福安村,362,827,212,284,496,25,521
彰化縣,秀水鄉,福安村,363,996,256,309,565,27,592
彰化縣,秀水鄉,福安村,364,931,263,328,591,29,620
彰化縣,秀水鄉,埔崙村,365,715,184,202,386,27,413
彰化縣,秀水鄉,埔崙村,366,1229,319,413,732,39,771
彰化縣,秀水鄉,曾厝村,367,890,193,246,439,26,465
彰化縣,秀水鄉,曾厝村,368,811,222,266,488,28,516
彰化縣,秀水鄉,金陵村,369,786,211,261,472,20,492
彰化縣,秀水鄉,金陵村,370,931,262,261,523,25,548
彰化縣,秀水鄉,下崙村,371,1265,321,390,711,59,770
彰化縣,秀水鄉,下崙村,372,824,255,194,449,27,476
彰化縣,和美鎮,竹營里,373,1341,335,371,706,38,744
彰化縣,和美鎮,竹營里,374,1480,332,403,735,39,774
彰化縣,和美鎮,竹營里,375,1529,350,500,850,28,878
彰化縣,和美鎮,竹營里,376,1711,351,492,843,27,870
彰化縣,和美鎮,和東里,377,1057,271,320,591,26,617
彰化縣,和美鎮,和東里,378,1032,281,318,599,20,619
彰化縣,和美鎮,和東里,379,1015,251,325,576,33,609
彰化縣,和美鎮,和東里,380,1209,211,490,701,35,736
彰化縣,和美鎮,和南里,381,430,107,129,236,15,251
彰化縣,和美鎮,和北里,382,856,218,245,463,19,482
彰化縣,和美鎮,和北里,383,966,219,342,561,25,586
彰化縣,和美鎮,和西里,384,1059,257,324,581,14,595
彰化縣,和美鎮,和西里,385,1117,280,334,614,27,641
彰化縣,和美鎮,和西里,386,1066,251,325,576,31,607
彰化縣,和美鎮,四張里,387,1252,285,367,652,28,680
彰化縣,和美鎮,四張里,388,1528,312,453,765,42,807
彰化縣,和美鎮,頭前里,389,826,228,237,465,31,496
彰化縣,和美鎮,頭前里,390,854,198,259,457,30,487
彰化縣,和美鎮,面前里,391,1387,299,416,715,34,749
彰化縣,和美鎮,面前里,392,765,188,270,458,23,481
彰化縣,和美鎮,鎮平里,393,1438,292,419,711,43,754
彰化縣,和美鎮,鎮平里,394,1396,322,466,788,49,837
彰化縣,和美鎮,大霞里,395,658,156,218,374,14,388
彰化縣,和美鎮,大霞里,396,809,199,289,488,28,516
彰化縣,和美鎮,源埤里,397,932,213,270,483,15,498
彰化縣,和美鎮,源埤里,398,888,200,264,464,22,486
彰化縣,和美鎮,南佃里,399,1144,295,374,669,32,701
彰化縣,和美鎮,南佃里,400,1077,229,361,590,27,617
彰化縣,和美鎮,雅溝里,401,1349,326,353,679,39,718
彰化縣,和美鎮,山犁里,402,1155,306,385,691,33,724
彰化縣,和美鎮,山犁里,403,1253,302,376,678,19,697
彰化縣,和美鎮,山犁里,404,1252,270,389,659,32,691
彰化縣,和美鎮,山犁里,405,1474,346,434,780,23,803
彰化縣,和美鎮,仁愛里,406,1396,332,360,692,31,723
彰化縣,和美鎮,仁愛里,407,1348,305,400,705,32,737
彰化縣,和美鎮,嘉犁里,408,999,260,334,594,29,623
彰化縣,和美鎮,嘉犁里,409,911,240,277,517,34,551
彰化縣,和美鎮,詔安里,410,1005,284,289,573,20,593
彰化縣,和美鎮,詔安里,411,967,232,294,526,37,563
彰化縣,和美鎮,鐵山里,412,1308,309,427,736,31,767
彰化縣,和美鎮,鐵山里,413,1324,328,378,706,35,741
彰化縣,和美鎮,柑井里,414,1102,256,355,611,49,660
彰化縣,和美鎮,柑井里,415,1124,251,334,585,36,621
彰化縣,和美鎮,柑井里,416,1211,273,392,665,40,705
彰化縣,和美鎮,竹園里,417,884,273,291,564,33,597
彰化縣,和美鎮,新庄里,418,1119,281,321,602,50,652
彰化縣,和美鎮,新庄里,419,1300,301,399,700,40,740
彰化縣,和美鎮,犁盛里,420,1104,276,294,570,33,603
彰化縣,和美鎮,犁盛里,421,1213,318,404,722,25,747
彰化縣,和美鎮,中寮里,422,1127,268,293,561,29,590
彰化縣,和美鎮,中圍里,423,919,216,284,500,26,526
彰化縣,和美鎮,中圍里,424,987,283,287,570,28,598
彰化縣,和美鎮,中圍里,425,958,243,328,571,21,592
彰化縣,和美鎮,糖友里,426,1362,279,486,765,30,795
彰化縣,和美鎮,糖友里,427,1461,312,471,783,33,816
彰化縣,和美鎮,糖友里,428,1405,316,468,784,27,811
彰化縣,和美鎮,還社里,429,860,224,274,498,23,521
彰化縣,和美鎮,塗厝里,430,875,178,299,477,23,500
彰化縣,和美鎮,塗厝里,431,871,213,250,463,48,511
彰化縣,和美鎮,地潭里,432,883,214,314,528,26,554
彰化縣,和美鎮,湖內里,433,1224,337,308,645,35,680
彰化縣,和美鎮,嘉寶里,434,1075,248,325,573,30,603
彰化縣,和美鎮,嘉寶里,435,956,228,279,507,39,546
彰化縣,和美鎮,月眉里,436,1037,259,288,547,35,582
彰化縣,和美鎮,月眉里,437,1011,253,310,563,22,585
彰化縣,和美鎮,月眉里,438,1023,261,283,544,37,581
彰化縣,和美鎮,好修里,439,719,201,175,376,22,398
彰化縣,和美鎮,好修里,440,913,250,232,482,36,518
彰化縣,伸港鄉,大同村,441,1182,260,355,615,19,634
彰化縣,伸港鄉,大同村,442,1166,295,395,690,31,721
彰化縣,伸港鄉,海尾村,443,966,251,296,547,23,570
彰化縣,伸港鄉,海尾村,444,873,219,252,471,23,494
彰化縣,伸港鄉,全興村,445,812,154,256,410,82,492
彰化縣,伸港鄉,全興村,446,875,163,293,456,36,492
彰化縣,伸港鄉,溪底村,447,904,226,249,475,37,512
彰化縣,伸港鄉,溪底村,448,1008,246,278,524,36,560
彰化縣,伸港鄉,定興村,449,1154,241,401,642,42,684
彰化縣,伸港鄉,定興村,450,1486,332,408,740,44,784
彰化縣,伸港鄉,什股村,451,1095,224,347,571,39,610
彰化縣,伸港鄉,什股村,452,1087,228,310,538,22,560
彰化縣,伸港鄉,泉州村,453,1085,274,323,597,55,652
彰化縣,伸港鄉,泉州村,454,908,210,303,513,32,545
彰化縣,伸港鄉,泉厝村,455,1264,310,418,728,40,768
彰化縣,伸港鄉,曾家村,456,854,234,209,443,35,478
彰化縣,伸港鄉,曾家村,457,846,180,231,411,19,430
彰化縣,伸港鄉,蚵寮村,458,1143,321,242,563,54,617
彰化縣,伸港鄉,新港村,459,1357,323,413,736,28,764
彰化縣,伸港鄉,新港村,460,1349,288,421,709,42,751
彰化縣,伸港鄉,新港村,461,1154,270,374,644,39,683
彰化縣,伸港鄉,新港村,462,1279,301,373,674,25,699
彰化縣,伸港鄉,埤墘村,463,1317,331,399,730,50,780
彰化縣,伸港鄉,七嘉村,464,990,274,310,584,25,609
彰化縣,伸港鄉,七嘉村,465,852,215,274,489,18,507
彰化縣,伸港鄉,七嘉村,466,1178,274,379,653,30,683
彰化縣,伸港鄉,汴頭村,467,1088,253,264,517,50,567
彰化縣,伸港鄉,汴頭村,468,1135,252,350,602,50,652
彰化縣,線西鄉,線西村,469,1071,243,360,603,23,626
彰化縣,線西鄉,線西村,470,1166,235,447,682,28,710
彰化縣,線西鄉,頂庄村,471,1269,281,427,708,49,757
彰化縣,線西鄉,寓埔村,472,1138,265,354,619,35,654
彰化縣,線西鄉,寓埔村,473,1128,294,363,657,65,722
彰化縣,線西鄉,塭仔村,474,1275,303,421,724,53,777
彰化縣,線西鄉,溝內村,475,1187,296,379,675,33,708
彰化縣,線西鄉,下犁村,476,991,269,293,562,44,606
彰化縣,線西鄉,下犁村,477,938,357,167,524,44,568
彰化縣,線西鄉,頂犁村,478,1276,286,368,654,36,690
彰化縣,線西鄉,頂犁村,479,1285,310,406,716,42,758
彰化縣,線西鄉,德興村,480,1341,329,508,837,45,882
彰化縣,員林市,崙雅里,481,1087,178,371,549,24,573
彰化縣,員林市,崙雅里,482,1353,276,418,694,27,721
彰化縣,員林市,振興里,483,1313,367,246,613,43,656
彰化縣,員林市,振興里,484,1328,247,388,635,15,650
彰化縣,員林市,林厝里,485,1055,271,311,582,21,603
彰化縣,員林市,林厝里,486,959,215,284,499,32,531
彰化縣,員林市,林厝里,487,772,193,234,427,24,451
彰化縣,員林市,出水里,488,831,242,241,483,33,516
彰化縣,員林市,出水里,489,854,193,191,384,11,395
彰化縣,員林市,湖水里,490,1190,245,263,508,33,541
彰化縣,員林市,大?里,491,726,138,242,380,19,399
彰化縣,員林市,鎮興里,492,1124,277,321,598,35,633
彰化縣,員林市,鎮興里,493,860,203,221,424,35,459
彰化縣,員林市,浮圳里,494,1122,280,365,645,36,681
彰化縣,員林市,浮圳里,495,1075,247,354,601,42,643
彰化縣,員林市,西東里,496,993,230,279,509,41,550
彰化縣,員林市,西東里,497,967,229,278,507,25,532
彰化縣,員林市,南東里,498,1008,262,283,545,38,583
彰化縣,員林市,南東里,499,804,171,259,430,29,459
彰化縣,員林市,中東里,500,867,195,270,465,20,485
彰化縣,員林市,中東里,501,885,210,253,463,26,489
彰化縣,員林市,東北里,502,1097,220,316,536,14,550
彰化縣,員林市,東北里,503,1255,296,372,668,23,691
彰化縣,員林市,東和里,504,1063,266,323,589,29,618
彰化縣,員林市,民生里,505,925,408,98,506,14,520
彰化縣,員林市,民生里,506,947,218,306,524,33,557
彰化縣,員林市,民生里,507,916,210,318,528,23,551
彰化縣,員林市,黎明里,508,862,193,266,459,22,481
彰化縣,員林市,黎明里,509,987,242,309,551,13,564
彰化縣,員林市,惠來里,510,1085,257,310,567,34,601
彰化縣,員林市,惠來里,511,1110,265,353,618,21,639
彰化縣,員林市,惠來里,512,1095,239,326,565,16,581
彰化縣,員林市,惠來里,513,1278,355,406,761,27,788
彰化縣,員林市,惠來里,514,1109,270,349,619,36,655
彰化縣,員林市,中央里,515,1055,256,304,560,45,605
彰化縣,員林市,中央里,516,876,234,248,482,28,510
彰化縣,員林市,溝皂里,517,1115,246,288,534,25,559
彰化縣,員林市,溝皂里,518,1186,291,368,659,31,690
彰化縣,員林市,大饒里,519,995,223,356,579,25,604
彰化縣,員林市,大饒里,520,999,213,328,541,21,562
彰化縣,員林市,大饒里,521,1201,234,392,626,31,657
彰化縣,員林市,大明里,522,1342,237,390,627,23,650
彰化縣,員林市,大明里,523,1086,248,332,580,21,601
彰化縣,員林市,萬年里,524,854,195,243,438,20,458
彰化縣,員林市,萬年里,525,1064,232,354,586,23,609
彰化縣,員林市,萬年里,526,879,229,285,514,14,528
彰化縣,員林市,萬年里,527,827,211,327,538,23,561
彰化縣,員林市,中正里,528,867,208,267,475,14,489
彰化縣,員林市,中正里,529,1201,243,404,647,29,676
彰化縣,員林市,中正里,530,1106,254,366,620,45,665
彰化縣,員林市,仁美里,531,845,218,261,479,29,508
彰化縣,員林市,仁美里,532,894,208,293,501,26,527
彰化縣,員林市,仁美里,533,849,189,286,475,28,503
彰化縣,員林市,新興里,534,747,240,222,462,11,473
彰化縣,員林市,和平里,535,884,234,291,525,30,555
彰化縣,員林市,和平里,536,900,170,287,457,21,478
彰化縣,員林市,和平里,537,1040,245,286,531,26,557
彰化縣,員林市,光明里,538,831,224,250,474,15,489
彰化縣,員林市,中山里,539,591,194,185,379,17,396
彰化縣,員林市,三條里,540,1330,307,381,688,27,715
彰化縣,員林市,三條里,541,1295,285,434,719,17,736
彰化縣,員林市,忠孝里,542,1283,295,388,683,34,717
彰化縣,員林市,忠孝里,543,943,218,328,546,27,573
彰化縣,員林市,仁愛里,544,1388,184,670,854,27,881
彰化縣,員林市,三和里,545,1176,277,387,664,26,690
彰化縣,員林市,三和里,546,867,171,260,431,8,439
彰化縣,員林市,三和里,547,1121,252,340,592,31,623
彰化縣,員林市,三和里,548,1190,233,377,610,24,634
彰化縣,員林市,三和里,549,945,228,310,538,27,565
彰化縣,員林市,三和里,550,906,236,291,527,23,550
彰化縣,員林市,三橋里,551,978,263,305,568,29,597
彰化縣,員林市,三橋里,552,949,197,331,528,26,554
彰化縣,員林市,三橋里,553,949,229,319,548,21,569
彰化縣,員林市,三愛里,554,1006,230,314,544,26,570
彰化縣,員林市,三愛里,555,889,222,280,502,26,528
彰化縣,員林市,三愛里,556,923,238,322,560,15,575
彰化縣,員林市,三信里,557,1209,261,453,714,33,747
彰化縣,員林市,三信里,558,1075,284,348,632,23,655
彰化縣,員林市,三多里,559,1342,388,420,808,26,834
彰化縣,員林市,三多里,560,1039,315,355,670,27,697
彰化縣,員林市,三義里,561,1131,282,325,607,25,632
彰化縣,員林市,三義里,562,1356,283,403,686,22,708
彰化縣,員林市,新生里,563,1370,345,391,736,35,771
彰化縣,員林市,新生里,564,1090,299,318,617,23,640
彰化縣,員林市,新生里,565,821,233,287,520,16,536
彰化縣,員林市,新生里,566,910,199,324,523,23,546
彰化縣,員林市,南平里,567,1203,249,404,653,37,690
彰化縣,員林市,南平里,568,1378,337,421,758,24,782
彰化縣,員林市,南平里,569,1352,305,446,751,26,777
彰化縣,員林市,南平里,570,1060,282,353,635,22,657
彰化縣,員林市,南興里,571,1317,287,404,691,32,723
彰化縣,員林市,南興里,572,1120,252,339,591,26,617
彰化縣,員林市,南興里,573,1025,169,360,529,30,559
彰化縣,員林市,南興里,574,1097,235,374,609,26,635
彰化縣,員林市,源潭里,575,859,217,275,492,27,519
彰化縣,員林市,源潭里,576,837,192,251,443,23,466
彰化縣,員林市,大埔里,577,1090,282,369,651,34,685
彰化縣,員林市,大埔里,578,1073,279,309,588,36,624
彰化縣,大村鄉,大村村,579,1426,364,502,866,41,907
彰化縣,大村鄉,大村村,580,1726,445,584,1029,50,1079
彰化縣,大村鄉,茄苳村,581,797,204,258,462,44,506
彰化縣,大村鄉,茄苳村,582,745,212,219,431,18,449
彰化縣,大村鄉,田洋村,583,1125,265,392,657,35,692
彰化縣,大村鄉,貢旗村,584,1486,358,461,819,53,872
彰化縣,大村鄉,南勢村,585,1426,342,444,786,49,835
彰化縣,大村鄉,大橋村,586,824,197,291,488,36,524
彰化縣,大村鄉,大橋村,587,1177,275,326,601,27,628
彰化縣,大村鄉,加錫村,588,1478,352,465,817,65,882
彰化縣,大村鄉,大崙村,589,779,158,249,407,20,427
彰化縣,大村鄉,大崙村,590,812,252,265,517,31,548
彰化縣,大村鄉,新興村,591,1161,267,344,611,28,639
彰化縣,大村鄉,擺塘村,592,1238,291,369,660,25,685
彰化縣,大村鄉,擺塘村,593,1259,308,382,690,40,730
彰化縣,大村鄉,過溝村,594,1412,346,446,792,32,824
彰化縣,大村鄉,過溝村,595,1401,325,466,791,22,813
彰化縣,大村鄉,村上村,596,1395,326,462,788,47,835
彰化縣,大村鄉,美港村,597,996,260,310,570,35,605
彰化縣,大村鄉,美港村,598,1047,455,112,567,44,611
彰化縣,大村鄉,美港村,599,985,220,343,563,31,594
彰化縣,大村鄉,黃厝村,600,1054,296,330,626,38,664
彰化縣,大村鄉,黃厝村,601,1200,249,434,683,29,712
彰化縣,大村鄉,福興村,602,1003,258,320,578,41,619
彰化縣,大村鄉,福興村,603,1046,259,297,556,22,578
彰化縣,大村鄉,平和村,604,1189,327,359,686,31,717
彰化縣,大村鄉,平和村,605,1305,258,414,672,44,716
彰化縣,永靖鄉,浮圳村,606,1255,260,352,612,56,668
彰化縣,永靖鄉,東寧村,607,889,260,256,516,34,550
彰化縣,永靖鄉,東寧村,608,1026,251,304,555,29,584
彰化縣,永靖鄉,光雲村,609,724,195,233,428,29,457
彰化縣,永靖鄉,光雲村,610,924,409,104,513,39,552
彰化縣,永靖鄉,五汴村,611,659,198,198,396,24,420
彰化縣,永靖鄉,五汴村,612,734,217,199,416,24,440
彰化縣,永靖鄉,永興村,613,758,171,193,364,13,377
彰化縣,永靖鄉,永興村,614,848,216,313,529,27,556
彰化縣,永靖鄉,崙子村,615,1404,313,395,708,58,766
彰化縣,永靖鄉,永東村,616,792,233,285,518,35,553
彰化縣,永靖鄉,永西村,617,695,207,220,427,21,448
彰化縣,永靖鄉,永西村,618,821,215,276,491,19,510
彰化縣,永靖鄉,永南村,619,1064,248,384,632,39,671
彰化縣,永靖鄉,永南村,620,840,199,271,470,20,490
彰化縣,永靖鄉,永北村,621,1079,287,256,543,26,569
彰化縣,永靖鄉,永北村,622,1048,272,361,633,22,655
彰化縣,永靖鄉,港西村,623,960,256,340,596,31,627
彰化縣,永靖鄉,港西村,624,798,208,277,485,18,503
彰化縣,永靖鄉,五福村,625,796,217,295,512,17,529
彰化縣,永靖鄉,五福村,626,662,143,221,364,21,385
彰化縣,永靖鄉,湳港村,627,1040,279,303,582,27,609
彰化縣,永靖鄉,新莊村,628,1025,241,319,560,30,590
彰化縣,永靖鄉,瑚璉村,629,1357,345,497,842,35,877
彰化縣,永靖鄉,瑚璉村,630,1236,299,407,706,47,753
彰化縣,永靖鄉,獨鰲村,631,871,216,267,483,23,506
彰化縣,永靖鄉,敦厚村,632,706,153,214,367,24,391
彰化縣,永靖鄉,崙美村,633,770,232,240,472,27,499
彰化縣,永靖鄉,同安村,634,669,184,244,428,16,444
彰化縣,永靖鄉,同仁村,635,862,194,285,479,30,509
彰化縣,永靖鄉,湳墘村,636,847,181,272,453,26,479
彰化縣,永靖鄉,四芳村,637,668,171,234,405,30,435
彰化縣,永靖鄉,福興村,638,1073,232,323,555,21,576
彰化縣,永靖鄉,竹子村,639,1339,349,317,666,29,695
彰化縣,溪湖鎮,光平里,640,1221,316,340,656,27,683
彰化縣,溪湖鎮,平和里,641,638,162,223,385,24,409
彰化縣,溪湖鎮,太平里,642,817,211,258,469,21,490
彰化縣,溪湖鎮,太平里,643,968,202,365,567,22,589
彰化縣,溪湖鎮,光華里,644,448,117,168,285,12,297
彰化縣,溪湖鎮,湖東里,645,1123,265,342,607,22,629
彰化縣,溪湖鎮,湖東里,646,1166,270,366,636,26,662
彰化縣,溪湖鎮,湖東里,647,1151,259,348,607,30,637
彰化縣,溪湖鎮,湖東里,648,1249,295,413,708,17,725
彰化縣,溪湖鎮,中山里,649,1146,288,360,648,35,683
彰化縣,溪湖鎮,中山里,650,1199,285,370,655,43,698
彰化縣,溪湖鎮,西溪里,651,895,250,242,492,33,525
彰化縣,溪湖鎮,西溪里,652,964,257,311,568,20,588
彰化縣,溪湖鎮,中竹里,653,851,233,245,478,22,500
彰化縣,溪湖鎮,東寮里,654,1072,245,341,586,21,607
彰化縣,溪湖鎮,東寮里,655,1113,261,385,646,23,669
彰化縣,溪湖鎮,東寮里,656,1090,228,402,630,27,657
彰化縣,溪湖鎮,西寮里,657,1193,284,418,702,26,728
彰化縣,溪湖鎮,西寮里,658,952,190,360,550,41,591
彰化縣,溪湖鎮,大突里,659,1172,278,377,655,27,682
彰化縣,溪湖鎮,大突里,660,1027,231,335,566,26,592
彰化縣,溪湖鎮,大突里,661,1188,273,448,721,26,747
彰化縣,溪湖鎮,北勢里,662,1403,332,393,725,46,771
彰化縣,溪湖鎮,汴頭里,663,1397,308,373,681,50,731
彰化縣,溪湖鎮,汴頭里,664,1636,354,540,894,46,940
彰化縣,溪湖鎮,大竹里,665,1298,306,427,733,45,778
彰化縣,溪湖鎮,大竹里,666,1214,289,380,669,32,701
彰化縣,溪湖鎮,湖西里,667,1297,295,453,748,31,779
彰化縣,溪湖鎮,湖西里,668,968,234,339,573,32,605
彰化縣,溪湖鎮,田中里,669,839,206,273,479,30,509
彰化縣,溪湖鎮,河東里,670,907,228,300,528,29,557
彰化縣,溪湖鎮,河東里,671,898,215,239,454,15,469
彰化縣,溪湖鎮,頂庄里,672,650,193,238,431,18,449
彰化縣,溪湖鎮,忠覺里,673,1279,271,415,686,54,740
彰化縣,溪湖鎮,湳底里,674,730,211,235,446,31,477
彰化縣,溪湖鎮,大庭里,675,1407,316,479,795,38,833
彰化縣,溪湖鎮,媽厝里,676,1273,297,303,600,47,647
彰化縣,溪湖鎮,番婆里,677,988,250,275,525,21,546
彰化縣,溪湖鎮,番婆里,678,754,195,247,442,39,481
彰化縣,溪湖鎮,西勢里,679,1052,230,261,491,37,528
彰化縣,溪湖鎮,西勢里,680,1149,244,340,584,37,621
彰化縣,溪湖鎮,東溪里,681,1365,389,417,806,61,867
彰化縣,埔鹽鄉,埔鹽村,682,958,237,326,563,36,599
彰化縣,埔鹽鄉,埔鹽村,683,754,194,272,466,27,493
彰化縣,埔鹽鄉,埔南村,684,757,189,289,478,24,502
彰化縣,埔鹽鄉,埔南村,685,806,214,267,481,26,507
彰化縣,埔鹽鄉,?子村,686,1280,259,462,721,44,765
彰化縣,埔鹽鄉,出水村,687,928,215,317,532,25,557
彰化縣,埔鹽鄉,南港村,688,895,227,326,553,39,592
彰化縣,埔鹽鄉,南港村,689,815,186,311,497,30,527
彰化縣,埔鹽鄉,打廉村,690,957,252,285,537,23,560
彰化縣,埔鹽鄉,豐澤村,691,1338,318,411,729,63,792
彰化縣,埔鹽鄉,崑崙村,692,1106,245,366,611,32,643
彰化縣,埔鹽鄉,角樹村,693,690,175,231,406,21,427
彰化縣,埔鹽鄉,瓦?村,694,1230,257,415,672,30,702
彰化縣,埔鹽鄉,好修村,695,847,181,292,473,27,500
彰化縣,埔鹽鄉,好修村,696,897,216,317,533,30,563
彰化縣,埔鹽鄉,西湖村,697,882,211,281,492,41,533
彰化縣,埔鹽鄉,西湖村,698,1180,265,418,683,37,720
彰化縣,埔鹽鄉,大有村,699,1215,285,369,654,51,705
彰化縣,埔鹽鄉,新興村,700,422,84,182,266,16,282
彰化縣,埔鹽鄉,永平村,701,1106,252,343,595,29,624
彰化縣,埔鹽鄉,永樂村,702,874,222,319,541,31,572
彰化縣,埔鹽鄉,石埤村,703,1445,358,445,803,63,866
彰化縣,埔鹽鄉,天盛村,704,875,145,300,445,41,486
彰化縣,埔鹽鄉,太平村,705,837,174,244,418,32,450
彰化縣,埔鹽鄉,太平村,706,685,160,228,388,27,415
彰化縣,埔鹽鄉,新水村,707,733,170,257,427,41,468
彰化縣,埔鹽鄉,新水村,708,798,194,250,444,57,501
彰化縣,埔鹽鄉,三省村,709,1381,291,470,761,40,801
彰化縣,埔鹽鄉,南新村,710,1335,271,410,681,31,712
彰化縣,埔心鄉,東門村,711,1139,317,353,670,46,716
彰化縣,埔心鄉,東門村,712,1217,318,355,673,43,716
彰化縣,埔心鄉,東門村,713,1248,303,427,730,37,767
彰化縣,埔心鄉,埔心村,714,1248,369,392,761,47,808
彰化縣,埔心鄉,義民村,715,916,219,321,540,29,569
彰化縣,埔心鄉,義民村,716,625,183,209,392,19,411
彰化縣,埔心鄉,油車村,717,1271,297,378,675,53,728
彰化縣,埔心鄉,瓦北村,718,608,170,195,365,26,391
彰化縣,埔心鄉,瓦北村,719,1132,314,364,678,58,736
彰化縣,埔心鄉,瓦中村,720,1027,262,329,591,49,640
彰化縣,埔心鄉,瓦中村,721,926,257,304,561,33,594
彰化縣,埔心鄉,瓦南村,722,778,200,241,441,41,482
彰化縣,埔心鄉,瓦南村,723,660,184,223,407,19,426
彰化縣,埔心鄉,經口村,724,1330,324,455,779,64,843
彰化縣,埔心鄉,經口村,725,991,299,273,572,26,598
彰化縣,埔心鄉,太平村,726,985,261,329,590,23,613
彰化縣,埔心鄉,太平村,727,1034,273,301,574,26,600
彰化縣,埔心鄉,大華村,728,612,167,200,367,33,400
彰化縣,埔心鄉,仁里村,729,1236,314,421,735,54,789
彰化縣,埔心鄉,舊?村,730,775,211,244,455,39,494
彰化縣,埔心鄉,舊?村,731,738,204,262,466,31,497
彰化縣,埔心鄉,南?村,732,1036,278,319,597,41,638
彰化縣,埔心鄉,新?村,733,975,250,263,513,48,561
彰化縣,埔心鄉,芎蕉村,734,885,226,269,495,38,533
彰化縣,埔心鄉,芎蕉村,735,939,266,293,559,37,596
彰化縣,埔心鄉,羅厝村,736,689,191,213,404,22,426
彰化縣,埔心鄉,羅厝村,737,659,184,205,389,20,409
彰化縣,埔心鄉,梧鳳村,738,910,224,259,483,28,511
彰化縣,埔心鄉,二重村,739,1352,399,434,833,65,898
彰化縣,埔心鄉,埤霞村,740,759,223,201,424,27,451
彰化縣,埔心鄉,埤?村,741,942,205,336,541,28,569
彰化縣,田中鎮,香山里,742,854,215,218,433,46,479
彰化縣,田中鎮,碧峰里,743,963,197,265,462,30,492
彰化縣,田中鎮,碧峰里,744,175,14,27,41,4,45
彰化縣,田中鎮,東源里,745,739,168,207,375,23,398
彰化縣,田中鎮,復興里,746,826,188,247,435,18,453
彰化縣,田中鎮,復興里,747,741,183,234,417,36,453
彰化縣,田中鎮,平和里,748,506,86,151,237,9,246
彰化縣,田中鎮,平和里,749,1001,82,317,399,28,427
彰化縣,田中鎮,頂潭里,750,1281,322,377,699,53,752
彰化縣,田中鎮,新庄里,751,1035,254,312,566,34,600
彰化縣,田中鎮,新庄里,752,1327,336,412,748,33,781
彰化縣,田中鎮,中潭里,753,844,247,252,499,24,523
彰化縣,田中鎮,中潭里,754,913,222,282,504,30,534
彰化縣,田中鎮,龍潭里,755,613,179,204,383,22,405
彰化縣,田中鎮,北路里,756,1382,332,448,780,41,821
彰化縣,田中鎮,北路里,757,1034,237,402,639,34,673
彰化縣,田中鎮,北路里,758,935,266,328,594,23,617
彰化縣,田中鎮,西路里,759,1301,317,411,728,30,758
彰化縣,田中鎮,西路里,760,1100,273,355,628,33,661
彰化縣,田中鎮,東路里,761,1071,272,349,621,36,657
彰化縣,田中鎮,南路里,762,1163,312,377,689,37,726
彰化縣,田中鎮,中路里,763,809,219,285,504,36,540
彰化縣,田中鎮,中路里,764,1155,282,413,695,27,722
彰化縣,田中鎮,梅州里,765,1270,341,346,687,52,739
彰化縣,田中鎮,三安里,766,870,239,237,476,17,493
彰化縣,田中鎮,三安里,767,736,199,205,404,20,424
彰化縣,田中鎮,大崙里,768,1335,273,384,657,41,698
彰化縣,田中鎮,沙崙里,769,876,212,259,471,31,502
彰化縣,田中鎮,沙崙里,770,898,221,234,455,40,495
彰化縣,田中鎮,新民里,771,1298,309,424,733,27,760
彰化縣,田中鎮,新民里,772,1451,344,415,759,58,817
彰化縣,田中鎮,新民里,773,1475,304,487,791,51,842
彰化縣,田中鎮,三民里,774,766,173,201,374,31,405
彰化縣,田中鎮,三民里,775,810,226,183,409,33,442
彰化縣,田中鎮,三光里,776,953,247,281,528,43,571
彰化縣,田中鎮,大社里,777,885,248,272,520,49,569
彰化縣,社頭鄉,社頭村,778,791,265,188,453,18,471
彰化縣,社頭鄉,社頭村,779,984,232,303,535,26,561
彰化縣,社頭鄉,社頭村,780,990,259,270,529,17,546
彰化縣,社頭鄉,廣興村,781,1016,279,321,600,32,632
彰化縣,社頭鄉,廣興村,782,1091,547,85,632,27,659
彰化縣,社頭鄉,廣興村,783,1236,324,381,705,40,745
彰化縣,社頭鄉,廣興村,784,1203,305,357,662,20,682
彰化縣,社頭鄉,東興村,785,753,194,215,409,19,428
彰化縣,社頭鄉,東興村,786,725,164,189,353,35,388
彰化縣,社頭鄉,松竹村,787,1023,279,303,582,43,625
彰化縣,社頭鄉,舊社村,788,562,192,172,364,21,385
彰化縣,社頭鄉,舊社村,789,1049,277,287,564,35,599
彰化縣,社頭鄉,廣福村,790,933,258,282,540,23,563
彰化縣,社頭鄉,橋頭村,791,990,264,316,580,28,608
彰化縣,社頭鄉,橋頭村,792,1076,265,294,559,34,593
彰化縣,社頭鄉,新厝村,793,742,197,248,445,17,462
彰化縣,社頭鄉,新厝村,794,672,159,211,370,17,387
彰化縣,社頭鄉,張厝村,795,1235,266,332,598,29,627
彰化縣,社頭鄉,湳底村,796,750,208,214,422,35,457
彰化縣,社頭鄉,湳底村,797,895,219,246,465,27,492
彰化縣,社頭鄉,仁雅村,798,688,169,229,398,13,411
彰化縣,社頭鄉,仁雅村,799,870,223,255,478,22,500
彰化縣,社頭鄉,仁雅村,800,1140,264,393,657,28,685
彰化縣,社頭鄉,里仁村,801,985,246,304,550,33,583
彰化縣,社頭鄉,美雅村,802,1266,297,467,764,30,794
彰化縣,社頭鄉,崙雅村,803,937,224,311,535,22,557
彰化縣,社頭鄉,清水村,804,1219,252,411,663,29,692
彰化縣,社頭鄉,山湖村,805,1165,336,314,650,33,683
彰化縣,社頭鄉,埤斗村,806,986,252,311,563,30,593
彰化縣,社頭鄉,仁和村,807,724,176,258,434,24,458
彰化縣,社頭鄉,平和村,808,1015,208,357,565,27,592
彰化縣,社頭鄉,協和村,809,1116,253,298,551,21,572
彰化縣,社頭鄉,協和村,810,1061,275,262,537,42,579
彰化縣,社頭鄉,泰安村,811,992,250,316,566,41,607
彰化縣,社頭鄉,朝興村,812,1092,244,363,607,24,631
彰化縣,社頭鄉,龍井村,813,828,245,238,483,31,514
彰化縣,社頭鄉,湳雅村,814,787,192,202,394,35,429
彰化縣,社頭鄉,湳雅村,815,719,158,186,344,18,362
彰化縣,二水鄉,復興村,816,1028,316,276,592,28,620
彰化縣,二水鄉,十五村,817,689,183,213,396,37,433
彰化縣,二水鄉,合和村,818,871,190,265,455,22,477
彰化縣,二水鄉,上豊村,819,953,267,269,536,37,573
彰化縣,二水鄉,過圳村,820,624,153,169,322,24,346
彰化縣,二水鄉,五伯村,821,645,192,204,396,35,431
彰化縣,二水鄉,文化村,822,986,248,362,610,33,643
彰化縣,二水鄉,光化村,823,943,284,300,584,46,630
彰化縣,二水鄉,聖化村,824,455,121,157,278,12,290
彰化縣,二水鄉,二水村,825,831,251,294,545,10,555
彰化縣,二水鄉,惠民村,826,831,262,230,492,29,521
彰化縣,二水鄉,裕民村,827,1013,377,205,582,23,605
彰化縣,二水鄉,大園村,828,796,238,222,460,47,507
彰化縣,二水鄉,修仁村,829,781,179,243,422,39,461
彰化縣,二水鄉,合興村,830,692,174,181,355,18,373
彰化縣,二水鄉,源泉村,831,635,157,202,359,16,375
彰化縣,二水鄉,倡和村,832,566,149,160,309,24,333
彰化縣,北斗鎮,中寮里,833,925,252,246,498,31,529
彰化縣,北斗鎮,中寮里,834,869,232,263,495,34,529
彰化縣,北斗鎮,中寮里,835,855,257,270,527,27,554
彰化縣,北斗鎮,大道里,836,1065,303,347,650,25,675
彰化縣,北斗鎮,大道里,837,828,239,226,465,47,512
彰化縣,北斗鎮,西德里,838,1124,289,359,648,32,680
彰化縣,北斗鎮,西德里,839,1096,284,357,641,34,675
彰化縣,北斗鎮,西德里,840,1213,340,380,720,22,742
彰化縣,北斗鎮,西德里,841,1164,304,300,604,42,646
彰化縣,北斗鎮,西安里,842,730,177,219,396,26,422
彰化縣,北斗鎮,西安里,843,878,205,268,473,25,498
彰化縣,北斗鎮,光復里,844,833,212,285,497,20,517
彰化縣,北斗鎮,光復里,845,957,231,315,546,24,570
彰化縣,北斗鎮,新政里,846,783,185,241,426,20,446
彰化縣,北斗鎮,重慶里,847,573,164,140,304,18,322
彰化縣,北斗鎮,五權里,848,672,188,191,379,20,399
彰化縣,北斗鎮,七星里,849,695,187,174,361,21,382
彰化縣,北斗鎮,七星里,850,747,181,204,385,22,407
彰化縣,北斗鎮,居仁里,851,643,159,241,400,17,417
彰化縣,北斗鎮,居仁里,852,662,155,224,379,26,405
彰化縣,北斗鎮,東光里,853,1085,219,442,661,38,699
彰化縣,北斗鎮,東光里,854,1121,272,361,633,42,675
彰化縣,北斗鎮,文昌里,855,830,219,264,483,26,509
彰化縣,北斗鎮,文昌里,856,975,203,313,516,30,546
彰化縣,北斗鎮,文昌里,857,1212,271,366,637,24,661
彰化縣,北斗鎮,中和里,858,1302,346,400,746,40,786
彰化縣,北斗鎮,新生里,859,1077,253,266,519,27,546
彰化縣,北斗鎮,新生里,860,917,196,266,462,45,507
彰化縣,北斗鎮,大新里,861,825,195,250,445,29,474
彰化縣,北斗鎮,大新里,862,937,246,283,529,36,565
彰化縣,田尾鄉,田尾村,863,1284,284,364,648,29,677
彰化縣,田尾鄉,溪畔村,864,1187,322,378,700,33,733
彰化縣,田尾鄉,打簾村,865,1033,279,334,613,33,646
彰化縣,田尾鄉,打簾村,866,696,156,246,402,26,428
彰化縣,田尾鄉,正義村,867,872,235,297,532,19,551
彰化縣,田尾鄉,北曾村,868,680,169,190,359,25,384
彰化縣,田尾鄉,北曾村,869,875,237,289,526,32,558
彰化縣,田尾鄉,南曾村,870,1337,364,355,719,32,751
彰化縣,田尾鄉,饒平村,871,1376,294,508,802,43,845
彰化縣,田尾鄉,饒平村,872,1186,260,441,701,38,739
彰化縣,田尾鄉,豐田村,873,874,229,345,574,36,610
彰化縣,田尾鄉,仁里村,874,647,170,182,352,19,371
彰化縣,田尾鄉,仁里村,875,959,248,304,552,21,573
彰化縣,田尾鄉,新厝村,876,263,71,67,138,9,147
彰化縣,田尾鄉,溪頂村,877,618,166,156,322,16,338
彰化縣,田尾鄉,柳鳳村,878,938,256,331,587,19,606
彰化縣,田尾鄉,陸豐村,879,880,243,302,545,25,570
彰化縣,田尾鄉,海豐村,880,804,196,211,407,25,432
彰化縣,田尾鄉,海豐村,881,592,184,136,320,13,333
彰化縣,田尾鄉,睦宜村,882,1079,261,376,637,47,684
彰化縣,田尾鄉,新生村,883,1336,364,370,734,47,781
彰化縣,田尾鄉,北鎮村,884,1198,266,356,622,30,652
彰化縣,田尾鄉,南鎮村,885,621,167,166,333,23,356
彰化縣,田尾鄉,福田村,886,760,180,217,397,21,418
彰化縣,田尾鄉,新興村,887,1084,333,331,664,42,706
彰化縣,埤頭鄉,和豊村,888,1178,253,295,548,34,582
彰化縣,埤頭鄉,和豊村,889,1290,263,390,653,43,696
彰化縣,埤頭鄉,興農村,890,973,246,263,509,31,540
彰化縣,埤頭鄉,興農村,891,783,192,216,408,20,428
彰化縣,埤頭鄉,埤頭村,892,733,177,211,388,30,418
彰化縣,埤頭鄉,埤頭村,893,899,251,238,489,36,525
彰化縣,埤頭鄉,豊崙村,894,965,201,306,507,38,545
彰化縣,埤頭鄉,豊崙村,895,1356,251,423,674,39,713
彰化縣,埤頭鄉,崙子村,896,1265,281,367,648,47,695
彰化縣,埤頭鄉,永豊村,897,877,206,291,497,42,539
彰化縣,埤頭鄉,永豊村,898,705,166,184,350,32,382
彰化縣,埤頭鄉,合興村,899,1062,276,356,632,28,660
彰化縣,埤頭鄉,合興村,900,1300,284,421,705,41,746
彰化縣,埤頭鄉,合興村,901,923,223,279,502,44,546
彰化縣,埤頭鄉,平原村,902,1085,223,320,543,18,561
彰化縣,埤頭鄉,平原村,903,1103,222,398,620,34,654
彰化縣,埤頭鄉,崙腳村,904,735,162,209,371,15,386
彰化縣,埤頭鄉,元埔村,905,574,141,151,292,25,317
彰化縣,埤頭鄉,芙朝村,906,767,142,214,356,32,388
彰化縣,埤頭鄉,芙朝村,907,737,173,214,387,27,414
彰化縣,埤頭鄉,新庄村,908,1058,294,189,483,44,527
彰化縣,埤頭鄉,陸嘉村,909,826,190,184,374,53,427
彰化縣,埤頭鄉,竹圍村,910,1082,246,275,521,39,560
彰化縣,埤頭鄉,中和村,911,737,201,213,414,35,449
彰化縣,埤頭鄉,中和村,912,711,161,200,361,12,373
彰化縣,埤頭鄉,庄內村,913,1043,296,254,550,47,597
彰化縣,埤頭鄉,大湖村,914,910,241,234,475,17,492
彰化縣,溪州鄉,溪厝村,915,778,194,209,403,34,437
彰化縣,溪州鄉,溪厝村,916,1061,259,249,508,21,529
彰化縣,溪州鄉,坑厝村,917,701,171,152,323,24,347
彰化縣,溪州鄉,瓦厝村,918,879,286,230,516,29,545
彰化縣,溪州鄉,溪州村,919,654,206,197,403,28,431
彰化縣,溪州鄉,溪州村,920,878,238,251,489,20,509
彰化縣,溪州鄉,尾厝村,921,942,242,300,542,38,580
彰化縣,溪州鄉,尾厝村,922,871,233,236,469,29,498
彰化縣,溪州鄉,東州村,923,1047,270,262,532,25,557
彰化縣,溪州鄉,東州村,924,858,234,250,484,28,512
彰化縣,溪州鄉,舊眉村,925,1409,284,323,607,55,662
彰化縣,溪州鄉,圳寮村,926,792,191,219,410,16,426
彰化縣,溪州鄉,圳寮村,927,714,187,164,351,37,388
彰化縣,溪州鄉,西畔村,928,1109,247,261,508,35,543
彰化縣,溪州鄉,西畔村,929,962,220,192,412,30,442
彰化縣,溪州鄉,柑園村,930,1157,239,274,513,40,553
彰化縣,溪州鄉,成功村,931,952,234,232,466,29,495
彰化縣,溪州鄉,成功村,932,887,218,239,457,23,480
彰化縣,溪州鄉,大庄村,933,866,182,163,345,41,386
彰化縣,溪州鄉,大庄村,934,1010,240,209,449,40,489
彰化縣,溪州鄉,榮光村,935,853,200,216,416,13,429
彰化縣,溪州鄉,潮洋村,936,843,208,210,418,30,448
彰化縣,溪州鄉,張厝村,937,711,170,121,291,12,303
彰化縣,溪州鄉,菜公村,938,851,225,207,432,43,475
彰化縣,溪州鄉,三條村,939,883,260,198,458,23,481
彰化縣,溪州鄉,三圳村,940,1247,246,332,578,46,624
彰化縣,溪州鄉,水尾村,941,1490,426,370,796,39,835
彰化縣,二林鎮,豐田里,942,731,149,152,301,17,318
彰化縣,二林鎮,豐田里,943,1025,228,329,557,36,593
彰化縣,二林鎮,豐田里,944,784,176,261,437,17,454
彰化縣,二林鎮,東和里,945,892,212,275,487,33,520
彰化縣,二林鎮,東和里,946,1256,310,364,674,50,724
彰化縣,二林鎮,南光里,947,1043,231,319,550,30,580
彰化縣,二林鎮,南光里,948,1076,257,360,617,34,651
彰化縣,二林鎮,南光里,949,1082,230,367,597,43,640
彰化縣,二林鎮,西平里,950,1427,332,411,743,37,780
彰化縣,二林鎮,北平里,951,1030,267,229,496,29,525
彰化縣,二林鎮,北平里,952,1033,246,250,496,47,543
彰化縣,二林鎮,北平里,953,977,220,305,525,13,538
彰化縣,二林鎮,中西里,954,683,135,198,333,20,353
彰化縣,二林鎮,中西里,955,975,198,289,487,32,519
彰化縣,二林鎮,廣興里,956,1336,297,259,556,49,605
彰化縣,二林鎮,香田里,957,1019,221,233,454,34,488
彰化縣,二林鎮,外竹里,958,1003,169,240,409,37,446
彰化縣,二林鎮,興華里,959,1151,241,381,622,35,657
彰化縣,二林鎮,東興里,960,1598,362,474,836,76,912
彰化縣,二林鎮,後厝里,961,1488,291,456,747,45,792
彰化縣,二林鎮,後厝里,962,1771,417,551,968,41,1009
彰化縣,二林鎮,頂厝里,963,1360,239,303,542,46,588
彰化縣,二林鎮,趙甲里,964,1613,291,432,723,48,771
彰化縣,二林鎮,振興里,965,1228,244,348,592,49,641
彰化縣,二林鎮,萬興里,966,771,155,273,428,16,444
彰化縣,二林鎮,永興里,967,858,211,276,487,26,513
彰化縣,二林鎮,永興里,968,661,126,178,304,1,305
彰化縣,二林鎮,西庄里,969,1268,278,293,571,63,634
彰化縣,二林鎮,梅芳里,970,1081,232,300,532,17,549
彰化縣,二林鎮,華崙里,971,1213,241,346,587,18,605
彰化縣,二林鎮,華崙里,972,1328,271,425,696,49,745
彰化縣,二林鎮,華崙里,973,1118,218,264,482,52,534
彰化縣,二林鎮,萬合里,974,1157,225,275,500,35,535
彰化縣,二林鎮,東勢里,975,972,187,262,449,31,480
彰化縣,二林鎮,大永里,976,902,201,262,463,31,494
彰化縣,二林鎮,原斗里,977,1273,352,407,759,51,810
彰化縣,二林鎮,西斗里,978,1087,112,452,564,26,590
彰化縣,二林鎮,東華里,979,987,274,276,550,54,604
彰化縣,二林鎮,復豐里,980,719,173,164,337,19,356
彰化縣,大城鄉,山腳村,981,1288,193,261,454,20,474
彰化縣,大城鄉,潭墘村,982,1104,208,190,398,35,433
彰化縣,大城鄉,大城村,983,964,214,290,504,39,543
彰化縣,大城鄉,東城村,984,1312,226,351,577,36,613
彰化縣,大城鄉,西城村,985,853,128,197,325,43,368
彰化縣,大城鄉,上山村,986,518,61,107,168,17,185
彰化縣,大城鄉,上山村,987,574,116,122,238,13,251
彰化縣,大城鄉,永和村,988,702,117,136,253,19,272
彰化縣,大城鄉,公館村,989,376,52,54,106,15,121
彰化縣,大城鄉,公館村,990,693,103,99,202,19,221
彰化縣,大城鄉,豐美村,991,877,170,186,356,29,385
彰化縣,大城鄉,三豐村,992,655,97,53,150,14,164
彰化縣,大城鄉,菜寮村,993,1103,158,244,402,21,423
彰化縣,大城鄉,東港村,994,1192,181,220,401,24,425
彰化縣,大城鄉,西港村,995,917,132,197,329,32,361
彰化縣,大城鄉,頂庄村,996,686,115,107,222,10,232
彰化縣,大城鄉,臺西村,997,899,156,144,300,21,321
彰化縣,芳苑鄉,芳苑村,998,940,159,143,302,38,340
彰化縣,芳苑鄉,芳中村,999,403,88,67,155,17,172
彰化縣,芳苑鄉,仁愛村,1000,756,166,186,352,29,381
彰化縣,芳苑鄉,信義村,1001,548,91,71,162,17,179
彰化縣,芳苑鄉,後寮村,1002,997,205,281,486,39,525
彰化縣,芳苑鄉,三合村,1003,1300,285,276,561,38,599
彰化縣,芳苑鄉,三合村,1004,859,213,201,414,29,443
彰化縣,芳苑鄉,永興村,1005,734,148,214,362,13,375
彰化縣,芳苑鄉,永興村,1006,636,160,138,298,20,318
彰化縣,芳苑鄉,新街村,1007,808,216,147,363,40,403
彰化縣,芳苑鄉,路上村,1008,668,142,132,274,22,296
彰化縣,芳苑鄉,路平村,1009,744,158,194,352,26,378
彰化縣,芳苑鄉,三成村,1010,1026,201,235,436,56,492
彰化縣,芳苑鄉,福榮村,1011,586,115,132,247,7,254
彰化縣,芳苑鄉,頂?村,1012,593,150,148,298,17,315
彰化縣,芳苑鄉,王功村,1013,1071,298,230,528,49,577
彰化縣,芳苑鄉,王功村,1014,1060,245,275,520,42,562
彰化縣,芳苑鄉,博愛村,1015,708,200,163,363,16,379
彰化縣,芳苑鄉,和平村,1016,735,169,155,324,46,370
彰化縣,芳苑鄉,興仁村,1017,571,170,140,310,27,337
彰化縣,芳苑鄉,興仁村,1018,729,152,136,288,27,315
彰化縣,芳苑鄉,民生村,1019,674,166,146,312,46,358
彰化縣,芳苑鄉,新寶村,1020,846,307,190,497,41,538
彰化縣,芳苑鄉,新寶村,1021,806,249,211,460,35,495
彰化縣,芳苑鄉,五俊村,1022,470,93,92,185,14,199
彰化縣,芳苑鄉,草湖村,1023,1124,244,334,578,36,614
彰化縣,芳苑鄉,草湖村,1024,317,61,75,136,16,152
彰化縣,芳苑鄉,建平村,1025,1158,230,243,473,34,507
彰化縣,芳苑鄉,建平村,1026,967,205,238,443,28,471
彰化縣,芳苑鄉,崙腳村,1027,762,156,224,380,34,414
彰化縣,芳苑鄉,文津村,1028,1086,200,242,442,37,479
彰化縣,芳苑鄉,新生村,1029,747,146,206,352,16,368
彰化縣,芳苑鄉,新生村,1030,653,119,136,255,11,266
彰化縣,芳苑鄉,漢寶村,1031,872,228,258,486,38,524
彰化縣,芳苑鄉,漢寶村,1032,1235,333,380,713,32,745
彰化縣,芳苑鄉,漢寶村,1033,1102,263,287,550,48,598
彰化縣,竹塘鄉,竹元村,1034,1168,267,352,619,58,677
彰化縣,竹塘鄉,竹塘村,1035,965,232,306,538,27,565
彰化縣,竹塘鄉,竹塘村,1036,960,232,320,552,47,599
彰化縣,竹塘鄉,小西村,1037,743,195,245,440,45,485
彰化縣,竹塘鄉,民靖村,1038,751,135,180,315,25,340
彰化縣,竹塘鄉,五庄村,1039,792,166,207,373,14,387
彰化縣,竹塘鄉,五庄村,1040,733,187,156,343,13,356
彰化縣,竹塘鄉,樹腳村,1041,657,190,155,345,18,363
彰化縣,竹塘鄉,田頭村,1042,1063,243,312,555,29,584
彰化縣,竹塘鄉,新廣村,1043,1114,277,317,594,48,642
彰化縣,竹塘鄉,溪墘村,1044,506,151,167,318,26,344
彰化縣,竹塘鄉,竹林村,1045,823,181,211,392,36,428
彰化縣,竹塘鄉,土庫村,1046,654,169,159,328,21,349
彰化縣,竹塘鄉,內新村,1047,577,123,134,257,17,274
彰化縣,竹塘鄉,長安村,1048,772,201,200,401,20,421
彰化縣,竹塘鄉,永安村,1049,543,126,111,237,21,258
南投縣,南投市,龍泉里,1,927,248,292,540,23,563
南投縣,南投市,康壽里,2,667,176,255,431,24,455
南投縣,南投市,康壽里,3,773,214,261,475,25,500
南投縣,南投市,三民里,4,818,208,285,493,29,522
南投縣,南投市,仁和里,5,525,170,181,351,11,362
南投縣,南投市,南投里,6,575,174,196,370,16,386
南投縣,南投市,彰仁里,7,368,167,76,243,12,255
南投縣,南投市,崇文里,8,956,231,362,593,40,633
南投縣,南投市,三興里,9,1245,273,385,658,19,677
南投縣,南投市,三興里,10,1484,288,556,844,26,870
南投縣,南投市,三興里,11,1191,281,470,751,32,783
南投縣,南投市,三興里,12,1506,357,530,887,37,924
南投縣,南投市,三和里,13,1070,250,396,646,33,679
南投縣,南投市,三和里,14,670,160,240,400,26,426
南投縣,南投市,三和里,15,1050,305,366,671,30,701
南投縣,南投市,嘉興里,16,1122,189,405,594,26,620
南投縣,南投市,嘉興里,17,984,269,262,531,27,558
南投縣,南投市,嘉和里,18,1062,252,431,683,21,704
南投縣,南投市,嘉和里,19,1053,250,362,612,35,647
南投縣,南投市,嘉和里,20,1104,421,241,662,40,702
南投縣,南投市,嘉和里,21,1192,304,358,662,33,695
南投縣,南投市,平和里,22,960,225,303,528,26,554
南投縣,南投市,平和里,23,906,219,307,526,33,559
南投縣,南投市,平和里,24,957,244,319,563,39,602
南投縣,南投市,平和里,25,997,351,258,609,46,655
南投縣,南投市,平和里,26,1008,275,333,608,27,635
南投縣,南投市,平和里,27,1164,275,379,654,31,685
南投縣,南投市,振興里,28,587,146,190,336,15,351
南投縣,南投市,振興里,29,734,192,199,391,32,423
南投縣,南投市,振興里,30,724,186,229,415,18,433
南投縣,南投市,千秋里,31,1003,244,339,583,20,603
南投縣,南投市,軍功里,32,1356,297,464,761,34,795
南投縣,南投市,軍功里,33,1373,307,435,742,40,782
南投縣,南投市,軍功里,34,1452,317,469,786,29,815
南投縣,南投市,軍功里,35,362,72,134,206,5,211
南投縣,南投市,東山里,36,389,92,132,224,15,239
南投縣,南投市,營南里,37,1276,320,476,796,37,833
南投縣,南投市,營南里,38,1089,276,417,693,23,716
南投縣,南投市,營北里,39,921,231,340,571,27,598
南投縣,南投市,營北里,40,892,209,396,605,22,627
南投縣,南投市,營北里,41,1050,202,472,674,25,699
南投縣,南投市,營北里,42,1078,226,442,668,20,688
南投縣,南投市,營北里,43,1078,189,460,649,18,667
南投縣,南投市,營北里,44,861,209,393,602,22,624
南投縣,南投市,內興里,45,1221,254,434,688,46,734
南投縣,南投市,內興里,46,1105,261,373,634,33,667
南投縣,南投市,內興里,47,1230,279,462,741,17,758
南投縣,南投市,內興里,48,1092,226,426,652,23,675
南投縣,南投市,內興里,49,1286,239,568,807,18,825
南投縣,南投市,內興里,50,655,187,246,433,22,455
南投縣,南投市,內新里,51,719,206,242,448,26,474
南投縣,南投市,內新里,52,720,196,223,419,17,436
南投縣,南投市,光輝里,53,509,118,217,335,13,348
南投縣,南投市,光榮里,54,492,64,209,273,10,283
南投縣,南投市,光榮里,55,616,93,271,364,15,379
南投縣,南投市,光明里,56,1010,145,477,622,20,642
南投縣,南投市,光華里,57,848,119,378,497,16,513
南投縣,南投市,漳興里,58,1387,403,441,844,49,893
南投縣,南投市,漳興里,59,1245,325,460,785,19,804
南投縣,南投市,漳和里,60,1199,290,378,668,25,693
南投縣,南投市,漳和里,61,1288,327,432,759,40,799
南投縣,南投市,漳和里,62,1040,260,328,588,36,624
南投縣,南投市,漳和里,63,1070,268,368,636,31,667
南投縣,南投市,漳和里,64,1299,317,470,787,34,821
南投縣,南投市,漳和里,65,1122,254,441,695,24,719
南投縣,南投市,平山里,66,1414,357,448,805,40,845
南投縣,南投市,平山里,67,1121,263,383,646,32,678
南投縣,南投市,平山里,68,1434,347,462,809,20,829
南投縣,南投市,平山里,69,1393,297,449,746,27,773
南投縣,南投市,新興里,70,1059,270,331,601,17,618
南投縣,南投市,新興里,71,1218,297,390,687,23,710
南投縣,南投市,新興里,72,1293,303,369,672,16,688
南投縣,南投市,新興里,73,1337,255,397,652,32,684
南投縣,南投市,永豐里,74,876,244,278,522,29,551
南投縣,南投市,永豐里,75,971,259,283,542,29,571
南投縣,南投市,永豐里,76,1012,266,302,568,27,595
南投縣,南投市,福興里,77,973,223,296,519,33,552
南投縣,南投市,福興里,78,1002,264,327,591,35,626
南投縣,南投市,福興里,79,1024,281,310,591,24,615
南投縣,南投市,鳳山里,80,1122,298,243,541,57,598
南投縣,南投市,永興里,81,790,175,195,370,30,400
南投縣,南投市,鳳鳴里,82,647,148,148,296,12,308
南投縣,南投市,福山里,83,950,228,280,508,33,541
南投縣,南投市,福山里,84,980,184,321,505,17,522
南投縣,埔里鎮,東門里,85,828,192,291,483,24,507
南投縣,埔里鎮,東門里,86,786,187,273,460,34,494
南投縣,埔里鎮,東門里,87,1062,243,340,583,26,609
南投縣,埔里鎮,杷城里,88,1201,297,425,722,27,749
南投縣,埔里鎮,杷城里,89,1415,268,515,783,22,805
南投縣,埔里鎮,枇杷里,90,1282,268,428,696,29,725
南投縣,埔里鎮,枇杷里,91,859,160,319,479,18,497
南投縣,埔里鎮,枇杷里,92,1288,263,441,704,41,745
南投縣,埔里鎮,枇杷里,93,1330,274,463,737,21,758
南投縣,埔里鎮,枇杷里,94,1416,277,452,729,43,772
南投縣,埔里鎮,枇杷里,95,1283,238,385,623,26,649
南投縣,埔里鎮,水頭里,96,1151,226,426,652,50,702
南投縣,埔里鎮,水頭里,97,1193,236,374,610,25,635
南投縣,埔里鎮,水頭里,98,1471,326,483,809,39,848
南投縣,埔里鎮,麒麟里,99,1044,202,306,508,32,540
南投縣,埔里鎮,珠格里,100,1122,248,377,625,47,672
南投縣,埔里鎮,溪南里,101,1129,213,485,698,33,731
南投縣,埔里鎮,西門里,102,901,191,306,497,14,511
南投縣,埔里鎮,西門里,103,997,246,278,524,29,553
南投縣,埔里鎮,西門里,104,1209,245,399,644,36,680
南投縣,埔里鎮,南門里,105,838,206,414,620,26,646
南投縣,埔里鎮,北門里,106,1226,227,371,598,22,620
南投縣,埔里鎮,北門里,107,1263,281,489,770,26,796
南投縣,埔里鎮,北安里,108,1045,232,378,610,29,639
南投縣,埔里鎮,北安里,109,1120,258,421,679,23,702
南投縣,埔里鎮,北安里,110,1062,254,412,666,30,696
南投縣,埔里鎮,北梅里,111,1022,212,364,576,27,603
南投縣,埔里鎮,北梅里,112,1051,239,348,587,15,602
南投縣,埔里鎮,北梅里,113,1106,221,398,619,19,638
南投縣,埔里鎮,泰安里,114,1098,220,401,621,14,635
南投縣,埔里鎮,泰安里,115,1067,237,379,616,19,635
南投縣,埔里鎮,大湳里,116,725,214,183,397,36,433
南投縣,埔里鎮,大湳里,117,905,205,318,523,31,554
南投縣,埔里鎮,蜈蚣里,118,1179,242,364,606,40,646
南投縣,埔里鎮,蜈蚣里,119,944,159,305,464,33,497
南投縣,埔里鎮,蜈蚣里,120,465,118,129,247,23,270
南投縣,埔里鎮,同聲里,121,1133,237,379,616,30,646
南投縣,埔里鎮,同聲里,122,1100,218,346,564,38,602
南投縣,埔里鎮,清新里,123,1155,235,406,641,36,677
南投縣,埔里鎮,清新里,124,1254,242,399,641,37,678
南投縣,埔里鎮,清新里,125,1296,249,408,657,49,706
南投縣,埔里鎮,薰化里,126,1023,285,360,645,20,665
南投縣,埔里鎮,大城里,127,964,165,299,464,15,479
南投縣,埔里鎮,大城里,128,986,222,332,554,28,582
南投縣,埔里鎮,大城里,129,1016,196,396,592,23,615
南投縣,埔里鎮,大城里,130,898,211,291,502,35,537
南投縣,埔里鎮,大城里,131,980,231,341,572,31,603
南投縣,埔里鎮,大城里,132,933,211,335,546,18,564
南投縣,埔里鎮,籃城里,133,929,263,361,624,28,652
南投縣,埔里鎮,桃米里,134,1032,210,357,567,23,590
南投縣,埔里鎮,成功里,135,315,45,104,149,10,159
南投縣,埔里鎮,南村里,136,1363,283,423,706,35,741
南投縣,埔里鎮,愛蘭里,137,725,157,253,410,31,441
南投縣,埔里鎮,愛蘭里,138,705,167,233,400,29,429
南投縣,埔里鎮,鐵山里,139,751,213,252,465,22,487
南投縣,埔里鎮,鐵山里,140,932,186,326,512,22,534
南投縣,埔里鎮,房里里,141,956,205,334,539,28,567
南投縣,埔里鎮,房里里,142,376,91,107,198,17,215
南投縣,埔里鎮,向善里,143,682,93,289,382,26,408
南投縣,埔里鎮,一新里,144,990,155,458,613,37,650
南投縣,埔里鎮,合成里,145,1324,251,383,634,44,678
南投縣,埔里鎮,合成里,146,298,75,63,138,9,147
南投縣,埔里鎮,廣成里,147,1170,228,396,624,41,665
南投縣,埔里鎮,史港里,148,604,133,220,353,14,367
南投縣,埔里鎮,福興里,149,999,228,304,532,26,558
南投縣,埔里鎮,牛眠里,150,923,189,290,479,12,491
南投縣,埔里鎮,牛眠里,151,887,190,325,515,23,538
南投縣,埔里鎮,牛眠里,152,981,219,293,512,30,542
南投縣,草屯鎮,玉峰里,153,998,267,336,603,19,622
南投縣,草屯鎮,玉峰里,154,1127,248,369,617,13,630
南投縣,草屯鎮,明正里,155,1401,278,472,750,19,769
南投縣,草屯鎮,明正里,156,1110,284,325,609,20,629
南投縣,草屯鎮,明正里,157,1285,104,626,730,36,766
南投縣,草屯鎮,炎峰里,158,936,218,303,521,23,544
南投縣,草屯鎮,炎峰里,159,1141,266,381,647,33,680
南投縣,草屯鎮,中正里,160,705,179,246,425,21,446
南投縣,草屯鎮,和平里,161,1121,332,371,703,14,717
南投縣,草屯鎮,中山里,162,877,253,311,564,18,582
南投縣,草屯鎮,中山里,163,1401,363,431,794,29,823
南投縣,草屯鎮,敦和里,164,1267,291,388,679,26,705
南投縣,草屯鎮,敦和里,165,1214,234,443,677,45,722
南投縣,草屯鎮,敦和里,166,1259,305,410,715,38,753
南投縣,草屯鎮,敦和里,167,1442,350,503,853,24,877
南投縣,草屯鎮,敦和里,168,1273,305,427,732,31,763
南投縣,草屯鎮,山腳里,169,1145,229,393,622,26,648
南投縣,草屯鎮,山腳里,170,1279,244,459,703,17,720
南投縣,草屯鎮,山腳里,171,1158,231,412,643,18,661
南投縣,草屯鎮,山腳里,172,1335,269,587,856,19,875
南投縣,草屯鎮,山腳里,173,1178,283,436,719,27,746
南投縣,草屯鎮,山腳里,174,1327,296,452,748,35,783
南投縣,草屯鎮,新厝里,175,1000,222,367,589,29,618
南投縣,草屯鎮,新厝里,176,1257,248,347,595,23,618
南投縣,草屯鎮,新厝里,177,883,300,255,555,20,575
南投縣,草屯鎮,上林里,178,1121,231,373,604,19,623
南投縣,草屯鎮,上林里,179,1043,221,370,591,30,621
南投縣,草屯鎮,上林里,180,979,233,361,594,14,608
南投縣,草屯鎮,碧峰里,181,1048,241,290,531,21,552
南投縣,草屯鎮,碧峰里,182,1009,223,329,552,30,582
南投縣,草屯鎮,碧峰里,183,1138,229,356,585,32,617
南投縣,草屯鎮,碧峰里,184,1197,256,396,652,24,676
南投縣,草屯鎮,碧洲里,185,1364,270,510,780,26,806
南投縣,草屯鎮,碧洲里,186,1059,207,410,617,25,642
南投縣,草屯鎮,復興里,187,1108,275,363,638,25,663
南投縣,草屯鎮,復興里,188,879,309,170,479,28,507
南投縣,草屯鎮,復興里,189,957,218,319,537,30,567
南投縣,草屯鎮,御史里,190,1395,219,390,609,21,630
南投縣,草屯鎮,御史里,191,1101,257,399,656,30,686
南投縣,草屯鎮,御史里,192,1297,302,372,674,30,704
南投縣,草屯鎮,御史里,193,877,180,224,404,19,423
南投縣,草屯鎮,御史里,194,1376,264,365,629,55,684
南投縣,草屯鎮,新豐里,195,1008,260,371,631,24,655
南投縣,草屯鎮,新豐里,196,1080,271,376,647,27,674
南投縣,草屯鎮,新豐里,197,1017,254,289,543,32,575
南投縣,草屯鎮,新豐里,198,961,287,301,588,27,615
南投縣,草屯鎮,新庄里,199,1160,285,392,677,35,712
南投縣,草屯鎮,新庄里,200,1121,256,398,654,15,669
南投縣,草屯鎮,新庄里,201,1243,279,414,693,30,723
南投縣,草屯鎮,加老里,202,932,263,304,567,12,579
南投縣,草屯鎮,加老里,203,1323,385,449,834,37,871
南投縣,草屯鎮,石川里,204,1518,325,464,789,18,807
南投縣,草屯鎮,北投里,205,923,300,270,570,33,603
南投縣,草屯鎮,北投里,206,970,253,257,510,24,534
南投縣,草屯鎮,北投里,207,1026,293,298,591,19,610
南投縣,草屯鎮,富寮里,208,1466,374,421,795,39,834
南投縣,草屯鎮,富寮里,209,1180,260,400,660,20,680
南投縣,草屯鎮,富寮里,210,1006,404,200,604,12,616
南投縣,草屯鎮,富寮里,211,1000,211,284,495,17,512
南投縣,草屯鎮,富寮里,212,1128,253,412,665,26,691
南投縣,草屯鎮,富寮里,213,623,158,194,352,8,360
南投縣,草屯鎮,北勢里,214,707,190,193,383,40,423
南投縣,草屯鎮,北勢里,215,719,199,186,385,19,404
南投縣,草屯鎮,北勢里,216,527,110,129,239,19,258
南投縣,草屯鎮,中原里,217,1183,308,366,674,40,714
南投縣,草屯鎮,中原里,218,869,247,277,524,29,553
南投縣,草屯鎮,南埔里,219,1132,281,298,579,17,596
南投縣,草屯鎮,南埔里,220,949,268,278,546,28,574
南投縣,草屯鎮,南埔里,221,965,246,324,570,17,587
南投縣,草屯鎮,南埔里,222,1068,268,298,566,26,592
南投縣,草屯鎮,坪頂里,223,1024,273,331,604,32,636
南投縣,草屯鎮,土城里,224,642,136,205,341,13,354
南投縣,草屯鎮,土城里,225,1017,226,293,519,23,542
南投縣,草屯鎮,平林里,226,1092,228,377,605,23,628
南投縣,草屯鎮,雙冬里,227,1170,264,378,642,38,680
南投縣,草屯鎮,雙冬里,228,1106,245,401,646,24,670
南投縣,竹山鎮,竹山里,229,1170,290,381,671,37,708
南投縣,竹山鎮,竹山里,230,850,222,286,508,30,538
南投縣,竹山鎮,中正里,231,621,148,173,321,22,343
南投縣,竹山鎮,中山里,232,905,207,276,483,30,513
南投縣,竹山鎮,中山里,233,1099,215,298,513,45,558
南投縣,竹山鎮,中山里,234,1214,216,391,607,44,651
南投縣,竹山鎮,中山里,235,1287,323,417,740,42,782
南投縣,竹山鎮,雲林里,236,1191,274,380,654,42,696
南投縣,竹山鎮,雲林里,237,1118,263,329,592,49,641
南投縣,竹山鎮,雲林里,238,1278,269,446,715,25,740
南投縣,竹山鎮,竹圍里,239,1153,262,378,640,36,676
南投縣,竹山鎮,竹圍里,240,1243,277,347,624,40,664
南投縣,竹山鎮,桂林里,241,1308,302,402,704,39,743
南投縣,竹山鎮,桂林里,242,1358,285,410,695,43,738
南投縣,竹山鎮,桂林里,243,1044,257,293,550,30,580
南投縣,竹山鎮,下坪里,244,511,130,174,304,17,321
南投縣,竹山鎮,下坪里,245,682,134,230,364,11,375
南投縣,竹山鎮,中和里,246,989,277,244,521,24,545
南投縣,竹山鎮,中崎里,247,1378,326,411,737,36,773
南投縣,竹山鎮,秀林里,248,217,42,67,109,6,115
南投縣,竹山鎮,秀林里,249,479,133,137,270,22,292
南投縣,竹山鎮,大鞍里,250,430,84,123,207,9,216
南投縣,竹山鎮,延和里,251,1437,316,469,785,37,822
南投縣,竹山鎮,延和里,252,1286,291,455,746,38,784
南投縣,竹山鎮,延和里,253,1080,358,263,621,37,658
南投縣,竹山鎮,延和里,254,1070,239,340,579,23,602
南投縣,竹山鎮,延祥里,255,1295,272,455,727,30,757
南投縣,竹山鎮,延祥里,256,1047,270,313,583,24,607
南投縣,竹山鎮,延祥里,257,1300,304,402,706,32,738
南投縣,竹山鎮,延正里,258,908,171,242,413,21,434
南投縣,竹山鎮,延正里,259,821,190,198,388,34,422
南投縣,竹山鎮,延平里,260,1320,324,405,729,37,766
南投縣,竹山鎮,延平里,261,967,238,283,521,20,541
南投縣,竹山鎮,延平里,262,595,168,134,302,14,316
南投縣,竹山鎮,延山里,263,859,210,236,446,34,480
南投縣,竹山鎮,山崇里,264,1196,281,330,611,40,651
南投縣,竹山鎮,山崇里,265,649,159,182,341,32,373
南投縣,竹山鎮,社寮里,266,1341,333,405,738,30,768
南投縣,竹山鎮,中央里,267,1222,286,325,611,39,650
南投縣,竹山鎮,富州里,268,602,151,181,332,18,350
南投縣,竹山鎮,田子里,269,617,147,183,330,16,346
南投縣,竹山鎮,??里,270,793,195,263,458,38,496
南投縣,竹山鎮,??里,271,922,248,277,525,19,544
南投縣,竹山鎮,德興里,272,366,80,99,179,17,196
南投縣,竹山鎮,德興里,273,509,79,166,245,6,251
南投縣,竹山鎮,福興里,274,193,32,74,106,5,111
南投縣,竹山鎮,福興里,275,406,91,147,238,15,253
南投縣,竹山鎮,鯉魚里,276,495,114,121,235,19,254
南投縣,竹山鎮,鯉魚里,277,307,58,54,112,8,120
南投縣,竹山鎮,坪頂里,278,440,92,132,224,15,239
南投縣,竹山鎮,瑞竹里,279,577,122,163,285,29,314
南投縣,竹山鎮,桶頭里,280,486,95,92,187,27,214
南投縣,竹山鎮,桶頭里,281,403,60,79,139,9,148
南投縣,集集鎮,集集里,282,1070,239,400,639,26,665
南投縣,集集鎮,和平里,283,918,209,330,539,23,562
南投縣,集集鎮,林尾里,284,581,142,198,340,17,357
南投縣,集集鎮,田寮里,285,1194,328,359,687,32,719
南投縣,集集鎮,隘寮里,286,488,96,113,209,16,225
南投縣,集集鎮,玉映里,287,504,126,163,289,24,313
南投縣,集集鎮,吳厝里,288,910,229,306,535,30,565
南投縣,集集鎮,八張里,289,773,186,272,458,30,488
南投縣,集集鎮,八張里,290,709,180,212,392,18,410
南投縣,集集鎮,永昌里,291,960,220,327,547,18,565
南投縣,集集鎮,廣明里,292,503,99,162,261,17,278
南投縣,集集鎮,廣明里,293,419,70,127,197,16,213
南投縣,集集鎮,富山里,294,582,111,160,271,8,279
南投縣,名間鄉,南雅村,295,1050,302,399,701,31,732
南投縣,名間鄉,中正村,296,920,237,294,531,31,562
南投縣,名間鄉,中正村,297,727,218,231,449,29,478
南投縣,名間鄉,中正村,298,861,235,301,536,13,549
南投縣,名間鄉,中正村,299,897,220,279,499,28,527
南投縣,名間鄉,中山村,300,1055,282,333,615,36,651
南投縣,名間鄉,中山村,301,1184,292,372,664,34,698
南投縣,名間鄉,濁水村,302,783,202,224,426,20,446
南投縣,名間鄉,濁水村,303,781,193,278,471,27,498
南投縣,名間鄉,新民村,304,977,259,272,531,33,564
南投縣,名間鄉,炭寮村,305,1015,244,294,538,38,576
南投縣,名間鄉,新街村,306,914,254,299,553,16,569
南投縣,名間鄉,新街村,307,1028,291,333,624,11,635
南投縣,名間鄉,新街村,308,1018,285,306,591,32,623
南投縣,名間鄉,新街村,309,1274,331,371,702,54,756
南投縣,名間鄉,東湖村,310,755,226,200,426,30,456
南投縣,名間鄉,東湖村,311,895,254,301,555,37,592
南投縣,名間鄉,仁和村,312,892,174,329,503,24,527
南投縣,名間鄉,萬丹村,313,951,264,249,513,41,554
南投縣,名間鄉,田仔村,314,1261,328,366,694,36,730
南投縣,名間鄉,大坑村,315,768,195,216,411,34,445
南投縣,名間鄉,大庄村,316,962,318,237,555,31,586
南投縣,名間鄉,大庄村,317,867,253,264,517,28,545
南投縣,名間鄉,?下村,318,930,273,261,534,35,569
南投縣,名間鄉,赤水村,319,641,165,188,353,39,392
南投縣,名間鄉,赤水村,320,530,144,129,273,14,287
南投縣,名間鄉,竹圍村,321,931,262,266,528,36,564
南投縣,名間鄉,三崙村,322,1127,285,350,635,36,671
南投縣,名間鄉,三崙村,323,443,150,122,272,25,297
南投縣,名間鄉,松山村,324,870,242,265,507,31,538
南投縣,名間鄉,松山村,325,621,174,197,371,24,395
南投縣,名間鄉,松柏村,326,1179,295,334,629,28,657
南投縣,名間鄉,崁腳村,327,881,195,322,517,41,558
南投縣,名間鄉,埔中村,328,876,216,347,563,35,598
南投縣,名間鄉,新厝村,329,783,199,246,445,33,478
南投縣,名間鄉,新光村,330,778,167,238,405,21,426
南投縣,名間鄉,新光村,331,983,246,263,509,39,548
南投縣,鹿谷鄉,鹿谷村,332,934,177,290,467,17,484
南投縣,鹿谷鄉,鹿谷村,333,940,229,279,508,35,543
南投縣,鹿谷鄉,彰雅村,334,852,183,256,439,19,458
南投縣,鹿谷鄉,彰雅村,335,451,97,115,212,17,229
南投縣,鹿谷鄉,廣興村,336,810,180,290,470,27,497
南投縣,鹿谷鄉,廣興村,337,1142,229,439,668,44,712
南投縣,鹿谷鄉,永隆村,338,766,143,230,373,11,384
南投縣,鹿谷鄉,永隆村,339,884,203,288,491,32,523
南投縣,鹿谷鄉,鳳凰村,340,811,203,239,442,24,466
南投縣,鹿谷鄉,鳳凰村,341,581,106,151,257,22,279
南投縣,鹿谷鄉,內湖村,342,578,122,162,284,15,299
南投縣,鹿谷鄉,內湖村,343,467,113,150,263,16,279
南投縣,鹿谷鄉,和雅村,344,622,132,192,324,23,347
南投縣,鹿谷鄉,竹林村,345,740,171,205,376,19,395
南投縣,鹿谷鄉,竹林村,346,767,146,265,411,23,434
南投縣,鹿谷鄉,竹豐村,347,909,210,292,502,32,534
南投縣,鹿谷鄉,初鄉村,348,713,126,230,356,18,374
南投縣,鹿谷鄉,初鄉村,349,717,118,199,317,22,339
南投縣,鹿谷鄉,秀峰村,350,794,188,195,383,32,415
南投縣,鹿谷鄉,清水村,351,726,188,181,369,20,389
南投縣,鹿谷鄉,瑞田村,352,737,164,154,318,22,340
南投縣,中寮鄉,廣興村,353,822,246,241,487,21,508
南投縣,中寮鄉,崁頂村,354,253,69,80,149,6,155
南投縣,中寮鄉,崁頂村,355,221,37,54,91,5,96
南投縣,中寮鄉,八仙村,356,353,74,91,165,5,170
南投縣,中寮鄉,八仙村,357,427,107,111,218,19,237
南投縣,中寮鄉,福盛村,358,406,98,123,221,10,231
南投縣,中寮鄉,福盛村,359,307,54,94,148,18,166
南投縣,中寮鄉,和興村,360,661,170,208,378,25,403
南投縣,中寮鄉,復興村,361,290,85,97,182,11,193
南投縣,中寮鄉,永平村,362,973,246,298,544,29,573
南投縣,中寮鄉,永平村,363,754,186,242,428,28,456
南投縣,中寮鄉,中寮村,364,662,138,213,351,17,368
南投縣,中寮鄉,廣福村,365,490,114,118,232,11,243
南投縣,中寮鄉,永福村,366,335,83,76,159,18,177
南投縣,中寮鄉,永福村,367,990,184,364,548,28,576
南投縣,中寮鄉,義和村,368,461,117,168,285,17,302
南投縣,中寮鄉,義和村,369,614,171,194,365,20,385
南投縣,中寮鄉,清水村,370,895,223,261,484,27,511
南投縣,中寮鄉,內城村,371,465,114,126,240,28,268
南投縣,中寮鄉,龍安村,372,682,177,187,364,40,404
南投縣,中寮鄉,爽文村,373,490,150,130,280,23,303
南投縣,中寮鄉,龍岩村,374,643,156,211,367,32,399
南投縣,中寮鄉,永芳村,375,459,129,144,273,14,287
南投縣,中寮鄉,永和村,376,528,99,151,250,17,267
南投縣,魚池鄉,魚池村,377,922,239,269,508,29,537
南投縣,魚池鄉,魚池村,378,1098,262,333,595,54,649
南投縣,魚池鄉,東池村,379,720,147,220,367,21,388
南投縣,魚池鄉,東池村,380,860,188,289,477,30,507
南投縣,魚池鄉,大林村,381,514,120,133,253,15,268
南投縣,魚池鄉,大林村,382,574,124,158,282,11,293
南投縣,魚池鄉,東光村,383,1249,277,362,639,42,681
南投縣,魚池鄉,共和村,384,293,82,104,186,10,196
南投縣,魚池鄉,共和村,385,513,113,155,268,13,281
南投縣,魚池鄉,共和村,386,186,54,45,99,4,103
南投縣,魚池鄉,新城村,387,841,170,262,432,22,454
南投縣,魚池鄉,新城村,388,270,90,66,156,14,170
南投縣,魚池鄉,新城村,389,275,66,81,147,8,155
南投縣,魚池鄉,大雁村,390,282,48,79,127,10,137
南投縣,魚池鄉,大雁村,391,392,94,97,191,8,199
南投縣,魚池鄉,五城村,392,556,101,184,285,26,311
南投縣,魚池鄉,五城村,393,176,32,59,91,8,99
南投縣,魚池鄉,中明村,394,578,131,123,254,22,276
南投縣,魚池鄉,中明村,395,439,86,125,211,13,224
南投縣,魚池鄉,水社村,396,844,153,319,472,22,494
南投縣,魚池鄉,日月村,397,868,186,259,445,29,474
南投縣,魚池鄉,頭社村,398,405,65,119,184,7,191
南投縣,魚池鄉,頭社村,399,537,130,161,291,16,307
南投縣,魚池鄉,武登村,400,335,79,96,175,11,186
南投縣,魚池鄉,武登村,401,231,33,61,94,10,104
南投縣,國姓鄉,國姓村,402,964,257,315,572,31,603
南投縣,國姓鄉,國姓村,403,736,163,241,404,16,420
南投縣,國姓鄉,石門村,404,801,176,266,442,35,477
南投縣,國姓鄉,石門村,405,964,215,333,548,13,561
南投縣,國姓鄉,大旗村,406,686,147,227,374,16,390
南投縣,國姓鄉,長流村,407,661,137,196,333,29,362
南投縣,國姓鄉,長流村,408,730,127,217,344,40,384
南投縣,國姓鄉,長豐村,409,774,168,233,401,36,437
南投縣,國姓鄉,長福村,410,706,169,244,413,14,427
南投縣,國姓鄉,北港村,411,1012,206,354,560,22,582
南投縣,國姓鄉,北港村,412,868,171,228,399,19,418
南投縣,國姓鄉,福龜村,413,918,162,382,544,19,563
南投縣,國姓鄉,福龜村,414,937,193,311,504,34,538
南投縣,國姓鄉,乾溝村,415,815,286,239,525,36,561
南投縣,國姓鄉,柑林村,416,1134,247,405,652,32,684
南投縣,國姓鄉,大石村,417,714,155,226,381,18,399
南投縣,國姓鄉,北山村,418,1095,239,375,614,37,651
南投縣,國姓鄉,北山村,419,448,96,129,225,18,243
南投縣,國姓鄉,南港村,420,1064,179,352,531,44,575
南投縣,國姓鄉,南港村,421,570,103,179,282,19,301
南投縣,水里鄉,水里村,422,757,152,252,404,19,423
南投縣,水里鄉,新城村,423,554,135,153,288,26,314
南投縣,水里鄉,新城村,424,999,256,294,550,27,577
南投縣,水里鄉,中央村,425,616,122,197,319,13,332
南投縣,水里鄉,城中村,426,875,188,324,512,17,529
南投縣,水里鄉,農富村,427,480,116,179,295,6,301
南投縣,水里鄉,車埕村,428,450,107,125,232,18,250
南投縣,水里鄉,新興村,429,643,140,176,316,40,356
南投縣,水里鄉,北埔村,430,1004,229,342,571,20,591
南投縣,水里鄉,南光村,431,741,167,227,394,15,409
南投縣,水里鄉,南光村,432,802,198,267,465,8,473
南投縣,水里鄉,鉅工村,433,998,240,370,610,35,645
南投縣,水里鄉,永豐村,434,800,187,227,414,29,443
南投縣,水里鄉,永豐村,435,589,137,213,350,19,369
南投縣,水里鄉,民和村,436,887,175,264,439,29,468
南投縣,水里鄉,頂崁村,437,1217,222,387,609,29,638
南投縣,水里鄉,新山村,438,205,32,43,75,4,79
南投縣,水里鄉,郡坑村,439,330,71,120,191,18,209
南投縣,水里鄉,上安村,440,1100,196,367,563,24,587
南投縣,水里鄉,興隆村,441,275,41,52,93,7,100
南投縣,水里鄉,永興村,442,318,68,71,139,6,145
南投縣,水里鄉,玉峰村,443,818,211,198,409,49,458
南投縣,信義鄉,明德村,444,1201,385,228,613,70,683
南投縣,信義鄉,明德村,445,329,61,109,170,7,177
南投縣,信義鄉,愛國村,446,516,120,146,266,15,281
南投縣,信義鄉,自強村,447,424,91,99,190,16,206
南投縣,信義鄉,自強村,448,321,75,92,167,2,169
南投縣,信義鄉,豐丘村,449,648,156,227,383,16,399
南投縣,信義鄉,新鄉村,450,584,125,234,359,73,432
南投縣,信義鄉,羅娜村,451,1376,159,248,407,17,424
南投縣,信義鄉,望美村,452,979,198,273,471,23,494
南投縣,信義鄉,望美村,453,530,162,188,350,42,392
南投縣,信義鄉,同富村,454,961,199,274,473,33,506
南投縣,信義鄉,同富村,455,464,99,147,246,10,256
南投縣,信義鄉,神木村,456,517,123,158,281,27,308
南投縣,信義鄉,神木村,457,149,34,51,85,5,90
南投縣,信義鄉,東埔村,458,1020,242,404,646,118,764
南投縣,信義鄉,人和村,459,929,181,335,516,122,638
南投縣,信義鄉,人和村,460,274,54,68,122,6,128
南投縣,信義鄉,地利村,461,900,152,439,591,43,634
南投縣,信義鄉,雙龍村,462,617,123,299,422,29,451
南投縣,信義鄉,潭南村,463,560,116,219,335,30,365
南投縣,仁愛鄉,南豐村,464,973,368,157,525,23,548
南投縣,仁愛鄉,南豐村,465,296,61,80,141,9,150
南投縣,仁愛鄉,大同村,466,900,310,143,453,9,462
南投縣,仁愛鄉,大同村,467,460,80,205,285,13,298
南投縣,仁愛鄉,大同村,468,305,70,106,176,7,183
南投縣,仁愛鄉,榮興村,469,58,2,17,19,1,20
南投縣,仁愛鄉,春陽村,470,952,121,399,520,3,523
南投縣,仁愛鄉,精英村,471,679,112,187,299,4,303
南投縣,仁愛鄉,都達村,472,623,101,225,326,43,369
南投縣,仁愛鄉,合作村,473,597,80,138,218,6,224
南投縣,仁愛鄉,發祥村,474,384,80,149,229,20,249
南投縣,仁愛鄉,發祥村,475,121,16,44,60,2,62
南投縣,仁愛鄉,發祥村,476,264,46,116,162,2,164
南投縣,仁愛鄉,力行村,477,509,85,276,361,19,380
南投縣,仁愛鄉,翠華村,478,338,48,140,188,19,207
南投縣,仁愛鄉,翠華村,479,169,49,41,90,2,92
南投縣,仁愛鄉,親愛村,480,613,75,196,271,22,293
南投縣,仁愛鄉,親愛村,481,404,67,114,181,9,190
南投縣,仁愛鄉,親愛村,482,134,19,56,75,3,78
南投縣,仁愛鄉,萬豐村,483,630,119,241,360,44,404
南投縣,仁愛鄉,法治村,484,763,123,218,341,17,358
南投縣,仁愛鄉,中正村,485,889,110,433,543,35,578
南投縣,仁愛鄉,互助村,486,672,116,287,403,37,440
南投縣,仁愛鄉,互助村,487,447,75,184,259,15,274
南投縣,仁愛鄉,新生村,488,409,65,234,299,6,305
雲林縣,麥寮鄉,麥豐村,1,1497,263,359,622,44,666
雲林縣,麥寮鄉,麥豐村,2,1738,357,467,824,48,872
雲林縣,麥寮鄉,麥豐村,3,1921,392,514,906,51,957
雲林縣,麥寮鄉,麥豐村,4,1832,329,497,826,45,871
雲林縣,麥寮鄉,麥津村,5,1340,232,321,553,58,611
雲林縣,麥寮鄉,麥津村,6,1138,226,286,512,41,553
雲林縣,麥寮鄉,麥津村,7,1551,268,457,725,48,773
雲林縣,麥寮鄉,瓦?村,8,715,128,161,289,23,312
雲林縣,麥寮鄉,瓦?村,9,1194,262,247,509,20,529
雲林縣,麥寮鄉,興華村,10,1023,202,258,460,29,489
雲林縣,麥寮鄉,興華村,11,1558,290,302,592,35,627
雲林縣,麥寮鄉,海豐村,12,1187,218,250,468,19,487
雲林縣,麥寮鄉,海豐村,13,983,159,236,395,25,420
雲林縣,麥寮鄉,後安村,14,1363,250,373,623,48,671
雲林縣,麥寮鄉,後安村,15,1596,285,423,708,61,769
雲林縣,麥寮鄉,中興村,16,1469,358,436,794,70,864
雲林縣,麥寮鄉,三盛村,17,964,174,230,404,34,438
雲林縣,麥寮鄉,三盛村,18,1038,211,205,416,36,452
雲林縣,麥寮鄉,崙後村,19,1230,234,337,571,51,622
雲林縣,麥寮鄉,崙後村,20,1329,292,312,604,43,647
雲林縣,麥寮鄉,橋頭村,21,1129,210,337,547,59,606
雲林縣,麥寮鄉,橋頭村,22,1241,280,348,628,67,695
雲林縣,麥寮鄉,橋頭村,23,1471,329,403,732,79,811
雲林縣,麥寮鄉,新吉村,24,1107,286,286,572,64,636
雲林縣,麥寮鄉,施厝村,25,1636,397,449,846,54,900
雲林縣,麥寮鄉,施厝村,26,1755,375,458,833,51,884
雲林縣,麥寮鄉,雷厝村,27,1158,256,366,622,26,648
雲林縣,麥寮鄉,雷厝村,28,956,241,250,491,29,520
雲林縣,臺西鄉,臺西村,29,1238,252,401,653,36,689
雲林縣,臺西鄉,海南村,30,1091,210,280,490,26,516
雲林縣,臺西鄉,海北村,31,1098,240,301,541,50,591
雲林縣,臺西鄉,海口村,32,1048,185,243,428,28,456
雲林縣,臺西鄉,海口村,33,1025,225,243,468,28,496
雲林縣,臺西鄉,山寮村,34,850,198,209,407,25,432
雲林縣,臺西鄉,溪頂村,35,1460,308,309,617,32,649
雲林縣,臺西鄉,牛厝村,36,1180,187,201,388,53,441
雲林縣,臺西鄉,牛厝村,37,710,112,110,222,18,240
雲林縣,臺西鄉,泉州村,38,620,140,112,252,12,264
雲林縣,臺西鄉,五榔村,39,449,115,85,200,14,214
雲林縣,臺西鄉,光華村,40,687,128,125,253,29,282
雲林縣,臺西鄉,五港村,41,1247,285,247,532,39,571
雲林縣,臺西鄉,五港村,42,583,72,125,197,12,209
雲林縣,臺西鄉,富琦村,43,1042,213,286,499,33,532
雲林縣,臺西鄉,富琦村,44,472,90,114,204,16,220
雲林縣,臺西鄉,永豐村,45,1409,223,344,567,33,600
雲林縣,臺西鄉,和豐村,46,1061,258,255,513,53,566
雲林縣,臺西鄉,和豐村,47,993,189,216,405,29,434
雲林縣,臺西鄉,和豐村,48,1013,226,209,435,63,498
雲林縣,臺西鄉,蚊港村,49,1233,244,336,580,29,609
雲林縣,臺西鄉,蚊港村,50,616,106,135,241,23,264
雲林縣,東勢鄉,月眉村,51,1207,271,247,518,37,555
雲林縣,東勢鄉,復興村,52,540,156,152,308,18,326
雲林縣,東勢鄉,嘉隆村,53,896,224,155,379,21,400
雲林縣,東勢鄉,嘉隆村,54,728,189,169,358,38,396
雲林縣,東勢鄉,東南村,55,1533,347,483,830,49,879
雲林縣,東勢鄉,東北村,56,1203,333,344,677,45,722
雲林縣,東勢鄉,龍潭村,57,817,210,156,366,30,396
雲林縣,東勢鄉,程海村,58,546,140,170,310,19,329
雲林縣,東勢鄉,昌南村,59,853,209,181,390,48,438
雲林縣,東勢鄉,安南村,60,856,204,149,353,26,379
雲林縣,東勢鄉,同安村,61,923,221,196,417,32,449
雲林縣,東勢鄉,同安村,62,1022,245,242,487,35,522
雲林縣,東勢鄉,四美村,63,634,115,119,234,13,247
雲林縣,東勢鄉,四美村,64,394,96,71,167,15,182
雲林縣,東勢鄉,新坤村,65,1087,203,205,408,33,441
雲林縣,褒忠鄉,中民村,66,923,223,263,486,36,522
雲林縣,褒忠鄉,中民村,67,993,288,274,562,25,587
雲林縣,褒忠鄉,埔姜村,68,748,178,204,382,13,395
雲林縣,褒忠鄉,埔姜村,69,702,175,178,353,10,363
雲林縣,褒忠鄉,中勝村,70,752,194,203,397,12,409
雲林縣,褒忠鄉,中勝村,71,756,198,196,394,14,408
雲林縣,褒忠鄉,馬鳴村,72,490,109,145,254,6,260
雲林縣,褒忠鄉,馬鳴村,73,1034,216,277,493,29,522
雲林縣,褒忠鄉,新湖村,74,470,121,98,219,21,240
雲林縣,褒忠鄉,新湖村,75,737,212,150,362,16,378
雲林縣,褒忠鄉,有才村,76,878,208,198,406,31,437
雲林縣,褒忠鄉,田洋村,77,778,157,204,361,29,390
雲林縣,褒忠鄉,龍岩村,78,1224,295,315,610,33,643
雲林縣,褒忠鄉,潮厝村,79,896,253,153,406,35,441
雲林縣,土庫鎮,忠正里,80,809,238,251,489,29,518
雲林縣,土庫鎮,順天里,81,896,204,257,461,36,497
雲林縣,土庫鎮,宮北里,82,687,197,182,379,23,402
雲林縣,土庫鎮,宮北里,83,702,181,262,443,29,472
雲林縣,土庫鎮,越港里,84,1032,248,372,620,24,644
雲林縣,土庫鎮,溪邊里,85,697,186,153,339,41,380
雲林縣,土庫鎮,溪邊里,86,427,95,113,208,21,229
雲林縣,土庫鎮,石廟里,87,1451,336,448,784,39,823
雲林縣,土庫鎮,石廟里,88,1283,343,376,719,15,734
雲林縣,土庫鎮,興新里,89,634,143,143,286,8,294
雲林縣,土庫鎮,興新里,90,796,202,212,414,25,439
雲林縣,土庫鎮,奮起里,91,745,168,141,309,25,334
雲林縣,土庫鎮,奮起里,92,576,122,145,267,22,289
雲林縣,土庫鎮,埤腳里,93,743,153,172,325,36,361
雲林縣,土庫鎮,埤腳里,94,534,119,116,235,7,242
雲林縣,土庫鎮,後埔里,95,1199,251,239,490,58,548
雲林縣,土庫鎮,後埔里,96,1077,241,262,503,49,552
雲林縣,土庫鎮,崙內里,97,819,175,176,351,22,373
雲林縣,土庫鎮,崙內里,98,684,195,149,344,29,373
雲林縣,土庫鎮,大荖里,99,843,219,217,436,29,465
雲林縣,土庫鎮,東平里,100,916,271,192,463,34,497
雲林縣,土庫鎮,東平里,101,948,239,230,469,21,490
雲林縣,土庫鎮,南平里,102,914,231,245,476,31,507
雲林縣,土庫鎮,南平里,103,860,238,204,442,46,488
雲林縣,土庫鎮,西平里,104,929,236,197,433,38,471
雲林縣,土庫鎮,西平里,105,875,208,181,389,35,424
雲林縣,土庫鎮,北平里,106,896,208,181,389,25,414
雲林縣,土庫鎮,新庄里,107,757,165,150,315,33,348
雲林縣,土庫鎮,新庄里,108,683,160,151,311,25,336
雲林縣,虎尾鎮,東仁里,109,1347,287,426,713,31,744
雲林縣,虎尾鎮,東仁里,110,1258,313,410,723,29,752
雲林縣,虎尾鎮,新興里,111,785,197,236,433,17,450
雲林縣,虎尾鎮,新興里,112,890,178,231,409,29,438
雲林縣,虎尾鎮,公安里,113,1413,366,446,812,27,839
雲林縣,虎尾鎮,公安里,114,1431,374,465,839,33,872
雲林縣,虎尾鎮,德興里,115,1224,261,360,621,41,662
雲林縣,虎尾鎮,德興里,116,1325,223,406,629,28,657
雲林縣,虎尾鎮,中山里,117,941,251,281,532,40,572
雲林縣,虎尾鎮,西安里,118,1613,346,514,860,24,884
雲林縣,虎尾鎮,西安里,119,1641,322,523,845,26,871
雲林縣,虎尾鎮,立仁里,120,1200,262,423,685,30,715
雲林縣,虎尾鎮,立仁里,121,1294,331,401,732,32,764
雲林縣,虎尾鎮,立仁里,122,1273,287,422,709,25,734
雲林縣,虎尾鎮,安慶里,123,1438,375,482,857,31,888
雲林縣,虎尾鎮,平和里,124,1361,310,469,779,18,797
雲林縣,虎尾鎮,平和里,125,1444,324,506,830,33,863
雲林縣,虎尾鎮,平和里,126,1490,363,536,899,28,927
雲林縣,虎尾鎮,興南里,127,1307,330,471,801,32,833
雲林縣,虎尾鎮,興南里,128,967,247,227,474,21,495
雲林縣,虎尾鎮,新吉里,129,1865,397,597,994,32,1026
雲林縣,虎尾鎮,新吉里,130,1880,545,585,1130,28,1158
雲林縣,虎尾鎮,穎川里,131,1099,255,312,567,31,598
雲林縣,虎尾鎮,穎川里,132,901,248,262,510,13,523
雲林縣,虎尾鎮,延平里,133,1120,261,335,596,26,622
雲林縣,虎尾鎮,建國里,134,545,89,159,248,12,260
雲林縣,虎尾鎮,埒內里,135,1420,378,361,739,39,778
雲林縣,虎尾鎮,埒內里,136,1248,333,295,628,19,647
雲林縣,虎尾鎮,堀頭里,137,799,185,240,425,24,449
雲林縣,虎尾鎮,安溪里,138,836,194,217,411,38,449
雲林縣,虎尾鎮,安溪里,139,924,199,208,407,34,441
雲林縣,虎尾鎮,興中里,140,1648,301,411,712,28,740
雲林縣,虎尾鎮,廉使里,141,1616,372,346,718,66,784
雲林縣,虎尾鎮,廉使里,142,1546,366,376,742,40,782
雲林縣,虎尾鎮,惠來里,143,1283,250,396,646,31,677
雲林縣,虎尾鎮,惠來里,144,1078,291,245,536,17,553
雲林縣,虎尾鎮,頂溪里,145,1313,344,288,632,30,662
雲林縣,虎尾鎮,頂溪里,146,1284,306,316,622,25,647
雲林縣,虎尾鎮,中溪里,147,1356,324,357,681,47,728
雲林縣,虎尾鎮,下溪里,148,1504,336,483,819,43,862
雲林縣,虎尾鎮,東屯里,149,1224,269,279,548,26,574
雲林縣,虎尾鎮,西屯里,150,1509,312,358,670,43,713
雲林縣,虎尾鎮,芳草里,151,855,192,147,339,33,372
雲林縣,虎尾鎮,墾地里,152,1549,313,356,669,54,723
雲林縣,虎尾鎮,北溪里,153,851,182,218,400,23,423
雲林縣,虎尾鎮,三合里,154,1272,249,339,588,51,639
雲林縣,四湖鄉,四湖村,155,1082,217,239,456,31,487
雲林縣,四湖鄉,四湖村,156,676,196,169,365,16,381
雲林縣,四湖鄉,湖西村,157,862,178,242,420,16,436
雲林縣,四湖鄉,湖西村,158,477,117,64,181,17,198
雲林縣,四湖鄉,湖西村,159,952,204,257,461,72,533
雲林縣,四湖鄉,新庄村,160,650,140,117,257,5,262
雲林縣,四湖鄉,溪底村,161,969,215,209,424,12,436
雲林縣,四湖鄉,鹿場村,162,925,209,142,351,26,377
雲林縣,四湖鄉,蔡厝村,163,914,194,195,389,20,409
雲林縣,四湖鄉,湖寮村,164,759,150,95,245,15,260
雲林縣,四湖鄉,施湖村,165,1219,228,229,457,33,490
雲林縣,四湖鄉,羊調村,166,937,145,157,302,24,326
雲林縣,四湖鄉,內湖村,167,773,139,105,244,10,254
雲林縣,四湖鄉,飛東村,168,555,102,95,197,28,225
雲林縣,四湖鄉,飛沙村,169,876,130,152,282,19,301
雲林縣,四湖鄉,三姓村,170,360,68,63,131,8,139
雲林縣,四湖鄉,崙北村,171,885,136,113,249,24,273
雲林縣,四湖鄉,崙北村,172,833,121,152,273,13,286
雲林縣,四湖鄉,崙南村,173,785,164,141,305,29,334
雲林縣,四湖鄉,廣溝村,174,705,128,181,309,30,339
雲林縣,四湖鄉,箔子村,175,927,203,131,334,26,360
雲林縣,四湖鄉,箔東村,176,1058,210,146,356,33,389
雲林縣,四湖鄉,林厝村,177,1071,226,157,383,26,409
雲林縣,四湖鄉,林東村,178,1022,153,131,284,18,302
雲林縣,四湖鄉,溪尾村,179,711,131,150,281,23,304
雲林縣,元長鄉,長南村,180,915,212,219,431,30,461
雲林縣,元長鄉,長南村,181,1284,290,306,596,21,617
雲林縣,元長鄉,長南村,182,1150,289,238,527,30,557
雲林縣,元長鄉,長北村,183,744,170,141,311,32,343
雲林縣,元長鄉,長北村,184,790,187,170,357,33,390
雲林縣,元長鄉,子茂村,185,1356,311,272,583,45,628
雲林縣,元長鄉,後湖村,186,739,200,134,334,26,360
雲林縣,元長鄉,山內村,187,965,165,202,367,32,399
雲林縣,元長鄉,合和村,188,1080,243,188,431,34,465
雲林縣,元長鄉,五塊村,189,948,202,158,360,33,393
雲林縣,元長鄉,潭西村,190,762,134,98,232,15,247
雲林縣,元長鄉,潭東村,191,582,123,133,256,19,275
雲林縣,元長鄉,客厝村,192,865,154,174,328,15,343
雲林縣,元長鄉,卓運村,193,362,52,37,89,2,91
雲林縣,元長鄉,頂寮村,194,1162,231,217,448,23,471
雲林縣,元長鄉,下寮村,195,1527,340,346,686,25,711
雲林縣,元長鄉,龍岩村,196,1006,234,205,439,51,490
雲林縣,元長鄉,西莊村,197,855,200,174,374,18,392
雲林縣,元長鄉,鹿北村,198,1181,265,235,500,59,559
雲林縣,元長鄉,鹿南村,199,864,173,154,327,23,350
雲林縣,元長鄉,瓦?村,200,667,135,115,250,25,275
雲林縣,元長鄉,瓦?村,201,878,196,157,353,20,373
雲林縣,元長鄉,內寮村,202,610,118,83,201,8,209
雲林縣,元長鄉,崙仔村,203,837,167,196,363,37,400
雲林縣,元長鄉,新吉村,204,701,170,167,337,20,357
雲林縣,口湖鄉,口湖村,205,1134,128,272,400,47,447
雲林縣,口湖鄉,湖東村,206,1225,292,310,602,64,666
雲林縣,口湖鄉,頂湖村,207,647,109,142,251,33,284
雲林縣,口湖鄉,埔南村,208,709,196,154,350,19,369
雲林縣,口湖鄉,埔北村,209,900,228,166,394,39,433
雲林縣,口湖鄉,謝厝村,210,1011,269,196,465,41,506
雲林縣,口湖鄉,蚵寮村,211,1437,330,263,593,28,621
雲林縣,口湖鄉,下崙村,212,848,180,107,287,7,294
雲林縣,口湖鄉,下崙村,213,1193,234,242,476,28,504
雲林縣,口湖鄉,崙中村,214,759,149,125,274,18,292
雲林縣,口湖鄉,崙中村,215,815,167,178,345,26,371
雲林縣,口湖鄉,崙東村,216,1460,348,322,670,59,729
雲林縣,口湖鄉,青蚶村,217,556,136,80,216,6,222
雲林縣,口湖鄉,港東村,218,1532,340,333,673,44,717
雲林縣,口湖鄉,港西村,219,847,195,202,397,15,412
雲林縣,口湖鄉,台子村,220,374,106,62,168,14,182
雲林縣,口湖鄉,台子村,221,1508,526,260,786,63,849
雲林縣,口湖鄉,成龍村,222,951,249,244,493,40,533
雲林縣,口湖鄉,梧南村,223,910,303,175,478,55,533
雲林縣,口湖鄉,梧南村,224,879,220,264,484,32,516
雲林縣,口湖鄉,梧北村,225,1213,373,191,564,45,609
雲林縣,口湖鄉,水井村,226,952,222,245,467,43,510
雲林縣,口湖鄉,後厝村,227,720,220,144,364,28,392
雲林縣,口湖鄉,湖口村,228,1006,245,175,420,17,437
雲林縣,口湖鄉,過港村,229,607,139,119,258,13,271
雲林縣,水林鄉,水北村,230,1355,351,234,585,27,612
雲林縣,水林鄉,水北村,231,887,220,210,430,15,445
雲林縣,水林鄉,水南村,232,1234,324,327,651,36,687
雲林縣,水林鄉,水南村,233,763,202,165,367,15,382
雲林縣,水林鄉,萬興村,234,721,191,99,290,26,316
雲林縣,水林鄉,尖山村,235,647,133,117,250,11,261
雲林縣,水林鄉,大溝村,236,989,226,188,414,34,448
雲林縣,水林鄉,順興村,237,837,214,131,345,16,361
雲林縣,水林鄉,大山村,238,1081,264,177,441,13,454
雲林縣,水林鄉,後寮村,239,704,196,138,334,18,352
雲林縣,水林鄉,春埔村,240,1006,269,193,462,43,505
雲林縣,水林鄉,西井村,241,651,132,137,269,10,279
雲林縣,水林鄉,車港村,242,607,135,109,244,11,255
雲林縣,水林鄉,蘇秦村,243,1033,222,180,402,36,438
雲林縣,水林鄉,灣東村,244,631,104,98,202,12,214
雲林縣,水林鄉,灣西村,245,961,243,150,393,25,418
雲林縣,水林鄉,蕃薯村,246,951,231,167,398,35,433
雲林縣,水林鄉,山腳村,247,838,230,127,357,18,375
雲林縣,水林鄉,松北村,248,1055,255,201,456,49,505
雲林縣,水林鄉,松中村,249,512,116,72,188,11,199
雲林縣,水林鄉,松西村,250,671,164,96,260,13,273
雲林縣,水林鄉,?埔村,251,693,139,72,211,14,225
雲林縣,水林鄉,塭底村,252,689,145,91,236,17,253
雲林縣,水林鄉,海埔村,253,1022,261,200,461,42,503
雲林縣,水林鄉,土厝村,254,1191,270,231,501,30,531
雲林縣,水林鄉,溪墘村,255,779,202,189,391,38,429
雲林縣,北港鎮,東陽里,256,724,218,173,391,35,426
雲林縣,北港鎮,光民里,257,688,225,170,395,36,431
雲林縣,北港鎮,東華里,258,452,127,113,240,29,269
雲林縣,北港鎮,南安里,259,866,237,233,470,48,518
雲林縣,北港鎮,中和里,260,336,91,75,166,13,179
雲林縣,北港鎮,義民里,261,395,98,103,201,15,216
雲林縣,北港鎮,共榮里,262,376,121,105,226,15,241
雲林縣,北港鎮,西勢里,263,950,249,279,528,25,553
雲林縣,北港鎮,仁和里,264,512,149,146,295,28,323
雲林縣,北港鎮,賜福里,265,324,100,91,191,12,203
雲林縣,北港鎮,公?里,266,546,155,141,296,14,310
雲林縣,北港鎮,大同里,267,433,137,122,259,11,270
雲林縣,北港鎮,大同里,268,751,179,212,391,42,433
雲林縣,北港鎮,仁安里,269,442,123,140,263,10,273
雲林縣,北港鎮,華勝里,270,1151,329,301,630,43,673
雲林縣,北港鎮,華勝里,271,1224,339,356,695,33,728
雲林縣,北港鎮,華勝里,272,1211,315,335,650,40,690
雲林縣,北港鎮,華勝里,273,1326,343,370,713,50,763
雲林縣,北港鎮,光復里,274,744,213,240,453,27,480
雲林縣,北港鎮,光復里,275,977,278,314,592,34,626
雲林縣,北港鎮,扶朝里,276,960,313,212,525,25,550
雲林縣,北港鎮,水埔里,277,494,99,97,196,5,201
雲林縣,北港鎮,新街里,278,1364,336,425,761,31,792
雲林縣,北港鎮,新街里,279,1123,326,304,630,46,676
雲林縣,北港鎮,新街里,280,1451,325,469,794,32,826
雲林縣,北港鎮,新街里,281,1162,299,355,654,43,697
雲林縣,北港鎮,新街里,282,1130,244,305,549,42,591
雲林縣,北港鎮,劉厝里,283,1149,313,262,575,32,607
雲林縣,北港鎮,後溝里,284,533,107,117,224,21,245
雲林縣,北港鎮,後溝里,285,433,168,114,282,15,297
雲林縣,北港鎮,新厝里,286,377,93,90,183,8,191
雲林縣,北港鎮,府番里,287,809,146,195,341,15,356
雲林縣,北港鎮,草湖里,288,1397,354,258,612,44,656
雲林縣,北港鎮,溝皂里,289,1145,276,207,483,47,530
雲林縣,北港鎮,番溝里,290,828,158,127,285,32,317
雲林縣,北港鎮,大北里,291,557,126,85,211,16,227
雲林縣,北港鎮,好收里,292,1060,278,193,471,31,502
雲林縣,北港鎮,好收里,293,577,133,130,263,23,286
雲林縣,北港鎮,樹腳里,294,931,265,129,394,22,416
雲林縣,北港鎮,樹腳里,295,1018,267,265,532,28,560
雲林縣,北港鎮,樹腳里,296,1032,293,287,580,16,596
雲林縣,崙背鄉,東明村,297,1176,294,322,616,43,659
雲林縣,崙背鄉,西榮村,298,1439,348,366,714,45,759
雲林縣,崙背鄉,南陽村,299,1027,248,343,591,30,621
雲林縣,崙背鄉,南陽村,300,1259,280,399,679,33,712
雲林縣,崙背鄉,崙前村,301,1058,287,187,474,32,506
雲林縣,崙背鄉,崙前村,302,998,243,210,453,20,473
雲林縣,崙背鄉,羅厝村,303,968,237,219,456,23,479
雲林縣,崙背鄉,羅厝村,304,1055,305,226,531,28,559
雲林縣,崙背鄉,港尾村,305,1315,330,267,597,40,637
雲林縣,崙背鄉,阿勸村,306,1027,154,167,321,26,347
雲林縣,崙背鄉,阿勸村,307,997,289,251,540,50,590
雲林縣,崙背鄉,五魁村,308,807,163,231,394,31,425
雲林縣,崙背鄉,大有村,309,698,143,139,282,11,293
雲林縣,崙背鄉,大有村,310,804,161,181,342,38,380
雲林縣,崙背鄉,豐榮村,311,867,230,203,433,27,460
雲林縣,崙背鄉,豐榮村,312,886,188,172,360,27,387
雲林縣,崙背鄉,草湖村,313,1476,263,292,555,63,618
雲林縣,崙背鄉,舊庄村,314,1159,193,195,388,23,411
雲林縣,崙背鄉,水尾村,315,1220,372,270,642,54,696
雲林縣,崙背鄉,枋南村,316,814,220,193,413,21,434
雲林縣,二崙鄉,崙東村,317,1463,362,310,672,24,696
雲林縣,二崙鄉,崙西村,318,1738,400,398,798,33,831
雲林縣,二崙鄉,來惠村,319,625,136,120,256,46,302
雲林縣,二崙鄉,來惠村,320,1018,302,197,499,29,528
雲林縣,二崙鄉,三和村,321,448,117,87,204,5,209
雲林縣,二崙鄉,三和村,322,1048,214,172,386,31,417
雲林縣,二崙鄉,湳仔村,323,1161,299,290,589,51,640
雲林縣,二崙鄉,田尾村,324,991,282,258,540,21,561
雲林縣,二崙鄉,田尾村,325,849,242,228,470,39,509
雲林縣,二崙鄉,定安村,326,890,216,212,428,22,450
雲林縣,二崙鄉,永定村,327,1427,383,306,689,31,720
雲林縣,二崙鄉,大華村,328,891,298,173,471,15,486
雲林縣,二崙鄉,義庄村,329,757,195,150,345,13,358
雲林縣,二崙鄉,楊賢村,330,1497,405,285,690,49,739
雲林縣,二崙鄉,港後村,331,1171,344,203,547,21,568
雲林縣,二崙鄉,港後村,332,686,197,183,380,23,403
雲林縣,二崙鄉,大義村,333,864,195,165,360,27,387
雲林縣,二崙鄉,油車村,334,1073,276,303,579,40,619
雲林縣,二崙鄉,油車村,335,696,198,109,307,15,322
雲林縣,二崙鄉,大庄村,336,1271,250,213,463,35,498
雲林縣,二崙鄉,庄西村,337,912,227,165,392,23,415
雲林縣,二崙鄉,大同村,338,861,242,156,398,19,417
雲林縣,二崙鄉,復興村,339,1030,227,199,426,35,461
雲林縣,西螺鎮,振興里,340,1590,413,384,797,41,838
雲林縣,西螺鎮,大園里,341,1741,498,439,937,30,967
雲林縣,西螺鎮,廣福里,342,1080,302,382,684,29,713
雲林縣,西螺鎮,廣福里,343,1040,289,329,618,34,652
雲林縣,西螺鎮,正興里,344,1346,342,430,772,24,796
雲林縣,西螺鎮,正興里,345,1625,388,473,861,34,895
雲林縣,西螺鎮,永安里,346,354,113,117,230,8,238
雲林縣,西螺鎮,中和里,347,580,157,149,306,22,328
雲林縣,西螺鎮,福興里,348,591,166,177,343,32,375
雲林縣,西螺鎮,光華里,349,1050,287,296,583,39,622
雲林縣,西螺鎮,中興里,350,1147,288,390,678,38,716
雲林縣,西螺鎮,中興里,351,1602,378,439,817,42,859
雲林縣,西螺鎮,漢光里,352,1452,367,370,737,44,781
雲林縣,西螺鎮,漢光里,353,1578,392,465,857,38,895
雲林縣,西螺鎮,漢光里,354,1305,322,348,670,14,684
雲林縣,西螺鎮,新安里,355,1327,360,275,635,43,678
雲林縣,西螺鎮,新豐里,356,1516,396,372,768,45,813
雲林縣,西螺鎮,大新里,357,828,207,159,366,27,393
雲林縣,西螺鎮,大新里,358,788,195,153,348,11,359
雲林縣,西螺鎮,埤頭里,359,863,235,193,428,34,462
雲林縣,西螺鎮,東興里,360,984,292,199,491,32,523
雲林縣,西螺鎮,鹿場里,361,1514,428,316,744,75,819
雲林縣,西螺鎮,廣興里,362,870,217,230,447,26,473
雲林縣,西螺鎮,頂湳里,363,971,311,233,544,23,567
雲林縣,西螺鎮,吳厝里,364,1304,309,296,605,21,626
雲林縣,西螺鎮,九隆里,365,726,186,168,354,20,374
雲林縣,西螺鎮,下湳里,366,823,180,241,421,34,455
雲林縣,西螺鎮,七座里,367,886,200,174,374,12,386
雲林縣,西螺鎮,公?里,368,1373,354,295,649,37,686
雲林縣,西螺鎮,詔安里,369,983,243,255,498,45,543
雲林縣,西螺鎮,河南里,370,1014,253,266,519,36,555
雲林縣,西螺鎮,安定里,371,939,240,181,421,58,479
雲林縣,西螺鎮,安定里,372,866,239,205,444,29,473
雲林縣,西螺鎮,福田里,373,1486,376,324,700,40,740
雲林縣,莿桐鄉,莿桐村,374,1507,400,426,826,28,854
雲林縣,莿桐鄉,莿桐村,375,1300,329,357,686,33,719
雲林縣,莿桐鄉,莿桐村,376,1272,382,324,706,50,756
雲林縣,莿桐鄉,甘厝村,377,861,244,185,429,37,466
雲林縣,莿桐鄉,甘西村,378,1565,401,345,746,45,791
雲林縣,莿桐鄉,興桐村,379,577,174,135,309,15,324
雲林縣,莿桐鄉,興桐村,380,636,171,120,291,20,311
雲林縣,莿桐鄉,義和村,381,1110,312,226,538,50,588
雲林縣,莿桐鄉,埔子村,382,973,296,265,561,32,593
雲林縣,莿桐鄉,埔子村,383,985,280,242,522,40,562
雲林縣,莿桐鄉,大美村,384,1707,440,496,936,82,1018
雲林縣,莿桐鄉,大美村,385,1284,343,328,671,63,734
雲林縣,莿桐鄉,埔尾村,386,1293,351,365,716,26,742
雲林縣,莿桐鄉,興貴村,387,900,224,251,475,35,510
雲林縣,莿桐鄉,興貴村,388,1040,328,245,573,59,632
雲林縣,莿桐鄉,饒平村,389,1165,295,289,584,27,611
雲林縣,莿桐鄉,四合村,390,871,246,221,467,34,501
雲林縣,莿桐鄉,四合村,391,885,220,285,505,42,547
雲林縣,莿桐鄉,麻園村,392,1489,353,329,682,52,734
雲林縣,莿桐鄉,五華村,393,1347,328,302,630,61,691
雲林縣,莿桐鄉,六合村,394,1150,322,298,620,47,667
雲林縣,莿桐鄉,六合村,395,653,172,192,364,30,394
雲林縣,林內鄉,林南村,396,1036,249,359,608,49,657
雲林縣,林內鄉,林中村,397,1490,362,435,797,42,839
雲林縣,林內鄉,林中村,398,1491,306,454,760,44,804
雲林縣,林內鄉,林中村,399,671,144,178,322,42,364
雲林縣,林內鄉,林北村,400,1436,353,423,776,75,851
雲林縣,林內鄉,林北村,401,751,221,192,413,34,447
雲林縣,林內鄉,坪頂村,402,535,129,152,281,20,301
雲林縣,林內鄉,林茂村,403,811,164,195,359,38,397
雲林縣,林內鄉,九芎村,404,1339,347,364,711,59,770
雲林縣,林內鄉,九芎村,405,1286,293,364,657,51,708
雲林縣,林內鄉,湖本村,406,646,167,156,323,34,357
雲林縣,林內鄉,烏塗村,407,1158,254,329,583,68,651
雲林縣,林內鄉,烏麻村,408,1090,252,331,583,39,622
雲林縣,林內鄉,重興村,409,950,296,243,539,47,586
雲林縣,林內鄉,重興村,410,861,221,238,459,28,487
雲林縣,斗六市,信義里,411,644,185,179,364,10,374
雲林縣,斗六市,四維里,412,617,161,171,332,23,355
雲林縣,斗六市,太平里,413,764,221,257,478,26,504
雲林縣,斗六市,中和里,414,784,231,243,474,20,494
雲林縣,斗六市,光興里,415,760,216,212,428,19,447
雲林縣,斗六市,鎮西里,416,1881,417,672,1089,48,1137
雲林縣,斗六市,鎮西里,417,1829,399,568,967,39,1006
雲林縣,斗六市,鎮東里,418,1255,309,457,766,23,789
雲林縣,斗六市,鎮東里,419,1090,271,421,692,14,706
雲林縣,斗六市,文化里,420,1103,277,374,651,24,675
雲林縣,斗六市,文化里,421,1176,238,449,687,24,711
雲林縣,斗六市,三平里,422,1529,330,526,856,19,875
雲林縣,斗六市,三平里,423,1335,306,460,766,36,802
雲林縣,斗六市,三平里,424,1770,393,610,1003,31,1034
雲林縣,斗六市,明德里,425,1308,324,418,742,21,763
雲林縣,斗六市,明德里,426,2171,492,650,1142,51,1193
雲林縣,斗六市,鎮北里,427,1193,293,408,701,20,721
雲林縣,斗六市,鎮北里,428,1572,341,596,937,35,972
雲林縣,斗六市,公誠里,429,1009,251,305,556,21,577
雲林縣,斗六市,公誠里,430,1195,280,424,704,38,742
雲林縣,斗六市,忠孝里,431,1415,351,468,819,48,867
雲林縣,斗六市,仁愛里,432,1101,315,325,640,32,672
雲林縣,斗六市,八德里,433,1648,394,521,915,31,946
雲林縣,斗六市,八德里,434,1588,348,476,824,26,850
雲林縣,斗六市,公正里,435,1392,323,489,812,20,832
雲林縣,斗六市,公正里,436,1422,322,485,807,34,841
雲林縣,斗六市,重光里,437,1187,227,349,576,25,601
雲林縣,斗六市,重光里,438,1142,271,303,574,26,600
雲林縣,斗六市,林頭里,439,1421,318,526,844,39,883
雲林縣,斗六市,林頭里,440,1261,270,421,691,34,725
雲林縣,斗六市,林頭里,441,1506,297,492,789,26,815
雲林縣,斗六市,成功里,442,1214,322,408,730,25,755
雲林縣,斗六市,成功里,443,1362,342,485,827,43,870
雲林縣,斗六市,鎮南里,444,1097,267,351,618,20,638
雲林縣,斗六市,鎮南里,445,1262,276,443,719,27,746
雲林縣,斗六市,鎮南里,446,1154,258,368,626,21,647
雲林縣,斗六市,社口里,447,847,195,290,485,28,513
雲林縣,斗六市,社口里,448,1439,315,491,806,33,839
雲林縣,斗六市,龍潭里,449,1747,460,568,1028,35,1063
雲林縣,斗六市,嘉東里,450,1418,347,443,790,32,822
雲林縣,斗六市,崙峰里,451,1112,233,368,601,28,629
雲林縣,斗六市,崙峰里,452,1302,298,428,726,29,755
雲林縣,斗六市,溝埧里,453,669,170,242,412,19,431
雲林縣,斗六市,江厝里,454,752,183,236,419,23,442
雲林縣,斗六市,江厝里,455,1450,296,483,779,22,801
雲林縣,斗六市,三光里,456,555,165,144,309,16,325
雲林縣,斗六市,久安里,457,1470,296,439,735,41,776
雲林縣,斗六市,久安里,458,927,230,314,544,18,562
雲林縣,斗六市,虎溪里,459,1893,432,640,1072,40,1112
雲林縣,斗六市,虎溪里,460,1708,439,503,942,52,994
雲林縣,斗六市,虎溪里,461,1773,350,502,852,37,889
雲林縣,斗六市,保庄里,462,1412,301,510,811,29,840
雲林縣,斗六市,保庄里,463,1354,358,450,808,35,843
雲林縣,斗六市,保庄里,464,1267,330,379,709,33,742
雲林縣,斗六市,保庄里,465,1273,299,400,699,13,712
雲林縣,斗六市,長平里,466,1748,368,473,841,72,913
雲林縣,斗六市,榴中里,467,1238,319,367,686,49,735
雲林縣,斗六市,榴中里,468,1648,381,475,856,34,890
雲林縣,斗六市,榴中里,469,1520,371,512,883,39,922
雲林縣,斗六市,榴北里,470,1087,309,275,584,21,605
雲林縣,斗六市,榴南里,471,1904,454,563,1017,68,1085
雲林縣,斗六市,梅林里,472,702,212,198,410,29,439
雲林縣,斗六市,梅林里,473,1111,297,318,615,41,656
雲林縣,斗六市,湖山里,474,1123,278,268,546,27,573
雲林縣,斗六市,長安里,475,1146,263,335,598,33,631
雲林縣,斗六市,長安里,476,1786,454,477,931,43,974
雲林縣,斗六市,溪洲里,477,1023,288,271,559,39,598
雲林縣,斗六市,溪洲里,478,2072,502,596,1098,57,1155
雲林縣,斗六市,十三里,479,1128,354,239,593,30,623
雲林縣,大埤鄉,北和村,480,750,210,176,386,21,407
雲林縣,大埤鄉,吉田村,481,719,215,154,369,17,386
雲林縣,大埤鄉,豐岡村,482,603,139,163,302,20,322
雲林縣,大埤鄉,聯美村,483,1106,281,215,496,39,535
雲林縣,大埤鄉,南和村,484,1495,387,379,766,44,810
雲林縣,大埤鄉,南和村,485,600,151,190,341,22,363
雲林縣,大埤鄉,大德村,486,1004,272,289,561,42,603
雲林縣,大埤鄉,松竹村,487,948,244,157,401,12,413
雲林縣,大埤鄉,豐田村,488,1539,306,488,794,37,831
雲林縣,大埤鄉,尚義村,489,1430,324,329,653,44,697
雲林縣,大埤鄉,尚義村,490,465,100,130,230,13,243
雲林縣,大埤鄉,嘉興村,491,1307,304,335,639,24,663
雲林縣,大埤鄉,嘉興村,492,474,141,90,231,16,247
雲林縣,大埤鄉,三結村,493,1220,356,312,668,66,734
雲林縣,大埤鄉,怡然村,494,733,180,189,369,19,388
雲林縣,大埤鄉,北鎮村,495,681,194,169,363,22,385
雲林縣,大埤鄉,興安村,496,712,180,125,305,16,321
雲林縣,大埤鄉,西鎮村,497,723,176,148,324,34,358
雲林縣,斗南鎮,東仁里,498,1166,316,362,678,29,707
雲林縣,斗南鎮,西岐里,499,1135,300,394,694,22,716
雲林縣,斗南鎮,西岐里,500,975,243,347,590,15,605
雲林縣,斗南鎮,大同里,501,1459,350,498,848,30,878
雲林縣,斗南鎮,大同里,502,1351,342,425,767,38,805
雲林縣,斗南鎮,南昌里,503,1321,303,407,710,37,747
雲林縣,斗南鎮,南昌里,504,907,238,236,474,29,503
雲林縣,斗南鎮,北銘里,505,1473,343,526,869,54,923
雲林縣,斗南鎮,中天里,506,1277,369,399,768,34,802
雲林縣,斗南鎮,林子里,507,1333,362,351,713,54,767
雲林縣,斗南鎮,石龜里,508,777,209,198,407,25,432
雲林縣,斗南鎮,石溪里,509,877,237,217,454,31,485
雲林縣,斗南鎮,靖興里,510,899,200,266,466,29,495
雲林縣,斗南鎮,新南里,511,688,172,142,314,21,335
雲林縣,斗南鎮,阿丹里,512,1147,266,307,573,26,599
雲林縣,斗南鎮,將軍里,513,1709,360,544,904,64,968
雲林縣,斗南鎮,舊社里,514,1042,300,313,613,33,646
雲林縣,斗南鎮,舊社里,515,1631,441,420,861,48,909
雲林縣,斗南鎮,明昌里,516,1702,429,550,979,55,1034
雲林縣,斗南鎮,明昌里,517,1564,405,485,890,34,924
雲林縣,斗南鎮,僑真里,518,910,198,215,413,29,442
雲林縣,斗南鎮,僑真里,519,1276,329,411,740,43,783
雲林縣,斗南鎮,大東里,520,897,210,211,421,18,439
雲林縣,斗南鎮,埤麻里,521,803,183,233,416,26,442
雲林縣,斗南鎮,西伯里,522,866,207,261,468,37,505
雲林縣,斗南鎮,新崙里,523,852,232,233,465,38,503
雲林縣,斗南鎮,新崙里,524,671,156,197,353,30,383
雲林縣,斗南鎮,東明里,525,981,253,275,528,29,557
雲林縣,斗南鎮,新光里,526,1129,274,257,531,34,565
雲林縣,斗南鎮,新光里,527,1586,403,474,877,72,949
雲林縣,斗南鎮,田頭里,528,1243,362,357,719,49,768
雲林縣,斗南鎮,田頭里,529,984,215,272,487,14,501
雲林縣,斗南鎮,小東里,530,1507,417,366,783,71,854
雲林縣,古坑鄉,棋盤村,531,1126,250,343,593,38,631
雲林縣,古坑鄉,棋盤村,532,994,246,240,486,42,528
雲林縣,古坑鄉,新庄村,533,1517,387,412,799,44,843
雲林縣,古坑鄉,東和村,534,1302,311,371,682,36,718
雲林縣,古坑鄉,東和村,535,1772,405,454,859,47,906
雲林縣,古坑鄉,荷苞村,536,1122,286,319,605,48,653
雲林縣,古坑鄉,荷苞村,537,304,59,54,113,3,116
雲林縣,古坑鄉,高林村,538,1169,271,352,623,61,684
雲林縣,古坑鄉,水碓村,539,1255,298,313,611,47,658
雲林縣,古坑鄉,田心村,540,1078,261,351,612,41,653
雲林縣,古坑鄉,古坑村,541,943,168,260,428,43,471
雲林縣,古坑鄉,古坑村,542,1300,259,363,622,49,671
雲林縣,古坑鄉,朝陽村,543,964,206,270,476,28,504
雲林縣,古坑鄉,朝陽村,544,1144,252,333,585,41,626
雲林縣,古坑鄉,西平村,545,1482,342,410,752,48,800
雲林縣,古坑鄉,湳仔村,546,688,200,170,370,26,396
雲林縣,古坑鄉,永光村,547,998,214,258,472,41,513
雲林縣,古坑鄉,永光村,548,1140,279,341,620,35,655
雲林縣,古坑鄉,永昌村,549,1102,297,264,561,40,601
雲林縣,古坑鄉,永昌村,550,956,236,255,491,23,514
雲林縣,古坑鄉,麻園村,551,695,204,169,373,22,395
雲林縣,古坑鄉,崁腳村,552,1233,297,314,611,22,633
雲林縣,古坑鄉,華南村,553,285,63,54,117,3,120
雲林縣,古坑鄉,華山村,554,734,138,173,311,10,321
雲林縣,古坑鄉,桂林村,555,1150,308,286,594,44,638
雲林縣,古坑鄉,樟湖村,556,453,118,114,232,8,240
雲林縣,古坑鄉,草嶺村,557,571,118,135,253,26,279
嘉義縣,太保市,太保里,1,1210,307,326,633,50,683
嘉義縣,太保市,太保里,2,1076,260,307,567,27,594
嘉義縣,太保市,後庄里,3,488,139,100,239,15,254
嘉義縣,太保市,前潭里,4,1475,411,322,733,41,774
嘉義縣,太保市,後潭里,5,790,179,201,380,7,387
嘉義縣,太保市,後潭里,6,883,201,218,419,24,443
嘉義縣,太保市,梅埔里,7,758,174,198,372,30,402
嘉義縣,太保市,梅埔里,8,389,88,75,163,4,167
嘉義縣,太保市,春珠里,9,1101,255,232,487,33,520
嘉義縣,太保市,崙頂里,10,853,177,254,431,11,442
嘉義縣,太保市,安仁里,11,224,53,35,88,5,93
嘉義縣,太保市,安仁里,12,662,158,144,302,20,322
嘉義縣,太保市,安仁里,13,1630,388,557,945,27,972
嘉義縣,太保市,東勢里,14,913,227,221,448,15,463
嘉義縣,太保市,東勢里,15,779,193,232,425,9,434
嘉義縣,太保市,新埤里,16,1278,150,502,652,58,710
嘉義縣,太保市,舊埤里,17,819,202,191,393,20,413
嘉義縣,太保市,舊埤里,18,1573,368,417,785,28,813
嘉義縣,太保市,田尾里,19,481,127,124,251,14,265
嘉義縣,太保市,田尾里,20,245,74,73,147,4,151
嘉義縣,太保市,港尾里,21,317,106,72,178,10,188
嘉義縣,太保市,港尾里,22,258,73,65,138,3,141
嘉義縣,太保市,過溝里,23,611,153,143,296,37,333
嘉義縣,太保市,過溝里,24,1526,475,393,868,26,894
嘉義縣,太保市,過溝里,25,1196,341,324,665,13,678
嘉義縣,太保市,麻寮里,26,1536,437,352,789,52,841
嘉義縣,太保市,麻寮里,27,1481,398,391,789,41,830
嘉義縣,太保市,麻寮里,28,1450,382,372,754,44,798
嘉義縣,太保市,南新里,29,840,233,194,427,16,443
嘉義縣,太保市,南新里,30,989,313,230,543,14,557
嘉義縣,太保市,北新里,31,1529,424,367,791,57,848
嘉義縣,太保市,北新里,32,1511,423,387,810,48,858
嘉義縣,太保市,埤鄉里,33,697,185,138,323,30,353
嘉義縣,鹿草鄉,後寮村,34,522,147,79,226,22,248
嘉義縣,鹿草鄉,鹿東村,35,563,193,98,291,19,310
嘉義縣,鹿草鄉,鹿草村,36,1304,287,312,599,54,653
嘉義縣,鹿草鄉,西井村,37,1312,310,327,637,34,671
嘉義縣,鹿草鄉,豊稠村,38,320,82,59,141,2,143
嘉義縣,鹿草鄉,豊稠村,39,418,45,60,105,5,110
嘉義縣,鹿草鄉,重寮村,40,1025,259,176,435,39,474
嘉義縣,鹿草鄉,施家村,41,451,116,68,184,15,199
嘉義縣,鹿草鄉,下潭村,42,830,254,163,417,38,455
嘉義縣,鹿草鄉,光潭村,43,1050,293,181,474,24,498
嘉義縣,鹿草鄉,碧潭村,44,972,172,206,378,29,407
嘉義縣,鹿草鄉,松竹村,45,962,236,186,422,27,449
嘉義縣,鹿草鄉,竹山村,46,678,197,130,327,29,356
嘉義縣,鹿草鄉,竹山村,47,262,88,39,127,12,139
嘉義縣,鹿草鄉,後堀村,48,906,191,169,360,35,395
嘉義縣,鹿草鄉,後堀村,49,306,59,47,106,6,112
嘉義縣,鹿草鄉,三角村,50,1062,297,229,526,36,562
嘉義縣,鹿草鄉,三角村,51,373,112,88,200,11,211
嘉義縣,鹿草鄉,下麻村,52,324,77,82,159,16,175
嘉義縣,鹿草鄉,下麻村,53,297,76,66,142,9,151
嘉義縣,水上鄉,水上村,54,1024,224,272,496,21,517
嘉義縣,水上鄉,水上村,55,1015,294,285,579,36,615
嘉義縣,水上鄉,水上村,56,1932,411,485,896,51,947
嘉義縣,水上鄉,水頭村,57,1170,338,321,659,31,690
嘉義縣,水上鄉,水頭村,58,1305,350,376,726,42,768
嘉義縣,水上鄉,粗溪村,59,1242,273,312,585,38,623
嘉義縣,水上鄉,粗溪村,60,324,90,66,156,7,163
嘉義縣,水上鄉,下寮村,61,622,160,161,321,12,333
嘉義縣,水上鄉,下寮村,62,1216,275,312,587,47,634
嘉義縣,水上鄉,三和村,63,1020,228,310,538,28,566
嘉義縣,水上鄉,三和村,64,771,225,239,464,20,484
嘉義縣,水上鄉,回歸村,65,441,72,183,255,22,277
嘉義縣,水上鄉,大堀村,66,626,224,168,392,23,415
嘉義縣,水上鄉,大堀村,67,570,196,139,335,16,351
嘉義縣,水上鄉,大堀村,68,368,99,80,179,16,195
嘉義縣,水上鄉,大崙村,69,1037,261,227,488,53,541
嘉義縣,水上鄉,大崙村,70,1065,261,277,538,44,582
嘉義縣,水上鄉,塗溝村,71,802,256,178,434,75,509
嘉義縣,水上鄉,龍德村,72,1948,512,486,998,25,1023
嘉義縣,水上鄉,溪洲村,73,1028,270,235,505,33,538
嘉義縣,水上鄉,三鎮村,74,641,149,197,346,26,372
嘉義縣,水上鄉,靖和村,75,408,96,135,231,16,247
嘉義縣,水上鄉,南和村,76,794,251,181,432,29,461
嘉義縣,水上鄉,南和村,77,569,139,118,257,21,278
嘉義縣,水上鄉,柳新村,78,806,213,220,433,21,454
嘉義縣,水上鄉,柳新村,79,960,222,312,534,21,555
嘉義縣,水上鄉,柳林村,80,2035,553,512,1065,47,1112
嘉義縣,水上鄉,柳鄉村,81,1987,563,444,1007,67,1074
嘉義縣,水上鄉,內溪村,82,1154,323,304,627,20,647
嘉義縣,水上鄉,寬士村,83,2208,571,513,1084,47,1131
嘉義縣,水上鄉,寬士村,84,2102,440,463,903,40,943
嘉義縣,水上鄉,民生村,85,1309,328,302,630,33,663
嘉義縣,水上鄉,民生村,86,1671,437,424,861,46,907
嘉義縣,水上鄉,義興村,87,822,241,181,422,32,454
嘉義縣,水上鄉,中庄村,88,1772,466,410,876,40,916
嘉義縣,水上鄉,忠和村,89,1919,518,450,968,58,1026
嘉義縣,水上鄉,南鄉村,90,912,196,202,398,21,419
嘉義縣,水上鄉,三界村,91,992,252,237,489,24,513
嘉義縣,水上鄉,國姓村,92,1270,314,227,541,40,581
嘉義縣,民雄鄉,東榮村,93,1267,339,376,715,34,749
嘉義縣,民雄鄉,東榮村,94,1030,239,264,503,26,529
嘉義縣,民雄鄉,中樂村,95,1590,423,468,891,65,956
嘉義縣,民雄鄉,西安村,96,1673,429,419,848,24,872
嘉義縣,民雄鄉,西安村,97,1718,509,436,945,43,988
嘉義縣,民雄鄉,寮頂村,98,1040,319,261,580,42,622
嘉義縣,民雄鄉,寮頂村,99,1100,275,273,548,47,595
嘉義縣,民雄鄉,福權村,100,1559,446,327,773,38,811
嘉義縣,民雄鄉,東湖村,101,1862,429,459,888,63,951
嘉義縣,民雄鄉,頂崙村,102,1435,390,370,760,48,808
嘉義縣,民雄鄉,菁埔村,103,1751,500,343,843,82,925
嘉義縣,民雄鄉,中和村,104,933,247,244,491,43,534
嘉義縣,民雄鄉,平和村,105,827,272,214,486,31,517
嘉義縣,民雄鄉,西昌村,106,843,267,153,420,22,442
嘉義縣,民雄鄉,豊收村,107,1774,421,468,889,49,938
嘉義縣,民雄鄉,豊收村,108,385,78,97,175,9,184
嘉義縣,民雄鄉,三興村,109,1306,353,386,739,36,775
嘉義縣,民雄鄉,東興村,110,535,169,124,293,27,320
嘉義縣,民雄鄉,鎮北村,111,1055,326,249,575,46,621
嘉義縣,民雄鄉,北斗村,112,1476,402,368,770,38,808
嘉義縣,民雄鄉,北斗村,113,1583,369,390,759,41,800
嘉義縣,民雄鄉,北斗村,114,758,177,162,339,25,364
嘉義縣,民雄鄉,北斗村,115,1354,333,303,636,40,676
嘉義縣,民雄鄉,?福村,116,1202,289,368,657,41,698
嘉義縣,民雄鄉,?福村,117,1175,292,318,610,40,650
嘉義縣,民雄鄉,福樂村,118,1423,327,362,689,38,727
嘉義縣,民雄鄉,福樂村,119,1612,357,458,815,37,852
嘉義縣,民雄鄉,福樂村,120,1695,463,454,917,25,942
嘉義縣,民雄鄉,福樂村,121,1665,399,363,762,40,802
嘉義縣,民雄鄉,大崎村,122,1019,258,205,463,40,503
嘉義縣,民雄鄉,大崎村,123,1352,327,337,664,44,708
嘉義縣,民雄鄉,秀林村,124,1620,470,388,858,48,906
嘉義縣,民雄鄉,秀林村,125,943,228,230,458,16,474
嘉義縣,民雄鄉,松山村,126,1720,388,375,763,45,808
嘉義縣,民雄鄉,興中村,127,1875,483,425,908,61,969
嘉義縣,民雄鄉,興南村,128,1305,350,348,698,34,732
嘉義縣,民雄鄉,興南村,129,1441,357,347,704,49,753
嘉義縣,民雄鄉,金興村,130,1413,405,333,738,46,784
嘉義縣,民雄鄉,金興村,131,1560,420,365,785,48,833
嘉義縣,民雄鄉,福興村,132,2004,590,469,1059,62,1121
嘉義縣,民雄鄉,文隆村,133,1354,276,387,663,45,708
嘉義縣,民雄鄉,文隆村,134,1076,270,300,570,29,599
嘉義縣,民雄鄉,山中村,135,1629,516,328,844,87,931
嘉義縣,民雄鄉,山中村,136,1977,486,475,961,46,1007
嘉義縣,民雄鄉,中央村,137,1295,370,284,654,52,706
嘉義縣,新港鄉,宮前村,138,1087,293,282,575,27,602
嘉義縣,新港鄉,宮前村,139,1116,343,356,699,44,743
嘉義縣,新港鄉,宮後村,140,740,211,177,388,24,412
嘉義縣,新港鄉,宮後村,141,827,230,180,410,32,442
嘉義縣,新港鄉,大興村,142,704,221,192,413,28,441
嘉義縣,新港鄉,大興村,143,768,267,183,450,28,478
嘉義縣,新港鄉,福德村,144,761,221,220,441,21,462
嘉義縣,新港鄉,福德村,145,850,212,224,436,30,466
嘉義縣,新港鄉,古民村,146,1327,390,292,682,38,720
嘉義縣,新港鄉,中庄村,147,756,234,157,391,34,425
嘉義縣,新港鄉,中庄村,148,816,249,174,423,43,466
嘉義縣,新港鄉,大潭村,149,667,204,132,336,22,358
嘉義縣,新港鄉,大潭村,150,942,310,188,498,26,524
嘉義縣,新港鄉,西庄村,151,918,215,198,413,31,444
嘉義縣,新港鄉,埤子村,152,554,156,105,261,7,268
嘉義縣,新港鄉,南崙村,153,929,314,152,466,22,488
嘉義縣,新港鄉,北崙村,154,487,125,66,191,16,207
嘉義縣,新港鄉,海瀛村,155,487,129,115,244,26,270
嘉義縣,新港鄉,月眉村,156,836,283,128,411,34,445
嘉義縣,新港鄉,月眉村,157,845,278,177,455,30,485
嘉義縣,新港鄉,月潭村,158,834,294,148,442,27,469
嘉義縣,新港鄉,月潭村,159,753,246,156,402,26,428
嘉義縣,新港鄉,溪北村,160,1328,393,276,669,39,708
嘉義縣,新港鄉,菜公村,161,969,301,235,536,23,559
嘉義縣,新港鄉,中洋村,162,1043,312,273,585,39,624
嘉義縣,新港鄉,三間村,163,1400,427,372,799,44,843
嘉義縣,新港鄉,安和村,164,1017,253,145,398,23,421
嘉義縣,新港鄉,潭大村,165,1132,309,219,528,30,558
嘉義縣,新港鄉,南港村,166,1037,295,219,514,31,545
嘉義縣,新港鄉,板頭村,167,563,187,117,304,29,333
嘉義縣,新港鄉,共和村,168,849,269,166,435,18,453
嘉義縣,大林鎮,東林里,169,483,144,118,262,11,273
嘉義縣,大林鎮,西林里,170,1823,510,492,1002,34,1036
嘉義縣,大林鎮,吉林里,171,955,252,278,530,17,547
嘉義縣,大林鎮,平林里,172,1436,365,362,727,34,761
嘉義縣,大林鎮,平林里,173,1390,359,377,736,54,790
嘉義縣,大林鎮,平林里,174,1512,412,394,806,56,862
嘉義縣,大林鎮,平林里,175,1536,371,466,837,38,875
嘉義縣,大林鎮,明華里,176,1165,258,297,555,33,588
嘉義縣,大林鎮,明和里,177,1730,471,503,974,58,1032
嘉義縣,大林鎮,排路里,178,602,161,114,275,14,289
嘉義縣,大林鎮,西結里,179,716,197,142,339,24,363
嘉義縣,大林鎮,湖北里,180,625,172,84,256,12,268
嘉義縣,大林鎮,大糖里,181,193,29,43,72,3,75
嘉義縣,大林鎮,大美里,182,1642,374,354,728,45,773
嘉義縣,大林鎮,過溪里,183,1465,365,364,729,44,773
嘉義縣,大林鎮,中坑里,184,928,196,185,381,35,416
嘉義縣,大林鎮,中坑里,185,361,91,59,150,12,162
嘉義縣,大林鎮,上林里,186,814,190,193,383,17,400
嘉義縣,大林鎮,中林里,187,1579,413,344,757,20,777
嘉義縣,大林鎮,三和里,188,2041,492,513,1005,59,1064
嘉義縣,大林鎮,溝背里,189,931,238,205,443,35,478
嘉義縣,大林鎮,義和里,190,675,167,161,328,32,360
嘉義縣,大林鎮,內林里,191,655,145,164,309,29,338
嘉義縣,大林鎮,三角里,192,833,173,217,390,30,420
嘉義縣,大林鎮,三村里,193,832,218,246,464,38,502
嘉義縣,溪口鄉,溪東村,194,1318,387,318,705,62,767
嘉義縣,溪口鄉,溪西村,195,677,194,177,371,29,400
嘉義縣,溪口鄉,溪北村,196,417,123,87,210,9,219
嘉義縣,溪口鄉,溪北村,197,273,86,65,151,12,163
嘉義縣,溪口鄉,柳溝村,198,908,268,228,496,40,536
嘉義縣,溪口鄉,柳溝村,199,386,102,69,171,9,180
嘉義縣,溪口鄉,疊溪村,200,1039,316,235,551,27,578
嘉義縣,溪口鄉,妙崙村,201,708,185,126,311,26,337
嘉義縣,溪口鄉,坪頂村,202,909,264,198,462,12,474
嘉義縣,溪口鄉,柴林村,203,786,259,165,424,14,438
嘉義縣,溪口鄉,林腳村,204,807,211,150,361,38,399
嘉義縣,溪口鄉,美南村,205,1168,305,193,498,12,510
嘉義縣,溪口鄉,美北村,206,1052,332,216,548,50,598
嘉義縣,溪口鄉,本厝村,207,565,163,99,262,25,287
嘉義縣,溪口鄉,本厝村,208,388,93,104,197,20,217
嘉義縣,溪口鄉,游西村,209,701,177,127,304,21,325
嘉義縣,溪口鄉,游東村,210,1003,251,197,448,24,472
嘉義縣,梅山鄉,梅東村,211,1041,293,244,537,18,555
嘉義縣,梅山鄉,梅東村,212,1245,375,316,691,65,756
嘉義縣,梅山鄉,梅南村,213,917,255,285,540,31,571
嘉義縣,梅山鄉,梅北村,214,1189,324,84,408,36,444
嘉義縣,梅山鄉,梅北村,215,1388,386,354,740,50,790
嘉義縣,梅山鄉,梅北村,216,1827,441,511,952,42,994
嘉義縣,梅山鄉,過山村,217,545,177,142,319,25,344
嘉義縣,梅山鄉,圳南村,218,407,107,64,171,12,183
嘉義縣,梅山鄉,圳北村,219,636,183,172,355,25,380
嘉義縣,梅山鄉,?溪村,220,576,168,143,311,29,340
嘉義縣,梅山鄉,大南村,221,1674,446,422,868,64,932
嘉義縣,梅山鄉,安靖村,222,858,171,213,384,11,395
嘉義縣,梅山鄉,永興村,223,526,100,205,305,27,332
嘉義縣,梅山鄉,半天村,224,372,95,76,171,18,189
嘉義縣,梅山鄉,太平村,225,506,121,116,237,21,258
嘉義縣,梅山鄉,太興村,226,433,100,183,283,26,309
嘉義縣,梅山鄉,龍眼村,227,404,87,70,157,16,173
嘉義縣,梅山鄉,碧湖村,228,293,73,61,134,13,147
嘉義縣,梅山鄉,瑞?村,229,712,146,282,428,25,453
嘉義縣,梅山鄉,瑞里村,230,602,134,209,343,30,373
嘉義縣,梅山鄉,太和村,231,515,95,138,233,18,251
嘉義縣,梅山鄉,太和村,232,417,65,90,155,9,164
嘉義縣,朴子市,安福里,233,1183,269,346,615,32,647
嘉義縣,朴子市,安福里,234,755,215,177,392,24,416
嘉義縣,朴子市,平和里,235,1253,297,355,652,30,682
嘉義縣,朴子市,平和里,236,1078,280,330,610,44,654
嘉義縣,朴子市,內厝里,237,1117,347,293,640,45,685
嘉義縣,朴子市,開元里,238,387,124,97,221,15,236
嘉義縣,朴子市,順天里,239,633,188,151,339,20,359
嘉義縣,朴子市,中正里,240,650,191,155,346,21,367
嘉義縣,朴子市,博厚里,241,825,236,258,494,31,525
嘉義縣,朴子市,文化里,242,810,218,211,429,26,455
嘉義縣,朴子市,文化里,243,940,237,275,512,40,552
嘉義縣,朴子市,永和里,244,905,241,225,466,29,495
嘉義縣,朴子市,永和里,245,1605,403,337,740,28,768
嘉義縣,朴子市,竹圍里,246,1479,408,408,816,35,851
嘉義縣,朴子市,竹圍里,247,1218,348,332,680,34,714
嘉義縣,朴子市,竹圍里,248,1496,383,433,816,44,860
嘉義縣,朴子市,新寮里,249,667,192,177,369,26,395
嘉義縣,朴子市,?溪里,250,627,119,119,238,15,253
嘉義縣,朴子市,溪口里,251,791,186,193,379,21,400
嘉義縣,朴子市,德興里,252,1034,290,236,526,47,573
嘉義縣,朴子市,仁和里,253,1710,415,396,811,25,836
嘉義縣,朴子市,大鄉里,254,1671,373,414,787,35,822
嘉義縣,朴子市,大鄉里,255,1547,343,325,668,42,710
嘉義縣,朴子市,大葛里,256,1602,313,312,625,43,668
嘉義縣,朴子市,大葛里,257,1302,314,403,717,23,740
嘉義縣,朴子市,佳禾里,258,740,174,176,350,28,378
嘉義縣,朴子市,竹村里,259,1054,305,275,580,44,624
嘉義縣,朴子市,崁前里,260,907,218,172,390,13,403
嘉義縣,朴子市,崁後里,261,720,203,101,304,20,324
嘉義縣,朴子市,順安里,262,251,84,52,136,14,150
嘉義縣,朴子市,德家里,263,767,180,114,294,44,338
嘉義縣,朴子市,新庄里,264,702,184,180,364,29,393
嘉義縣,朴子市,梅華里,265,1038,268,190,458,45,503
嘉義縣,朴子市,松華里,266,1228,297,173,470,19,489
嘉義縣,朴子市,南竹里,267,499,146,93,239,18,257
嘉義縣,六腳鄉,蒜頭村,268,1165,278,228,506,24,530
嘉義縣,六腳鄉,蒜東村,269,825,144,149,293,18,311
嘉義縣,六腳鄉,蒜南村,270,850,222,147,369,26,395
嘉義縣,六腳鄉,工廠村,271,222,52,68,120,13,133
嘉義縣,六腳鄉,灣南村,272,1216,316,257,573,29,602
嘉義縣,六腳鄉,灣北村,273,1200,240,205,445,40,485
嘉義縣,六腳鄉,雙涵村,274,877,212,173,385,32,417
嘉義縣,六腳鄉,塗師村,275,644,147,108,255,24,279
嘉義縣,六腳鄉,三義村,276,594,117,105,222,10,232
嘉義縣,六腳鄉,三義村,277,167,34,21,55,0,55
嘉義縣,六腳鄉,正義村,278,204,67,19,86,0,86
嘉義縣,六腳鄉,正義村,279,234,83,22,105,3,108
嘉義縣,六腳鄉,正義村,280,361,87,52,139,3,142
嘉義縣,六腳鄉,正義村,281,592,153,153,306,28,334
嘉義縣,六腳鄉,溪厝村,282,619,160,129,289,29,318
嘉義縣,六腳鄉,港美村,283,714,184,92,276,26,302
嘉義縣,六腳鄉,豐美村,284,1051,273,231,504,43,547
嘉義縣,六腳鄉,六斗村,285,934,246,193,439,49,488
嘉義縣,六腳鄉,崙陽村,286,1044,272,213,485,34,519
嘉義縣,六腳鄉,蘇厝村,287,1476,337,298,635,34,669
嘉義縣,六腳鄉,竹本村,288,618,146,86,232,11,243
嘉義縣,六腳鄉,永賢村,289,478,79,54,133,28,161
嘉義縣,六腳鄉,魚寮村,290,642,125,88,213,22,235
嘉義縣,六腳鄉,潭墘村,291,883,151,145,296,11,307
嘉義縣,六腳鄉,六腳村,292,739,83,110,193,7,200
嘉義縣,六腳鄉,六南村,293,554,123,82,205,17,222
嘉義縣,六腳鄉,崩山村,294,649,132,87,219,17,236
嘉義縣,六腳鄉,古林村,295,689,151,123,274,18,292
嘉義縣,六腳鄉,更寮村,296,455,98,70,168,14,182
嘉義縣,六腳鄉,更寮村,297,125,22,15,37,2,39
嘉義縣,東石鄉,東石村,298,1915,406,393,799,81,880
嘉義縣,東石鄉,猿樹村,299,938,204,134,338,38,376
嘉義縣,東石鄉,型厝村,300,1366,185,209,394,19,413
嘉義縣,東石鄉,塭港村,301,1676,306,347,653,5,658
嘉義縣,東石鄉,三家村,302,1151,226,197,423,49,472
嘉義縣,東石鄉,永屯村,303,716,157,112,269,54,323
嘉義縣,東石鄉,海埔村,304,387,82,58,140,12,152
嘉義縣,東石鄉,龍港村,305,864,95,133,228,13,241
嘉義縣,東石鄉,副瀨村,306,910,170,136,306,12,318
嘉義縣,東石鄉,下揖村,307,760,160,111,271,13,284
嘉義縣,東石鄉,頂揖村,308,166,46,37,83,6,89
嘉義縣,東石鄉,頂揖村,309,212,32,41,73,7,80
嘉義縣,東石鄉,溪下村,310,993,165,153,318,26,344
嘉義縣,東石鄉,港口村,311,306,55,60,115,6,121
嘉義縣,東石鄉,鰲鼓村,312,1046,175,180,355,56,411
嘉義縣,東石鄉,鰲鼓村,313,235,36,37,73,17,90
嘉義縣,東石鄉,港墘村,314,1226,262,261,523,47,570
嘉義縣,東石鄉,蔦松村,315,843,185,158,343,32,375
嘉義縣,東石鄉,圍潭村,316,693,110,185,295,17,312
嘉義縣,東石鄉,洲仔村,317,839,202,179,381,34,415
嘉義縣,東石鄉,東崙村,318,363,94,75,169,10,179
嘉義縣,東石鄉,東崙村,319,321,71,49,120,5,125
嘉義縣,東石鄉,西崙村,320,1083,320,235,555,46,601
嘉義縣,東石鄉,塭仔村,321,901,254,144,398,26,424
嘉義縣,東石鄉,網寮村,322,1216,212,192,404,29,433
嘉義縣,東石鄉,掌潭村,323,418,145,94,239,20,259
嘉義縣,東石鄉,掌潭村,324,371,120,28,148,13,161
嘉義縣,布袋鎮,岱江里,325,614,141,140,281,25,306
嘉義縣,布袋鎮,九龍里,326,372,78,80,158,12,170
嘉義縣,布袋鎮,岑海里,327,914,211,257,468,46,514
嘉義縣,布袋鎮,岑海里,328,1198,313,279,592,54,646
嘉義縣,布袋鎮,興中里,329,1113,244,247,491,38,529
嘉義縣,布袋鎮,光復里,330,992,266,245,511,40,551
嘉義縣,布袋鎮,光復里,331,689,169,183,352,11,363
嘉義縣,布袋鎮,見龍里,332,882,218,213,431,44,475
嘉義縣,布袋鎮,新厝里,333,731,148,209,357,28,385
嘉義縣,布袋鎮,龍江里,334,779,154,254,408,24,432
嘉義縣,布袋鎮,振寮里,335,762,129,186,315,27,342
嘉義縣,布袋鎮,西安里,336,1184,297,231,528,31,559
嘉義縣,布袋鎮,中安里,337,1423,323,226,549,33,582
嘉義縣,布袋鎮,東安里,338,1351,319,237,556,26,582
嘉義縣,布袋鎮,樹林里,339,275,78,59,137,3,140
嘉義縣,布袋鎮,樹林里,340,243,63,39,102,12,114
嘉義縣,布袋鎮,貴舍里,341,661,187,125,312,51,363
嘉義縣,布袋鎮,永安里,342,1145,224,309,533,25,558
嘉義縣,布袋鎮,東港里,343,936,223,212,435,21,456
嘉義縣,布袋鎮,東港里,344,958,222,207,429,28,457
嘉義縣,布袋鎮,江山里,345,298,77,62,139,9,148
嘉義縣,布袋鎮,菜舖里,346,428,115,118,233,21,254
嘉義縣,布袋鎮,考試里,347,121,23,29,52,4,56
嘉義縣,布袋鎮,考試里,348,174,28,31,59,2,61
嘉義縣,布袋鎮,新岑里,349,953,232,203,435,24,459
嘉義縣,布袋鎮,新民里,350,1292,360,300,660,38,698
嘉義縣,布袋鎮,復興里,351,1127,267,298,565,40,605
嘉義縣,布袋鎮,復興里,352,1244,291,313,604,18,622
嘉義縣,布袋鎮,好美里,353,1106,237,265,502,21,523
嘉義縣,義竹鄉,岸腳村,354,482,116,101,217,21,238
嘉義縣,義竹鄉,岸腳村,355,223,77,48,125,10,135
嘉義縣,義竹鄉,義竹村,356,1529,428,373,801,52,853
嘉義縣,義竹鄉,六桂村,357,1175,338,296,634,46,680
嘉義縣,義竹鄉,仁里村,358,886,258,262,520,31,551
嘉義縣,義竹鄉,傳芳村,359,743,174,143,317,23,340
嘉義縣,義竹鄉,頭竹村,360,1236,390,263,653,39,692
嘉義縣,義竹鄉,五厝村,361,377,95,95,190,4,194
嘉義縣,義竹鄉,中平村,362,338,73,71,144,14,158
嘉義縣,義竹鄉,中平村,363,102,23,34,57,3,60
嘉義縣,義竹鄉,埤前村,364,763,180,159,339,20,359
嘉義縣,義竹鄉,平溪村,365,429,133,102,235,19,254
嘉義縣,義竹鄉,後鎮村,366,427,95,108,203,14,217
嘉義縣,義竹鄉,北華村,367,607,178,133,311,31,342
嘉義縣,義竹鄉,新店村,368,1486,361,340,701,25,726
嘉義縣,義竹鄉,東過村,369,835,226,224,450,30,480
嘉義縣,義竹鄉,西過村,370,816,190,136,326,31,357
嘉義縣,義竹鄉,官和村,371,833,199,163,362,30,392
嘉義縣,義竹鄉,官順村,372,433,103,102,205,11,216
嘉義縣,義竹鄉,新富村,373,558,109,144,253,4,257
嘉義縣,義竹鄉,東光村,374,602,179,123,302,20,322
嘉義縣,義竹鄉,東光村,375,140,37,27,64,1,65
嘉義縣,義竹鄉,東榮村,376,393,108,63,171,15,186
嘉義縣,義竹鄉,龍蛟村,377,585,156,126,282,18,300
嘉義縣,義竹鄉,溪洲村,378,526,127,78,205,7,212
嘉義縣,義竹鄉,溪洲村,379,123,59,21,80,4,84
嘉義縣,中埔鄉,富收村,380,1046,204,226,430,14,444
嘉義縣,中埔鄉,富收村,381,1788,423,364,787,59,846
嘉義縣,中埔鄉,和睦村,382,1730,415,358,773,33,806
嘉義縣,中埔鄉,和睦村,383,1581,339,394,733,48,781
嘉義縣,中埔鄉,和美村,384,1594,312,339,651,31,682
嘉義縣,中埔鄉,和美村,385,1801,411,471,882,36,918
嘉義縣,中埔鄉,和美村,386,1862,444,438,882,47,929
嘉義縣,中埔鄉,和美村,387,1803,416,409,825,31,856
嘉義縣,中埔鄉,和興村,388,1481,339,386,725,48,773
嘉義縣,中埔鄉,和興村,389,1366,351,337,688,42,730
嘉義縣,中埔鄉,和興村,390,1599,328,331,659,54,713
嘉義縣,中埔鄉,和興村,391,1196,332,246,578,33,611
嘉義縣,中埔鄉,中埔村,392,1809,417,346,763,68,831
嘉義縣,中埔鄉,??村,393,953,240,226,466,12,478
嘉義縣,中埔鄉,金蘭村,394,1441,313,316,629,43,672
嘉義縣,中埔鄉,隆興村,395,1882,382,440,822,45,867
嘉義縣,中埔鄉,義仁村,396,1470,299,258,557,20,577
嘉義縣,中埔鄉,社口村,397,1699,331,366,697,57,754
嘉義縣,中埔鄉,社口村,398,422,76,92,168,11,179
嘉義縣,中埔鄉,灣潭村,399,1030,262,214,476,42,518
嘉義縣,中埔鄉,裕民村,400,879,248,163,411,27,438
嘉義縣,中埔鄉,龍門村,401,828,165,195,360,17,377
嘉義縣,中埔鄉,石?村,402,881,217,233,450,50,500
嘉義縣,中埔鄉,石?村,403,296,78,61,139,9,148
嘉義縣,中埔鄉,頂埔村,404,979,214,201,415,64,479
嘉義縣,中埔鄉,同仁村,405,1268,262,284,546,30,576
嘉義縣,中埔鄉,同仁村,406,670,118,105,223,9,232
嘉義縣,中埔鄉,深坑村,407,754,217,180,397,34,431
嘉義縣,中埔鄉,三層村,408,648,195,133,328,34,362
嘉義縣,中埔鄉,瑞豐村,409,741,144,146,290,15,305
嘉義縣,中埔鄉,沄水村,410,518,137,102,239,4,243
嘉義縣,中埔鄉,沄水村,411,482,101,119,220,21,241
嘉義縣,中埔鄉,東興村,412,348,76,61,137,12,149
嘉義縣,中埔鄉,中崙村,413,294,68,77,145,5,150
嘉義縣,竹崎鄉,竹崎村,414,1312,353,344,697,31,728
嘉義縣,竹崎鄉,竹崎村,415,1210,327,335,662,21,683
嘉義縣,竹崎鄉,和平村,416,991,274,245,519,38,557
嘉義縣,竹崎鄉,和平村,417,1207,304,306,610,35,645
嘉義縣,竹崎鄉,坑頭村,418,752,187,147,334,14,348
嘉義縣,竹崎鄉,沙坑村,419,833,265,196,461,36,497
嘉義縣,竹崎鄉,獅埜村,420,1220,371,274,645,49,694
嘉義縣,竹崎鄉,義和村,421,616,187,172,359,14,373
嘉義縣,竹崎鄉,義仁村,422,1031,242,245,487,45,532
嘉義縣,竹崎鄉,灣橋村,423,1292,316,316,632,40,672
嘉義縣,竹崎鄉,灣橋村,424,1995,483,558,1041,63,1104
嘉義縣,竹崎鄉,灣橋村,425,1996,446,472,918,38,956
嘉義縣,竹崎鄉,鹿滿村,426,1449,327,376,703,57,760
嘉義縣,竹崎鄉,紫雲村,427,1420,348,373,721,33,754
嘉義縣,竹崎鄉,內埔村,428,1590,451,410,861,41,902
嘉義縣,竹崎鄉,昇平村,429,771,161,197,358,35,393
嘉義縣,竹崎鄉,昇平村,430,1014,250,206,456,30,486
嘉義縣,竹崎鄉,桃源村,431,327,79,49,128,3,131
嘉義縣,竹崎鄉,桃源村,432,687,159,195,354,13,367
嘉義縣,竹崎鄉,白杞村,433,641,143,156,299,20,319
嘉義縣,竹崎鄉,塘興村,434,474,111,146,257,4,261
嘉義縣,竹崎鄉,塘興村,435,383,60,116,176,19,195
嘉義縣,竹崎鄉,義隆村,436,619,162,183,345,38,383
嘉義縣,竹崎鄉,龍山村,437,214,49,44,93,9,102
嘉義縣,竹崎鄉,龍山村,438,1568,362,398,760,64,824
嘉義縣,竹崎鄉,文?村,439,658,136,142,278,29,307
嘉義縣,竹崎鄉,金獅村,440,434,119,114,233,24,257
嘉義縣,竹崎鄉,復金村,441,917,273,204,477,41,518
嘉義縣,竹崎鄉,復金村,442,981,238,211,449,31,480
嘉義縣,竹崎鄉,緞繻村,443,789,164,177,341,29,370
嘉義縣,竹崎鄉,緞繻村,444,108,17,19,36,1,37
嘉義縣,竹崎鄉,仁壽村,445,235,56,16,72,3,75
嘉義縣,竹崎鄉,中和村,446,331,68,77,145,3,148
嘉義縣,竹崎鄉,中和村,447,450,140,133,273,7,280
嘉義縣,竹崎鄉,光華村,448,462,84,111,195,7,202
嘉義縣,竹崎鄉,光華村,449,251,36,61,97,11,108
嘉義縣,番路鄉,江西村,450,1174,290,369,659,51,710
嘉義縣,番路鄉,內甕村,451,449,132,140,272,10,282
嘉義縣,番路鄉,新福村,452,753,201,229,430,28,458
嘉義縣,番路鄉,新福村,453,551,118,126,244,17,261
嘉義縣,番路鄉,下坑村,454,1791,467,478,945,66,1011
嘉義縣,番路鄉,番路村,455,849,233,263,496,44,540
嘉義縣,番路鄉,民和村,456,866,210,255,465,43,508
嘉義縣,番路鄉,觸口村,457,800,139,273,412,28,440
嘉義縣,番路鄉,觸口村,458,444,184,76,260,11,271
嘉義縣,番路鄉,大湖村,459,635,105,146,251,16,267
嘉義縣,番路鄉,公田村,460,319,63,74,137,7,144
嘉義縣,番路鄉,公田村,461,642,124,226,350,29,379
嘉義縣,番路鄉,公興村,462,509,101,116,217,19,236
嘉義縣,番路鄉,草山村,463,162,26,65,91,1,92
嘉義縣,番路鄉,草山村,464,212,45,67,112,8,120
嘉義縣,大埔鄉,大埔村,465,1468,344,420,764,51,815
嘉義縣,大埔鄉,和平村,466,320,60,72,132,2,134
嘉義縣,大埔鄉,和平村,467,304,93,73,166,8,174
嘉義縣,大埔鄉,永樂村,468,184,50,41,91,2,93
嘉義縣,大埔鄉,永樂村,469,234,70,81,151,6,157
嘉義縣,大埔鄉,茄苳村,470,495,112,141,253,8,261
嘉義縣,大埔鄉,茄苳村,471,199,45,67,112,1,113
嘉義縣,大埔鄉,茄苳村,472,226,53,49,102,7,109
嘉義縣,大埔鄉,西興村,473,569,147,181,328,19,347
嘉義縣,阿里山鄉,中山村,474,371,66,113,179,8,187
嘉義縣,阿里山鄉,中正村,475,197,25,58,83,3,86
嘉義縣,阿里山鄉,香林村,476,152,29,45,74,1,75
嘉義縣,阿里山鄉,十字村,477,231,35,40,75,3,78
嘉義縣,阿里山鄉,十字村,478,72,10,11,21,0,21
嘉義縣,阿里山鄉,豐山村,479,311,45,86,131,3,134
嘉義縣,阿里山鄉,來吉村,480,306,44,108,152,11,163
嘉義縣,阿里山鄉,樂野村,481,970,152,286,438,13,451
嘉義縣,阿里山鄉,達邦村,482,827,110,325,435,19,454
嘉義縣,阿里山鄉,里佳村,483,238,34,91,125,1,126
嘉義縣,阿里山鄉,山美村,484,479,29,97,126,9,135
嘉義縣,阿里山鄉,新美村,485,291,28,73,101,7,108
嘉義縣,阿里山鄉,茶山村,486,246,61,82,143,16,159
屏東縣,屏東市,端正里,1,237,76,51,127,2,129
屏東縣,屏東市,武廟里,2,294,104,57,161,5,166
屏東縣,屏東市,大同里,3,582,190,136,326,4,330
屏東縣,屏東市,光榮里,4,713,212,188,400,20,420
屏東縣,屏東市,民權里,5,572,281,26,307,14,321
屏東縣,屏東市,泰安里,6,455,113,162,275,9,284
屏東縣,屏東市,文明里,7,249,82,60,142,3,145
屏東縣,屏東市,維新里,8,1315,337,308,645,27,672
屏東縣,屏東市,維新里,9,1373,381,28,409,29,438
屏東縣,屏東市,大埔里,10,713,211,216,427,23,450
屏東縣,屏東市,必信里,11,573,202,151,353,21,374
屏東縣,屏東市,崇禮里,12,297,128,65,193,8,201
屏東縣,屏東市,崇智里,13,409,149,126,275,6,281
屏東縣,屏東市,慶春里,14,286,89,64,153,7,160
屏東縣,屏東市,楠樹里,15,421,147,107,254,7,261
屏東縣,屏東市,扶風里,16,569,201,141,342,7,349
屏東縣,屏東市,安樂里,17,459,142,104,246,9,255
屏東縣,屏東市,平和里,18,672,228,202,430,14,444
屏東縣,屏東市,金泉里,19,668,237,165,402,26,428
屏東縣,屏東市,勝豐里,20,411,129,116,245,8,253
屏東縣,屏東市,橋南里,21,768,248,182,430,15,445
屏東縣,屏東市,橋南里,22,786,206,219,425,15,440
屏東縣,屏東市,橋北里,23,890,264,247,511,23,534
屏東縣,屏東市,大連里,24,1353,308,426,734,30,764
屏東縣,屏東市,大連里,25,1386,301,422,723,19,742
屏東縣,屏東市,大連里,26,1413,285,454,739,25,764
屏東縣,屏東市,大連里,27,1272,309,354,663,27,690
屏東縣,屏東市,大連里,28,1287,287,405,692,23,715
屏東縣,屏東市,大連里,29,1311,304,455,759,24,783
屏東縣,屏東市,大連里,30,1285,329,373,702,17,719
屏東縣,屏東市,豐田里,31,1297,349,375,724,30,754
屏東縣,屏東市,豐田里,32,1361,302,434,736,18,754
屏東縣,屏東市,豐田里,33,1381,297,391,688,31,719
屏東縣,屏東市,豐榮里,34,1258,334,414,748,16,764
屏東縣,屏東市,豐榮里,35,1259,337,360,697,27,724
屏東縣,屏東市,豐源里,36,1076,234,339,573,24,597
屏東縣,屏東市,豐源里,37,1162,299,348,647,26,673
屏東縣,屏東市,豐源里,38,1318,331,407,738,21,759
屏東縣,屏東市,長春里,39,939,240,269,509,20,529
屏東縣,屏東市,長春里,40,972,220,315,535,25,560
屏東縣,屏東市,瑞光里,41,1535,378,472,850,24,874
屏東縣,屏東市,瑞光里,42,1419,287,376,663,31,694
屏東縣,屏東市,瑞光里,43,1398,289,413,702,8,710
屏東縣,屏東市,瑞光里,44,1405,353,367,720,38,758
屏東縣,屏東市,瑞光里,45,1486,351,440,791,29,820
屏東縣,屏東市,湖南里,46,1061,322,250,572,25,597
屏東縣,屏東市,湖西里,47,1540,425,292,717,52,769
屏東縣,屏東市,歸心里,48,1141,350,246,596,9,605
屏東縣,屏東市,清溪里,49,1247,295,305,600,20,620
屏東縣,屏東市,清溪里,50,1446,287,419,706,30,736
屏東縣,屏東市,清溪里,51,1303,296,424,720,22,742
屏東縣,屏東市,大武里,52,1253,281,386,667,24,691
屏東縣,屏東市,大武里,53,1315,315,375,690,28,718
屏東縣,屏東市,大武里,54,1425,330,366,696,30,726
屏東縣,屏東市,大武里,55,1423,368,371,739,18,757
屏東縣,屏東市,大武里,56,1400,334,438,772,29,801
屏東縣,屏東市,大武里,57,1359,353,416,769,26,795
屏東縣,屏東市,崇武里,58,1328,167,526,693,23,716
屏東縣,屏東市,崇武里,59,1539,235,552,787,28,815
屏東縣,屏東市,凌雲里,60,391,71,86,157,5,162
屏東縣,屏東市,永昌里,61,200,53,60,113,4,117
屏東縣,屏東市,永順里,62,328,93,68,161,9,170
屏東縣,屏東市,鵬程里,63,231,48,74,122,0,122
屏東縣,屏東市,安鎮里,64,945,265,226,491,30,521
屏東縣,屏東市,安鎮里,65,1053,285,257,542,26,568
屏東縣,屏東市,永光里,66,1043,288,228,516,31,547
屏東縣,屏東市,長安里,67,1061,336,202,538,22,560
屏東縣,屏東市,長安里,68,876,253,193,446,17,463
屏東縣,屏東市,前進里,69,1468,412,328,740,104,844
屏東縣,屏東市,前進里,70,1454,380,317,697,34,731
屏東縣,屏東市,大洲里,71,1205,408,268,676,23,699
屏東縣,屏東市,新興里,72,1284,388,280,668,22,690
屏東縣,屏東市,新興里,73,1219,246,346,592,25,617
屏東縣,屏東市,公館里,74,1544,418,408,826,57,883
屏東縣,屏東市,新生里,75,1485,417,358,775,41,816
屏東縣,屏東市,新生里,76,1387,376,366,742,33,775
屏東縣,屏東市,新生里,77,953,229,253,482,16,498
屏東縣,屏東市,新生里,78,1603,358,505,863,38,901
屏東縣,屏東市,頂宅里,79,535,188,111,299,14,313
屏東縣,屏東市,頂柳里,80,1119,305,279,584,32,616
屏東縣,屏東市,大湖里,81,847,203,249,452,29,481
屏東縣,屏東市,大湖里,82,923,304,219,523,34,557
屏東縣,屏東市,龍華里,83,1227,361,253,614,31,645
屏東縣,屏東市,龍華里,84,1039,277,262,539,36,575
屏東縣,屏東市,玉成里,85,1485,395,344,739,61,800
屏東縣,屏東市,擇仁里,86,867,234,209,443,33,476
屏東縣,屏東市,建國里,87,918,222,279,501,22,523
屏東縣,屏東市,萬年里,88,663,192,131,323,26,349
屏東縣,屏東市,厚生里,89,1215,322,251,573,13,586
屏東縣,屏東市,厚生里,90,1628,421,355,776,36,812
屏東縣,屏東市,一心里,91,1209,301,358,659,20,679
屏東縣,屏東市,義勇里,92,1110,258,432,690,14,704
屏東縣,屏東市,光華里,93,684,182,142,324,10,334
屏東縣,屏東市,永安里,94,1349,348,270,618,23,641
屏東縣,屏東市,永安里,95,1457,340,373,713,30,743
屏東縣,屏東市,永安里,96,1447,322,417,739,26,765
屏東縣,屏東市,永安里,97,1354,347,326,673,17,690
屏東縣,屏東市,永安里,98,1583,462,402,864,37,901
屏東縣,屏東市,崇蘭里,99,1707,351,527,878,22,900
屏東縣,屏東市,崇蘭里,100,1637,314,482,796,20,816
屏東縣,屏東市,崇蘭里,101,1459,284,418,702,7,709
屏東縣,屏東市,崇蘭里,102,1759,318,597,915,32,947
屏東縣,屏東市,崇蘭里,103,1950,322,659,981,20,1001
屏東縣,屏東市,崇蘭里,104,1729,294,597,891,31,922
屏東縣,屏東市,崇蘭里,105,1592,340,464,804,23,827
屏東縣,屏東市,潭墘里,106,1437,272,425,697,28,725
屏東縣,屏東市,潭墘里,107,1204,252,354,606,20,626
屏東縣,屏東市,潭墘里,108,1340,258,429,687,24,711
屏東縣,屏東市,潭墘里,109,1322,283,414,697,21,718
屏東縣,屏東市,潭墘里,110,1462,254,477,731,25,756
屏東縣,屏東市,潭墘里,111,3241,535,1008,1543,49,1592
屏東縣,屏東市,潭墘里,112,1477,246,464,710,19,729
屏東縣,屏東市,永城里,113,821,195,205,400,16,416
屏東縣,屏東市,永城里,114,1099,245,244,489,13,502
屏東縣,屏東市,空翔里,115,1688,239,584,823,49,872
屏東縣,屏東市,廣興里,116,1167,289,302,591,16,607
屏東縣,屏東市,廣興里,117,915,210,240,450,39,489
屏東縣,屏東市,勝利里,118,1683,221,286,507,25,532
屏東縣,屏東市,勝利里,119,1497,298,460,758,16,774
屏東縣,屏東市,勝利里,120,1129,288,286,574,24,598
屏東縣,屏東市,勝利里,121,1232,246,406,652,20,672
屏東縣,屏東市,斯文里,122,853,231,231,462,11,473
屏東縣,屏東市,斯文里,123,869,220,274,494,16,510
屏東縣,屏東市,華山里,124,1169,293,352,645,27,672
屏東縣,屏東市,華山里,125,1058,265,306,571,21,592
屏東縣,屏東市,華山里,126,1344,259,390,649,25,674
屏東縣,屏東市,華山里,127,1299,275,406,681,23,704
屏東縣,屏東市,溝美里,128,1204,287,309,596,25,621
屏東縣,屏東市,溝美里,129,1123,255,317,572,23,595
屏東縣,屏東市,三山里,130,1318,321,305,626,30,656
屏東縣,屏東市,海豐里,131,865,265,222,487,32,519
屏東縣,屏東市,仁義里,132,1100,292,239,531,14,545
屏東縣,屏東市,北興里,133,1215,274,301,575,24,599
屏東縣,屏東市,北興里,134,1370,279,433,712,21,733
屏東縣,屏東市,北興里,135,1240,288,353,641,21,662
屏東縣,屏東市,北興里,136,1168,288,364,652,18,670
屏東縣,屏東市,北興里,137,1079,232,351,583,16,599
屏東縣,屏東市,北勢里,138,1289,342,388,730,21,751
屏東縣,屏東市,北勢里,139,1115,270,302,572,19,591
屏東縣,屏東市,中正里,140,1491,336,492,828,30,858
屏東縣,屏東市,中正里,141,1411,276,394,670,24,694
屏東縣,屏東市,中正里,142,1803,323,581,904,23,927
屏東縣,屏東市,興樂里,143,744,189,230,419,18,437
屏東縣,屏東市,明正里,144,678,165,190,355,12,367
屏東縣,屏東市,太平里,145,681,199,199,398,16,414
屏東縣,屏東市,信和里,146,1535,391,328,719,21,740
屏東縣,屏東市,和興里,147,954,219,302,521,29,550
屏東縣,屏東市,仁愛里,148,1018,287,297,584,32,616
屏東縣,屏東市,仁愛里,149,1154,298,338,636,19,655
屏東縣,潮州鎮,潮州里,150,504,132,154,286,20,306
屏東縣,潮州鎮,光華里,151,1711,379,408,787,39,826
屏東縣,潮州鎮,光華里,152,1634,404,439,843,24,867
屏東縣,潮州鎮,光華里,153,1414,309,350,659,28,687
屏東縣,潮州鎮,同榮里,154,603,200,155,355,25,380
屏東縣,潮州鎮,彭城里,155,896,282,179,461,31,492
屏東縣,潮州鎮,三星里,156,1285,293,347,640,37,677
屏東縣,潮州鎮,三星里,157,1744,393,447,840,32,872
屏東縣,潮州鎮,三星里,158,1071,275,313,588,31,619
屏東縣,潮州鎮,三星里,159,1209,332,356,688,28,716
屏東縣,潮州鎮,三共里,160,1159,297,308,605,24,629
屏東縣,潮州鎮,三共里,161,1296,292,344,636,33,669
屏東縣,潮州鎮,三共里,162,1466,354,413,767,27,794
屏東縣,潮州鎮,三共里,163,1130,306,310,616,38,654
屏東縣,潮州鎮,三共里,164,1439,345,404,749,34,783
屏東縣,潮州鎮,三和里,165,897,236,263,499,35,534
屏東縣,潮州鎮,三和里,166,1225,290,367,657,35,692
屏東縣,潮州鎮,九塊里,167,1158,331,231,562,25,587
屏東縣,潮州鎮,九塊里,168,481,135,69,204,21,225
屏東縣,潮州鎮,新生里,169,972,293,242,535,24,559
屏東縣,潮州鎮,新榮里,170,1245,358,358,716,20,736
屏東縣,潮州鎮,五魁里,171,1415,404,329,733,30,763
屏東縣,潮州鎮,蓬萊里,172,1255,292,300,592,15,607
屏東縣,潮州鎮,蓬萊里,173,1058,259,173,432,23,455
屏東縣,潮州鎮,八爺里,174,1187,294,298,592,26,618
屏東縣,潮州鎮,八爺里,175,1083,302,281,583,32,615
屏東縣,潮州鎮,永春里,176,1590,397,367,764,24,788
屏東縣,潮州鎮,永春里,177,1543,370,448,818,34,852
屏東縣,潮州鎮,永春里,178,1631,378,408,786,31,817
屏東縣,潮州鎮,永春里,179,1159,254,348,602,26,628
屏東縣,潮州鎮,永春里,180,1099,294,315,609,18,627
屏東縣,潮州鎮,富春里,181,1200,276,285,561,34,595
屏東縣,潮州鎮,光春里,182,1391,326,348,674,32,706
屏東縣,潮州鎮,興美里,183,881,200,291,491,30,521
屏東縣,潮州鎮,檨子里,184,454,95,96,191,19,210
屏東縣,潮州鎮,泗林里,185,1658,439,399,838,61,899
屏東縣,潮州鎮,四春里,186,822,268,144,412,20,432
屏東縣,潮州鎮,四春里,187,948,257,182,439,15,454
屏東縣,潮州鎮,崙東里,188,1194,290,206,496,28,524
屏東縣,潮州鎮,崙東里,189,337,118,59,177,14,191
屏東縣,東港鎮,新勝里,190,981,273,284,557,29,586
屏東縣,東港鎮,新勝里,191,1070,344,277,621,27,648
屏東縣,東港鎮,頂新里,192,527,174,148,322,26,348
屏東縣,東港鎮,頂中里,193,395,121,115,236,13,249
屏東縣,東港鎮,東和里,194,659,146,168,314,25,339
屏東縣,東港鎮,興台里,195,513,130,138,268,17,285
屏東縣,東港鎮,興東里,196,1732,443,431,874,32,906
屏東縣,東港鎮,興東里,197,1779,451,467,918,35,953
屏東縣,東港鎮,興東里,198,1270,315,308,623,24,647
屏東縣,東港鎮,興東里,199,1327,365,309,674,23,697
屏東縣,東港鎮,興東里,200,1242,354,296,650,46,696
屏東縣,東港鎮,興東里,201,1607,434,407,841,47,888
屏東縣,東港鎮,興農里,202,1305,349,293,642,17,659
屏東縣,東港鎮,中興里,203,695,183,184,367,27,394
屏東縣,東港鎮,朝安里,204,1076,335,285,620,40,660
屏東縣,東港鎮,朝安里,205,567,165,118,283,14,297
屏東縣,東港鎮,八德里,206,806,275,175,450,22,472
屏東縣,東港鎮,東隆里,207,1227,318,320,638,51,689
屏東縣,東港鎮,豐漁里,208,599,168,138,306,20,326
屏東縣,東港鎮,盛漁里,209,1354,302,250,552,35,587
屏東縣,東港鎮,興漁里,210,734,212,143,355,37,392
屏東縣,東港鎮,興漁里,211,1107,290,271,561,74,635
屏東縣,東港鎮,鎮海里,212,1198,291,250,541,58,599
屏東縣,東港鎮,鎮海里,213,1614,431,328,759,65,824
屏東縣,東港鎮,嘉蓮里,214,826,231,181,412,20,432
屏東縣,東港鎮,嘉蓮里,215,912,245,227,472,48,520
屏東縣,東港鎮,南平里,216,432,127,82,209,18,227
屏東縣,東港鎮,南平里,217,1204,375,255,630,65,695
屏東縣,東港鎮,船頭里,218,1304,366,330,696,37,733
屏東縣,東港鎮,船頭里,219,1317,405,332,737,23,760
屏東縣,東港鎮,船頭里,220,1387,336,351,687,22,709
屏東縣,東港鎮,船頭里,221,1310,336,278,614,20,634
屏東縣,東港鎮,下?里,222,1228,371,228,599,30,629
屏東縣,東港鎮,下?里,223,766,211,135,346,27,373
屏東縣,東港鎮,大潭里,224,823,249,205,454,26,480
屏東縣,東港鎮,大潭里,225,755,163,143,306,18,324
屏東縣,東港鎮,興和里,226,1094,338,255,593,35,628
屏東縣,東港鎮,共和里,227,753,112,248,360,15,375
屏東縣,恆春鎮,城南里,228,902,216,211,427,22,449
屏東縣,恆春鎮,城北里,229,969,256,263,519,35,554
屏東縣,恆春鎮,城北里,230,1280,274,330,604,32,636
屏東縣,恆春鎮,城西里,231,1133,274,320,594,19,613
屏東縣,恆春鎮,網紗里,232,1552,305,358,663,16,679
屏東縣,恆春鎮,網紗里,233,1485,314,292,606,30,636
屏東縣,恆春鎮,仁壽里,234,896,221,239,460,24,484
屏東縣,恆春鎮,茄湖里,235,531,132,110,242,19,261
屏東縣,恆春鎮,頭溝里,236,478,119,106,225,10,235
屏東縣,恆春鎮,四溝里,237,1020,234,220,454,35,489
屏東縣,恆春鎮,德和里,238,924,229,205,434,16,450
屏東縣,恆春鎮,龍水里,239,1079,225,225,450,21,471
屏東縣,恆春鎮,山海里,240,775,188,153,341,14,355
屏東縣,恆春鎮,山海里,241,813,221,201,422,34,456
屏東縣,恆春鎮,大光里,242,1104,236,257,493,35,528
屏東縣,恆春鎮,大光里,243,1110,208,245,453,42,495
屏東縣,恆春鎮,水泉里,244,692,136,123,259,38,297
屏東縣,恆春鎮,水泉里,245,708,149,121,270,7,277
屏東縣,恆春鎮,山腳里,246,1505,304,418,722,16,738
屏東縣,恆春鎮,山腳里,247,1111,237,245,482,38,520
屏東縣,恆春鎮,山腳里,248,1543,291,391,682,33,715
屏東縣,恆春鎮,南灣里,249,828,147,178,325,15,340
屏東縣,恆春鎮,南灣里,250,844,202,218,420,24,444
屏東縣,恆春鎮,墾丁里,251,1253,300,295,595,33,628
屏東縣,恆春鎮,鵝鑾里,252,1126,240,253,493,23,516
屏東縣,萬丹鄉,香社村,253,1527,246,312,558,33,591
屏東縣,萬丹鄉,新庄村,254,1147,321,216,537,39,576
屏東縣,萬丹鄉,新庄村,255,949,243,210,453,29,482
屏東縣,萬丹鄉,新鐘村,256,990,209,247,456,24,480
屏東縣,萬丹鄉,新鐘村,257,1022,225,251,476,16,492
屏東縣,萬丹鄉,水仙村,258,545,153,176,329,41,370
屏東縣,萬丹鄉,興全村,259,1159,163,374,537,38,575
屏東縣,萬丹鄉,興安村,260,837,258,201,459,46,505
屏東縣,萬丹鄉,甘棠村,261,392,100,94,194,11,205
屏東縣,萬丹鄉,萬惠村,262,847,258,218,476,24,500
屏東縣,萬丹鄉,萬全村,263,1149,263,312,575,26,601
屏東縣,萬丹鄉,萬全村,264,1131,290,286,576,36,612
屏東縣,萬丹鄉,萬全村,265,1178,295,285,580,32,612
屏東縣,萬丹鄉,萬後村,266,711,238,177,415,13,428
屏東縣,萬丹鄉,萬安村,267,595,261,100,361,15,376
屏東縣,萬丹鄉,萬生村,268,1403,397,388,785,22,807
屏東縣,萬丹鄉,寶厝村,269,1094,272,277,549,25,574
屏東縣,萬丹鄉,寶厝村,270,1158,327,315,642,25,667
屏東縣,萬丹鄉,四維村,271,963,308,256,564,42,606
屏東縣,萬丹鄉,四維村,272,1062,100,401,501,42,543
屏東縣,萬丹鄉,竹林村,273,1684,433,416,849,45,894
屏東縣,萬丹鄉,水泉村,274,1702,428,397,825,19,844
屏東縣,萬丹鄉,田厝村,275,976,337,211,548,26,574
屏東縣,萬丹鄉,崙頂村,276,1013,280,242,522,38,560
屏東縣,萬丹鄉,崙頂村,277,847,230,145,375,17,392
屏東縣,萬丹鄉,?北村,278,1570,441,384,825,87,912
屏東縣,萬丹鄉,?南村,279,1411,359,312,671,41,712
屏東縣,萬丹鄉,後村村,280,1046,317,233,550,57,607
屏東縣,萬丹鄉,灣內村,281,1385,375,311,686,27,713
屏東縣,萬丹鄉,上村村,282,804,234,181,415,36,451
屏東縣,萬丹鄉,加興村,283,1284,415,256,671,44,715
屏東縣,萬丹鄉,社口村,284,1430,375,294,669,40,709
屏東縣,萬丹鄉,磚寮村,285,960,310,254,564,42,606
屏東縣,萬丹鄉,社皮村,286,786,252,201,453,31,484
屏東縣,萬丹鄉,社皮村,287,1158,334,277,611,44,655
屏東縣,萬丹鄉,社中村,288,1647,394,319,713,29,742
屏東縣,萬丹鄉,社上村,289,1666,435,307,742,39,781
屏東縣,萬丹鄉,廣安村,290,1023,359,246,605,33,638
屏東縣,萬丹鄉,廣安村,291,1227,350,342,692,34,726
屏東縣,長治鄉,進興村,292,1018,279,256,535,37,572
屏東縣,長治鄉,進興村,293,1614,371,456,827,60,887
屏東縣,長治鄉,新潭村,294,1848,424,561,985,52,1037
屏東縣,長治鄉,新潭村,295,1707,364,503,867,49,916
屏東縣,長治鄉,潭頭村,296,972,249,282,531,19,550
屏東縣,長治鄉,潭頭村,297,989,286,251,537,38,575
屏東縣,長治鄉,香楊村,298,735,202,200,402,43,445
屏東縣,長治鄉,香楊村,299,1813,433,432,865,32,897
屏東縣,長治鄉,長興村,300,1073,295,330,625,28,653
屏東縣,長治鄉,崙上村,301,1654,441,401,842,45,887
屏東縣,長治鄉,德榮村,302,1205,352,274,626,46,672
屏東縣,長治鄉,德和村,303,758,212,195,407,26,433
屏東縣,長治鄉,復興村,304,1492,407,351,758,68,826
屏東縣,長治鄉,德成村,305,884,203,269,472,47,519
屏東縣,長治鄉,德協村,306,1090,301,286,587,46,633
屏東縣,長治鄉,繁榮村,307,1422,316,331,647,49,696
屏東縣,長治鄉,繁昌村,308,845,232,196,428,41,469
屏東縣,長治鄉,繁昌村,309,925,247,247,494,45,539
屏東縣,長治鄉,繁隆村,310,1138,362,200,562,66,628
屏東縣,長治鄉,繁華村,311,1242,367,274,641,65,706
屏東縣,長治鄉,繁華村,312,1159,257,297,554,16,570
屏東縣,長治鄉,榮華村,313,673,134,243,377,26,403
屏東縣,麟洛鄉,新田村,314,788,214,210,424,25,449
屏東縣,麟洛鄉,新田村,315,1386,413,408,821,25,846
屏東縣,麟洛鄉,麟頂村,316,957,273,295,568,26,594
屏東縣,麟洛鄉,麟蹄村,317,731,251,180,431,23,454
屏東縣,麟洛鄉,麟蹄村,318,806,265,208,473,33,506
屏東縣,麟洛鄉,麟趾村,319,1207,370,274,644,15,659
屏東縣,麟洛鄉,麟趾村,320,1340,400,393,793,35,828
屏東縣,麟洛鄉,田中村,321,1221,432,307,739,26,765
屏東縣,麟洛鄉,田心村,322,851,265,234,499,5,504
屏東縣,麟洛鄉,田道村,323,683,206,178,384,13,397
屏東縣,九如鄉,九清村,324,1491,482,325,807,33,840
屏東縣,九如鄉,九塊村,325,1375,446,270,716,36,752
屏東縣,九如鄉,九明村,326,1678,476,368,844,34,878
屏東縣,九如鄉,大坵村,327,1166,352,281,633,54,687
屏東縣,九如鄉,玉水村,328,1276,305,257,562,27,589
屏東縣,九如鄉,玉泉村,329,1033,298,273,571,33,604
屏東縣,九如鄉,玉泉村,330,577,170,197,367,30,397
屏東縣,九如鄉,東寧村,331,649,216,147,363,42,405
屏東縣,九如鄉,東寧村,332,1999,742,263,1005,97,1102
屏東縣,九如鄉,東寧村,333,1766,471,415,886,37,923
屏東縣,九如鄉,三塊村,334,1600,476,330,806,44,850
屏東縣,九如鄉,耆老村,335,1248,368,284,652,34,686
屏東縣,九如鄉,後庄村,336,1792,571,411,982,61,1043
屏東縣,九如鄉,洽興村,337,1482,430,348,778,43,821
屏東縣,里港鄉,玉田村,338,1552,496,387,883,36,919
屏東縣,里港鄉,玉田村,339,1480,407,349,756,31,787
屏東縣,里港鄉,塔樓村,340,1534,401,280,681,26,707
屏東縣,里港鄉,潮厝村,341,1578,459,353,812,42,854
屏東縣,里港鄉,大平村,342,1127,354,302,656,20,676
屏東縣,里港鄉,永春村,343,845,268,199,467,30,497
屏東縣,里港鄉,春林村,344,1282,347,297,644,37,681
屏東縣,里港鄉,過江村,345,981,298,248,546,27,573
屏東縣,里港鄉,過江村,346,1031,289,275,564,37,601
屏東縣,里港鄉,鐵店村,347,1423,450,300,750,49,799
屏東縣,里港鄉,茄苳村,348,363,90,76,166,11,177
屏東縣,里港鄉,茄苳村,349,1203,397,269,666,41,707
屏東縣,里港鄉,載興村,350,1027,356,258,614,31,645
屏東縣,里港鄉,載興村,351,1384,432,273,705,37,742
屏東縣,里港鄉,土庫村,352,1512,404,373,777,49,826
屏東縣,里港鄉,土庫村,353,522,68,216,284,25,309
屏東縣,里港鄉,三?村,354,822,211,205,416,42,458
屏東縣,里港鄉,三?村,355,1007,276,213,489,41,530
屏東縣,里港鄉,中和村,356,956,302,216,518,19,537
屏東縣,里港鄉,瀰力村,357,499,146,121,267,15,282
屏東縣,鹽埔鄉,鹽北村,358,951,198,281,479,28,507
屏東縣,鹽埔鄉,鹽北村,359,899,206,224,430,24,454
屏東縣,鹽埔鄉,鹽中村,360,1116,229,264,493,19,512
屏東縣,鹽埔鄉,鹽中村,361,1241,287,315,602,28,630
屏東縣,鹽埔鄉,鹽南村,362,770,190,184,374,30,404
屏東縣,鹽埔鄉,鹽南村,363,962,221,264,485,29,514
屏東縣,鹽埔鄉,仕絨村,364,1041,258,329,587,51,638
屏東縣,鹽埔鄉,高朗村,365,1367,432,256,688,34,722
屏東縣,鹽埔鄉,高朗村,366,1465,324,326,650,37,687
屏東縣,鹽埔鄉,振興村,367,894,233,172,405,26,431
屏東縣,鹽埔鄉,振興村,368,958,207,217,424,5,429
屏東縣,鹽埔鄉,久愛村,369,924,240,213,453,45,498
屏東縣,鹽埔鄉,新圍村,370,1598,357,357,714,30,744
屏東縣,鹽埔鄉,新圍村,371,1550,436,326,762,70,832
屏東縣,鹽埔鄉,新二村,372,1127,269,285,554,52,606
屏東縣,鹽埔鄉,新二村,373,1150,324,292,616,56,672
屏東縣,鹽埔鄉,新二村,374,1233,329,306,635,49,684
屏東縣,鹽埔鄉,彭厝村,375,984,262,278,540,54,594
屏東縣,鹽埔鄉,洛陽村,376,1619,409,435,844,47,891
屏東縣,鹽埔鄉,永隆村,377,553,157,140,297,17,314
屏東縣,高樹鄉,高樹村,378,883,315,214,529,28,557
屏東縣,高樹鄉,高樹村,379,1255,336,189,525,17,542
屏東縣,高樹鄉,長榮村,380,1278,371,370,741,22,763
屏東縣,高樹鄉,東興村,381,738,225,144,369,9,378
屏東縣,高樹鄉,東振村,382,585,171,108,279,13,292
屏東縣,高樹鄉,源泉村,383,1012,347,209,556,52,608
屏東縣,高樹鄉,建興村,384,1148,300,214,514,63,577
屏東縣,高樹鄉,大埔村,385,591,188,132,320,19,339
屏東縣,高樹鄉,菜寮村,386,786,243,113,356,26,382
屏東縣,高樹鄉,司馬村,387,649,159,142,301,13,314
屏東縣,高樹鄉,舊寮村,388,1229,288,203,491,53,544
屏東縣,高樹鄉,新豐村,389,1446,346,290,636,40,676
屏東縣,高樹鄉,泰山村,390,899,250,127,377,14,391
屏東縣,高樹鄉,泰山村,391,922,231,223,454,32,486
屏東縣,高樹鄉,南華村,392,1259,342,224,566,39,605
屏東縣,高樹鄉,廣福村,393,1056,280,194,474,16,490
屏東縣,高樹鄉,廣興村,394,1116,264,302,566,56,622
屏東縣,高樹鄉,舊庄村,395,1020,296,227,523,52,575
屏東縣,高樹鄉,田子村,396,1055,308,221,529,51,580
屏東縣,高樹鄉,鹽樹村,397,738,270,167,437,27,464
屏東縣,高樹鄉,鹽樹村,398,493,134,88,222,28,250
屏東縣,高樹鄉,新南村,399,1539,443,401,844,70,914
屏東縣,萬巒鄉,萬巒村,400,1239,390,237,627,29,656
屏東縣,萬巒鄉,萬全村,401,759,252,172,424,21,445
屏東縣,萬巒鄉,萬和村,402,932,313,210,523,37,560
屏東縣,萬巒鄉,萬和村,403,769,269,174,443,31,474
屏東縣,萬巒鄉,鹿寮村,404,920,257,203,460,48,508
屏東縣,萬巒鄉,硫黃村,405,560,190,130,320,14,334
屏東縣,萬巒鄉,泗溝村,406,1120,271,261,532,23,555
屏東縣,萬巒鄉,五溝村,407,1048,272,224,496,30,526
屏東縣,萬巒鄉,成德村,408,1438,356,302,658,34,692
屏東縣,萬巒鄉,赤山村,409,834,218,158,376,41,417
屏東縣,萬巒鄉,赤山村,410,813,197,186,383,44,427
屏東縣,萬巒鄉,萬金村,411,1020,335,210,545,41,586
屏東縣,萬巒鄉,萬金村,412,1007,323,218,541,48,589
屏東縣,萬巒鄉,佳佐村,413,1648,384,293,677,52,729
屏東縣,萬巒鄉,佳和村,414,1437,349,335,684,51,735
屏東縣,萬巒鄉,新厝村,415,1228,307,265,572,18,590
屏東縣,萬巒鄉,新置村,416,597,187,175,362,30,392
屏東縣,萬巒鄉,新置村,417,576,183,114,297,29,326
屏東縣,內埔鄉,內埔村,418,1305,298,296,594,21,615
屏東縣,內埔鄉,內埔村,419,1287,324,285,609,21,630
屏東縣,內埔鄉,內埔村,420,1387,284,355,639,17,656
屏東縣,內埔鄉,內田村,421,1540,400,299,699,46,745
屏東縣,內埔鄉,內田村,422,1605,403,369,772,33,805
屏東縣,內埔鄉,興南村,423,1326,338,293,631,48,679
屏東縣,內埔鄉,義亭村,424,591,152,144,296,39,335
屏東縣,內埔鄉,美和村,425,1123,273,243,516,36,552
屏東縣,內埔鄉,美和村,426,1079,265,280,545,13,558
屏東縣,內埔鄉,和興村,427,1485,365,371,736,44,780
屏東縣,內埔鄉,和興村,428,1248,302,374,676,43,719
屏東縣,內埔鄉,東寧村,429,1569,435,378,813,33,846
屏東縣,內埔鄉,東寧村,430,1493,343,331,674,38,712
屏東縣,內埔鄉,東寧村,431,1420,350,310,660,13,673
屏東縣,內埔鄉,豐田村,432,1334,357,303,660,39,699
屏東縣,內埔鄉,豐田村,433,1519,361,341,702,37,739
屏東縣,內埔鄉,振豐村,434,784,211,191,402,19,421
屏東縣,內埔鄉,振豐村,435,888,261,232,493,14,507
屏東縣,內埔鄉,富田村,436,747,196,131,327,13,340
屏東縣,內埔鄉,富田村,437,1168,288,231,519,23,542
屏東縣,內埔鄉,竹圍村,438,546,171,124,295,19,314
屏東縣,內埔鄉,竹圍村,439,1278,319,294,613,34,647
屏東縣,內埔鄉,東勢村,440,1348,385,231,616,31,647
屏東縣,內埔鄉,東勢村,441,1550,379,254,633,32,665
屏東縣,內埔鄉,東片村,442,947,290,254,544,36,580
屏東縣,內埔鄉,上樹村,443,1097,322,208,530,39,569
屏東縣,內埔鄉,老埤村,444,1128,265,176,441,34,475
屏東縣,內埔鄉,老埤村,445,1253,254,218,472,22,494
屏東縣,內埔鄉,中林村,446,1525,404,263,667,23,690
屏東縣,內埔鄉,龍泉村,447,1215,277,318,595,49,644
屏東縣,內埔鄉,龍泉村,448,1216,221,291,512,31,543
屏東縣,內埔鄉,龍潭村,449,1353,256,351,607,25,632
屏東縣,內埔鄉,龍潭村,450,1026,115,363,478,34,512
屏東縣,內埔鄉,建興村,451,862,202,193,395,28,423
屏東縣,內埔鄉,大新村,452,921,218,168,386,24,410
屏東縣,內埔鄉,大新村,453,854,199,223,422,20,442
屏東縣,內埔鄉,黎明村,454,1230,292,249,541,38,579
屏東縣,內埔鄉,黎明村,455,1204,266,247,513,21,534
屏東縣,內埔鄉,隘寮村,456,1301,299,273,572,22,594
屏東縣,內埔鄉,水門村,457,806,192,235,427,33,460
屏東縣,竹田鄉,竹田村,458,1503,435,359,794,46,840
屏東縣,竹田鄉,竹南村,459,899,281,245,526,32,558
屏東縣,竹田鄉,糶糴村,460,716,229,209,438,19,457
屏東縣,竹田鄉,履豐村,461,581,205,158,363,23,386
屏東縣,竹田鄉,頭崙村,462,1327,376,331,707,34,741
屏東縣,竹田鄉,二崙村,463,997,332,255,587,40,627
屏東縣,竹田鄉,美崙村,464,649,209,158,367,18,385
屏東縣,竹田鄉,南勢村,465,476,180,153,333,16,349
屏東縣,竹田鄉,西勢村,466,1259,346,361,707,41,748
屏東縣,竹田鄉,西勢村,467,1227,334,278,612,33,645
屏東縣,竹田鄉,福田村,468,504,181,120,301,24,325
屏東縣,竹田鄉,永豐村,469,860,228,208,436,27,463
屏東縣,竹田鄉,六巷村,470,800,235,186,421,22,443
屏東縣,竹田鄉,泗洲村,471,1134,347,282,629,40,669
屏東縣,竹田鄉,大湖村,472,1229,344,279,623,52,675
屏東縣,竹田鄉,鳳明村,473,1192,308,293,601,34,635
屏東縣,新埤鄉,新埤村,474,1712,449,364,813,37,850
屏東縣,新埤鄉,新埤村,475,314,87,78,165,15,180
屏東縣,新埤鄉,建功村,476,752,219,178,397,15,412
屏東縣,新埤鄉,建功村,477,334,87,85,172,17,189
屏東縣,新埤鄉,打鐵村,478,957,264,253,517,39,556
屏東縣,新埤鄉,南豐村,479,764,249,169,418,35,453
屏東縣,新埤鄉,萬隆村,480,373,111,89,200,16,216
屏東縣,新埤鄉,萬隆村,481,678,168,141,309,14,323
屏東縣,新埤鄉,萬隆村,482,701,156,157,313,19,332
屏東縣,新埤鄉,餉潭村,483,1323,301,212,513,37,550
屏東縣,新埤鄉,箕湖村,484,541,141,151,292,21,313
屏東縣,新埤鄉,箕湖村,485,584,113,140,253,19,272
屏東縣,枋寮鄉,枋寮村,486,1213,287,364,651,33,684
屏東縣,枋寮鄉,新龍村,487,891,218,252,470,54,524
屏東縣,枋寮鄉,保生村,488,970,263,201,464,32,496
屏東縣,枋寮鄉,中寮村,489,629,194,129,323,18,341
屏東縣,枋寮鄉,安樂村,490,840,253,222,475,23,498
屏東縣,枋寮鄉,安樂村,491,774,228,208,436,23,459
屏東縣,枋寮鄉,隆山村,492,1379,385,299,684,37,721
屏東縣,枋寮鄉,隆山村,493,1502,418,415,833,27,860
屏東縣,枋寮鄉,隆山村,494,1276,320,307,627,48,675
屏東縣,枋寮鄉,天時村,495,964,260,225,485,36,521
屏東縣,枋寮鄉,天時村,496,1005,281,302,583,42,625
屏東縣,枋寮鄉,地利村,497,734,228,190,418,10,428
屏東縣,枋寮鄉,地利村,498,725,200,196,396,28,424
屏東縣,枋寮鄉,人和村,499,1046,287,227,514,39,553
屏東縣,枋寮鄉,人和村,500,1067,297,282,579,39,618
屏東縣,枋寮鄉,內寮村,501,718,164,95,259,27,286
屏東縣,枋寮鄉,新開村,502,903,179,205,384,41,425
屏東縣,枋寮鄉,東海村,503,1387,352,328,680,47,727
屏東縣,枋寮鄉,東海村,504,1367,265,456,721,62,783
屏東縣,枋寮鄉,大庄村,505,618,204,145,349,30,379
屏東縣,枋寮鄉,太源村,506,959,188,180,368,23,391
屏東縣,枋寮鄉,玉泉村,507,427,130,94,224,16,240
屏東縣,新園鄉,瓦?村,508,820,256,183,439,32,471
屏東縣,新園鄉,瓦?村,509,843,262,216,478,31,509
屏東縣,新園鄉,仙吉村,510,1242,332,275,607,36,643
屏東縣,新園鄉,仙吉村,511,1290,350,360,710,35,745
屏東縣,新園鄉,田洋村,512,1073,280,253,533,36,569
屏東縣,新園鄉,田洋村,513,1088,321,249,570,75,645
屏東縣,新園鄉,港墘村,514,845,213,182,395,28,423
屏東縣,新園鄉,內庄村,515,862,274,177,451,26,477
屏東縣,新園鄉,新東村,516,1183,293,248,541,48,589
屏東縣,新園鄉,新東村,517,1109,273,276,549,62,611
屏東縣,新園鄉,新園村,518,1119,280,246,526,16,542
屏東縣,新園鄉,新園村,519,1152,304,245,549,23,572
屏東縣,新園鄉,港西村,520,1030,259,288,547,28,575
屏東縣,新園鄉,港西村,521,1104,297,245,542,45,587
屏東縣,新園鄉,烏龍村,522,1240,344,268,612,26,638
屏東縣,新園鄉,興龍村,523,1120,300,198,498,11,509
屏東縣,新園鄉,興龍村,524,1074,344,234,578,46,624
屏東縣,新園鄉,中洲村,525,849,234,146,380,22,402
屏東縣,新園鄉,中洲村,526,749,236,138,374,38,412
屏東縣,新園鄉,南龍村,527,1416,406,276,682,46,728
屏東縣,新園鄉,五房村,528,895,257,198,455,36,491
屏東縣,新園鄉,五房村,529,933,302,193,495,26,521
屏東縣,新園鄉,五房村,530,972,249,252,501,22,523
屏東縣,新園鄉,鹽埔村,531,1454,384,247,631,63,694
屏東縣,新園鄉,鹽埔村,532,1653,471,407,878,87,965
屏東縣,新園鄉,鹽埔村,533,1270,351,232,583,57,640
屏東縣,新園鄉,共和村,534,1123,480,140,620,52,672
屏東縣,新園鄉,共和村,535,1198,334,225,559,66,625
屏東縣,崁頂鄉,崁頂村,536,1190,300,283,583,25,608
屏東縣,崁頂鄉,崁頂村,537,1044,283,288,571,43,614
屏東縣,崁頂鄉,園寮村,538,818,249,182,431,22,453
屏東縣,崁頂鄉,園寮村,539,1214,309,288,597,36,633
屏東縣,崁頂鄉,力社村,540,1325,359,295,654,21,675
屏東縣,崁頂鄉,圍內村,541,1253,344,344,688,36,724
屏東縣,崁頂鄉,洲子村,542,1039,284,215,499,39,538
屏東縣,崁頂鄉,北勢村,543,813,213,159,372,28,400
屏東縣,崁頂鄉,北勢村,544,736,233,144,377,10,387
屏東縣,崁頂鄉,越溪村,545,934,278,230,508,30,538
屏東縣,崁頂鄉,港東村,546,900,262,182,444,30,474
屏東縣,崁頂鄉,港東村,547,1004,286,210,496,39,535
屏東縣,林邊鄉,林邊村,548,1458,454,366,820,48,868
屏東縣,林邊鄉,光林村,549,891,307,197,504,23,527
屏東縣,林邊鄉,光林村,550,695,194,209,403,23,426
屏東縣,林邊鄉,永樂村,551,1015,330,239,569,39,608
屏東縣,林邊鄉,永樂村,552,1171,367,286,653,33,686
屏東縣,林邊鄉,永樂村,553,1003,296,240,536,24,560
屏東縣,林邊鄉,中林村,554,725,243,194,437,26,463
屏東縣,林邊鄉,仁和村,555,841,295,179,474,37,511
屏東縣,林邊鄉,仁和村,556,793,260,199,459,23,482
屏東縣,林邊鄉,田厝村,557,919,280,243,523,28,551
屏東縣,林邊鄉,崎?村,558,1283,371,276,647,36,683
屏東縣,林邊鄉,水利村,559,783,256,109,365,25,390
屏東縣,林邊鄉,水利村,560,1033,257,215,472,32,504
屏東縣,林邊鄉,竹林村,561,1186,345,249,594,55,649
屏東縣,林邊鄉,竹林村,562,773,231,161,392,33,425
屏東縣,林邊鄉,鎮安村,563,1122,314,220,534,18,552
屏東縣,南州鄉,溪洲村,564,872,235,193,428,32,460
屏東縣,南州鄉,溪洲村,565,794,249,168,417,22,439
屏東縣,南州鄉,溪南村,566,962,301,231,532,31,563
屏東縣,南州鄉,七塊村,567,1033,290,236,526,56,582
屏東縣,南州鄉,萬華村,568,1007,290,200,490,32,522
屏東縣,南州鄉,仁里村,569,466,151,116,267,12,279
屏東縣,南州鄉,溪北村,570,708,152,243,395,21,416
屏東縣,南州鄉,米崙村,571,1044,310,243,553,38,591
屏東縣,南州鄉,壽元村,572,1071,299,161,460,23,483
屏東縣,南州鄉,同安村,573,979,272,204,476,30,506
屏東縣,南州鄉,南安村,574,543,142,114,256,24,280
屏東縣,佳冬鄉,佳冬村,575,1472,355,299,654,33,687
屏東縣,佳冬鄉,六根村,576,1360,341,245,586,48,634
屏東縣,佳冬鄉,賴家村,577,804,264,176,440,29,469
屏東縣,佳冬鄉,萬建村,578,925,253,205,458,28,486
屏東縣,佳冬鄉,萬建村,579,855,223,190,413,11,424
屏東縣,佳冬鄉,石光村,580,981,267,200,467,27,494
屏東縣,佳冬鄉,石光村,581,1007,283,206,489,16,505
屏東縣,佳冬鄉,玉光村,582,872,246,158,404,31,435
屏東縣,佳冬鄉,玉光村,583,1255,343,214,557,24,581
屏東縣,佳冬鄉,昌隆村,584,995,317,186,503,47,550
屏東縣,佳冬鄉,豐隆村,585,734,188,136,324,11,335
屏東縣,佳冬鄉,大同村,586,1178,274,246,520,27,547
屏東縣,佳冬鄉,羌園村,587,1095,330,191,521,38,559
屏東縣,佳冬鄉,燄溫村,588,1097,285,304,589,61,650
屏東縣,佳冬鄉,塭豐村,589,1273,364,244,608,59,667
屏東縣,佳冬鄉,塭豐村,590,1160,312,306,618,40,658
屏東縣,琉球鄉,本福村,591,1111,203,235,438,26,464
屏東縣,琉球鄉,本福村,592,972,155,255,410,29,439
屏東縣,琉球鄉,中福村,593,1278,226,381,607,57,664
屏東縣,琉球鄉,漁福村,594,976,151,285,436,59,495
屏東縣,琉球鄉,大福村,595,1658,570,173,743,43,786
屏東縣,琉球鄉,南福村,596,1146,170,244,414,28,442
屏東縣,琉球鄉,天福村,597,1079,153,227,380,37,417
屏東縣,琉球鄉,上福村,598,1613,208,372,580,25,605
屏東縣,琉球鄉,杉福村,599,873,171,241,412,32,444
屏東縣,車城鄉,海口村,600,737,165,121,286,24,310
屏東縣,車城鄉,田中村,601,647,133,95,228,16,244
屏東縣,車城鄉,福興村,602,491,119,111,230,13,243
屏東縣,車城鄉,福興村,603,856,210,177,387,29,416
屏東縣,車城鄉,福安村,604,554,166,94,260,3,263
屏東縣,車城鄉,統埔村,605,388,54,86,140,5,145
屏東縣,車城鄉,溫泉村,606,922,205,180,385,14,399
屏東縣,車城鄉,保力村,607,597,141,76,217,9,226
屏東縣,車城鄉,保力村,608,623,127,95,222,8,230
屏東縣,車城鄉,新街村,609,425,113,69,182,16,198
屏東縣,車城鄉,埔墘村,610,428,82,124,206,15,221
屏東縣,車城鄉,射寮村,611,504,103,69,172,9,181
屏東縣,車城鄉,後灣村,612,423,108,92,200,17,217
屏東縣,滿州鄉,滿州村,613,1575,347,349,696,21,717
屏東縣,滿州鄉,里德村,614,420,122,87,209,8,217
屏東縣,滿州鄉,?林村,615,602,174,164,338,16,354
屏東縣,滿州鄉,永靖村,616,1302,265,256,521,24,545
屏東縣,滿州鄉,港口村,617,1314,358,243,601,22,623
屏東縣,滿州鄉,長樂村,618,1308,92,293,385,14,399
屏東縣,滿州鄉,九棚村,619,367,76,60,136,12,148
屏東縣,滿州鄉,港仔村,620,318,82,74,156,10,166
屏東縣,枋山鄉,枋山村,621,604,157,186,343,24,367
屏東縣,枋山鄉,枋山村,622,428,125,123,248,20,268
屏東縣,枋山鄉,加祿村,623,928,272,270,542,42,584
屏東縣,枋山鄉,加祿村,624,972,289,236,525,10,535
屏東縣,枋山鄉,楓港村,625,1041,284,183,467,23,490
屏東縣,枋山鄉,善餘村,626,883,209,125,334,13,347
屏東縣,三地門鄉,大社村,627,616,102,173,275,20,295
屏東縣,三地門鄉,德文村,628,572,125,169,294,53,347
屏東縣,三地門鄉,達來村,629,323,48,92,140,14,154
屏東縣,三地門鄉,三地村,630,1448,269,551,820,54,874
屏東縣,三地門鄉,賽嘉村,631,726,86,159,245,7,252
屏東縣,三地門鄉,口社村,632,554,137,129,266,23,289
屏東縣,三地門鄉,馬兒村,633,346,92,88,180,13,193
屏東縣,三地門鄉,安坡村,634,458,65,117,182,5,187
屏東縣,三地門鄉,青山村,635,692,127,265,392,21,413
屏東縣,三地門鄉,青葉村,636,638,108,329,437,34,471
屏東縣,霧臺鄉,霧台村,637,346,79,165,244,23,267
屏東縣,霧臺鄉,霧台村,638,677,75,297,372,13,385
屏東縣,霧臺鄉,霧台村,639,162,15,38,53,0,53
屏東縣,霧臺鄉,吉露村,640,189,22,70,92,4,96
屏東縣,霧臺鄉,阿禮村,641,296,49,135,184,30,214
屏東縣,霧臺鄉,好茶村,642,483,118,159,277,8,285
屏東縣,霧臺鄉,佳暮村,643,347,46,110,156,1,157
屏東縣,霧臺鄉,大武村,644,450,73,134,207,19,226
屏東縣,瑪家鄉,瑪家村,645,455,94,134,228,4,232
屏東縣,瑪家鄉,北葉村,646,821,159,342,501,40,541
屏東縣,瑪家鄉,三和村,647,635,172,245,417,48,465
屏東縣,瑪家鄉,三和村,648,695,135,356,491,30,521
屏東縣,瑪家鄉,三和村,649,671,110,302,412,31,443
屏東縣,瑪家鄉,?山村,650,1057,172,366,538,15,553
屏東縣,瑪家鄉,佳義村,651,900,204,292,496,24,520
屏東縣,瑪家鄉,排灣村,652,429,72,149,221,9,230
屏東縣,泰武鄉,佳平村,653,669,104,272,376,16,392
屏東縣,泰武鄉,佳平村,654,190,33,55,88,10,98
屏東縣,泰武鄉,武潭村,655,922,159,392,551,56,607
屏東縣,泰武鄉,平和村,656,598,147,254,401,49,450
屏東縣,泰武鄉,萬安村,657,771,132,333,465,38,503
屏東縣,泰武鄉,佳興村,658,414,94,164,258,45,303
屏東縣,泰武鄉,泰武村,659,780,152,235,387,29,416
屏東縣,來義鄉,來義村,660,917,139,386,525,85,610
屏東縣,來義鄉,義林村,661,361,56,131,187,6,193
屏東縣,來義鄉,義林村,662,216,25,59,84,0,84
屏東縣,來義鄉,丹林村,663,445,60,255,315,21,336
屏東縣,來義鄉,丹林村,664,280,40,126,166,16,182
屏東縣,來義鄉,古樓村,665,1097,159,446,605,43,648
屏東縣,來義鄉,文樂村,666,840,103,413,516,44,560
屏東縣,來義鄉,望嘉村,667,889,124,312,436,18,454
屏東縣,來義鄉,南和村,668,1212,195,362,557,35,592
屏東縣,春日鄉,春日村,669,909,78,150,228,5,233
屏東縣,春日鄉,古華村,670,663,102,118,220,15,235
屏東縣,春日鄉,士文村,671,304,16,30,46,0,46
屏東縣,春日鄉,七佳村,672,928,133,236,369,16,385
屏東縣,春日鄉,歸崇村,673,641,67,123,190,8,198
屏東縣,春日鄉,力里村,674,478,42,82,124,2,126
屏東縣,獅子鄉,楓林村,675,751,87,289,376,10,386
屏東縣,獅子鄉,丹路村,676,776,116,295,411,25,436
屏東縣,獅子鄉,草埔村,677,711,55,238,293,12,305
屏東縣,獅子鄉,內文村,678,243,62,95,157,29,186
屏東縣,獅子鄉,竹坑村,679,325,59,125,184,8,192
屏東縣,獅子鄉,獅子村,680,476,56,93,149,3,152
屏東縣,獅子鄉,內獅村,681,602,84,175,259,13,272
屏東縣,獅子鄉,南世村,682,346,39,111,150,9,159
屏東縣,牡丹鄉,石門村,683,342,42,94,136,7,143
屏東縣,牡丹鄉,石門村,684,1306,212,419,631,32,663
屏東縣,牡丹鄉,牡丹村,685,693,51,113,164,5,169
屏東縣,牡丹鄉,東源村,686,437,81,87,168,7,175
屏東縣,牡丹鄉,旭海村,687,392,70,121,191,9,200
屏東縣,牡丹鄉,高士村,688,593,116,180,296,6,302
屏東縣,牡丹鄉,四林村,689,551,52,77,129,4,133
臺東縣,臺東市,文化里,1,874,169,244,413,24,437
臺東縣,臺東市,民族里,2,1469,344,524,868,42,910
臺東縣,臺東市,自強里,3,1259,241,445,686,28,714
臺東縣,臺東市,自強里,4,1399,284,476,760,32,792
臺東縣,臺東市,自強里,5,1363,264,558,822,21,843
臺東縣,臺東市,民生里,6,1651,333,545,878,32,910
臺東縣,臺東市,民生里,7,1490,363,535,898,37,935
臺東縣,臺東市,寶桑里,8,859,173,260,433,31,464
臺東縣,臺東市,民權里,9,890,220,299,519,29,548
臺東縣,臺東市,四維里,10,651,139,202,341,38,379
臺東縣,臺東市,中華里,11,1650,328,459,787,49,836
臺東縣,臺東市,仁愛里,12,724,178,254,432,21,453
臺東縣,臺東市,強國里,13,632,148,209,357,25,382
臺東縣,臺東市,大同里,14,771,175,267,442,21,463
臺東縣,臺東市,成功里,15,798,206,204,410,13,423
臺東縣,臺東市,建國里,16,1299,280,381,661,60,721
臺東縣,臺東市,中正里,17,811,208,265,473,19,492
臺東縣,臺東市,中山里,18,764,199,277,476,18,494
臺東縣,臺東市,興國里,19,784,187,233,420,10,430
臺東縣,臺東市,鐵花里,20,427,96,118,214,9,223
臺東縣,臺東市,東海里,21,1292,222,413,635,30,665
臺東縣,臺東市,東海里,22,1501,299,550,849,23,872
臺東縣,臺東市,復國里,23,601,121,173,294,11,305
臺東縣,臺東市,復興里,24,417,87,122,209,10,219
臺東縣,臺東市,新興里,25,1001,206,322,528,39,567
臺東縣,臺東市,新生里,26,1638,289,619,908,45,953
臺東縣,臺東市,新生里,27,1576,266,564,830,43,873
臺東縣,臺東市,新生里,28,1595,295,568,863,53,916
臺東縣,臺東市,新生里,29,1734,303,626,929,40,969
臺東縣,臺東市,中心里,30,1476,284,534,818,38,856
臺東縣,臺東市,中心里,31,1545,327,579,906,32,938
臺東縣,臺東市,馬蘭里,32,1313,239,489,728,41,769
臺東縣,臺東市,馬蘭里,33,1338,262,529,791,32,823
臺東縣,臺東市,光明里,34,1312,237,467,704,28,732
臺東縣,臺東市,光明里,35,1265,247,461,708,31,739
臺東縣,臺東市,豐年里,36,1407,260,366,626,58,684
臺東縣,臺東市,豐年里,37,1552,232,483,715,46,761
臺東縣,臺東市,豐樂里,38,1445,263,486,749,65,814
臺東縣,臺東市,永樂里,39,2098,461,696,1157,60,1217
臺東縣,臺東市,康樂里,40,1324,254,493,747,48,795
臺東縣,臺東市,豐榮里,41,1598,278,544,822,43,865
臺東縣,臺東市,豐榮里,42,1513,238,552,790,23,813
臺東縣,臺東市,豐榮里,43,1679,269,557,826,31,857
臺東縣,臺東市,豐榮里,44,1414,291,421,712,42,754
臺東縣,臺東市,豐榮里,45,1798,286,615,901,43,944
臺東縣,臺東市,豐谷里,46,1749,268,497,765,59,824
臺東縣,臺東市,豐谷里,47,1709,298,565,863,66,929
臺東縣,臺東市,豐谷里,48,1629,291,527,818,44,862
臺東縣,臺東市,豐里里,49,1116,217,343,560,37,597
臺東縣,臺東市,豐里里,50,1259,259,311,570,30,600
臺東縣,臺東市,豐原里,51,1232,230,314,544,27,571
臺東縣,臺東市,富岡里,52,1505,250,447,697,82,779
臺東縣,臺東市,富豐里,53,836,144,223,367,37,404
臺東縣,臺東市,南榮里,54,1294,256,457,713,27,740
臺東縣,臺東市,南榮里,55,1350,230,437,667,57,724
臺東縣,臺東市,岩灣里,56,2162,377,744,1121,79,1200
臺東縣,臺東市,卑南里,57,1627,352,584,936,31,967
臺東縣,臺東市,卑南里,58,1140,261,392,653,24,677
臺東縣,臺東市,南王里,59,1359,243,457,700,28,728
臺東縣,臺東市,南王里,60,1329,256,433,689,50,739
臺東縣,臺東市,豐田里,61,990,214,277,491,26,517
臺東縣,臺東市,豐田里,62,1038,245,327,572,24,596
臺東縣,臺東市,新園里,63,1597,315,475,790,55,845
臺東縣,臺東市,建和里,64,1385,285,393,678,66,744
臺東縣,臺東市,建興里,65,939,181,249,430,17,447
臺東縣,臺東市,建業里,66,1258,227,320,547,43,590
臺東縣,臺東市,知本里,67,1350,261,390,651,9,660
臺東縣,臺東市,建農里,68,1058,150,326,476,11,487
臺東縣,臺東市,建農里,69,895,125,234,359,29,388
臺東縣,成功鎮,信義里,70,516,63,149,212,56,268
臺東縣,成功鎮,信義里,71,960,184,344,528,59,587
臺東縣,成功鎮,信義里,72,365,42,81,123,11,134
臺東縣,成功鎮,和平里,73,747,118,176,294,51,345
臺東縣,成功鎮,忠仁里,74,339,55,89,144,16,160
臺東縣,成功鎮,忠仁里,75,995,173,297,470,12,482
臺東縣,成功鎮,忠仁里,76,863,203,255,458,26,484
臺東縣,成功鎮,忠智里,77,931,172,308,480,30,510
臺東縣,成功鎮,忠智里,78,970,146,329,475,24,499
臺東縣,成功鎮,三民里,79,1365,200,429,629,60,689
臺東縣,成功鎮,三民里,80,1366,190,482,672,53,725
臺東縣,成功鎮,三仙里,81,516,77,147,224,39,263
臺東縣,成功鎮,三仙里,82,887,134,213,347,56,403
臺東縣,成功鎮,忠孝里,83,488,68,107,175,45,220
臺東縣,成功鎮,忠孝里,84,481,75,88,163,32,195
臺東縣,成功鎮,博愛里,85,373,21,64,85,3,88
臺東縣,成功鎮,博愛里,86,264,37,79,116,28,144
臺東縣,關山鎮,里?里,87,909,181,338,519,23,542
臺東縣,關山鎮,里?里,88,790,144,190,334,11,345
臺東縣,關山鎮,中福里,89,828,173,303,476,25,501
臺東縣,關山鎮,新福里,90,887,149,217,366,23,389
臺東縣,關山鎮,豐泉里,91,1137,205,394,599,28,627
臺東縣,關山鎮,月眉里,92,732,143,189,332,22,354
臺東縣,關山鎮,德高里,93,912,146,292,438,37,475
臺東縣,關山鎮,德高里,94,779,128,179,307,11,318
臺東縣,關山鎮,電光里,95,535,68,128,196,11,207
臺東縣,卑南鄉,賓朗村,96,1041,310,269,579,30,609
臺東縣,卑南鄉,賓朗村,97,1165,205,356,561,15,576
臺東縣,卑南鄉,美農村,98,219,50,37,87,15,102
臺東縣,卑南鄉,美農村,99,460,98,108,206,20,226
臺東縣,卑南鄉,美農村,100,387,55,86,141,14,155
臺東縣,卑南鄉,初鹿村,101,767,135,189,324,25,349
臺東縣,卑南鄉,初鹿村,102,503,117,134,251,26,277
臺東縣,卑南鄉,明峰村,103,727,155,168,323,37,360
臺東縣,卑南鄉,明峰村,104,436,88,118,206,25,231
臺東縣,卑南鄉,嘉豐村,105,261,55,33,88,8,96
臺東縣,卑南鄉,嘉豐村,106,215,62,47,109,12,121
臺東縣,卑南鄉,太平村,107,1442,301,449,750,53,803
臺東縣,卑南鄉,太平村,108,527,81,172,253,11,264
臺東縣,卑南鄉,太平村,109,1046,186,355,541,42,583
臺東縣,卑南鄉,泰安村,110,1110,232,321,553,49,602
臺東縣,卑南鄉,利嘉村,111,1105,230,367,597,35,632
臺東縣,卑南鄉,東興村,112,1167,182,425,607,122,729
臺東縣,卑南鄉,溫泉村,113,968,236,222,458,23,481
臺東縣,卑南鄉,溫泉村,114,159,39,27,66,2,68
臺東縣,卑南鄉,富山村,115,488,67,136,203,17,220
臺東縣,卑南鄉,富源村,116,347,99,90,189,14,203
臺東縣,卑南鄉,利吉村,117,436,81,143,224,15,239
臺東縣,鹿野鄉,鹿野村,118,522,62,124,186,8,194
臺東縣,鹿野鄉,鹿野村,119,574,125,172,297,13,310
臺東縣,鹿野鄉,龍田村,120,1055,186,220,406,20,426
臺東縣,鹿野鄉,永安村,121,1104,225,259,484,33,517
臺東縣,鹿野鄉,永安村,122,342,48,98,146,9,155
臺東縣,鹿野鄉,瑞隆村,123,895,161,235,396,31,427
臺東縣,鹿野鄉,瑞源村,124,864,165,222,387,43,430
臺東縣,鹿野鄉,瑞和村,125,675,125,129,254,34,288
臺東縣,鹿野鄉,瑞豐村,126,435,109,101,210,9,219
臺東縣,鹿野鄉,瑞豐村,127,470,107,83,190,6,196
臺東縣,池上鄉,福原村,128,992,174,288,462,27,489
臺東縣,池上鄉,福原村,129,929,214,284,498,22,520
臺東縣,池上鄉,福文村,130,434,90,103,193,18,211
臺東縣,池上鄉,福文村,131,703,108,178,286,21,307
臺東縣,池上鄉,慶豐村,132,654,122,161,283,12,295
臺東縣,池上鄉,大坡村,133,324,44,69,113,17,130
臺東縣,池上鄉,大埔村,134,794,123,210,333,34,367
臺東縣,池上鄉,新興村,135,856,166,225,391,25,416
臺東縣,池上鄉,錦園村,136,344,61,80,141,8,149
臺東縣,池上鄉,萬安村,137,311,75,92,167,14,181
臺東縣,池上鄉,富興村,138,386,54,76,130,8,138
臺東縣,池上鄉,振興村,139,435,62,75,137,15,152
臺東縣,東河鄉,都蘭村,140,290,66,53,119,6,125
臺東縣,東河鄉,都蘭村,141,620,156,172,328,28,356
臺東縣,東河鄉,都蘭村,142,1196,284,393,677,64,741
臺東縣,東河鄉,興昌村,143,918,148,225,373,62,435
臺東縣,東河鄉,隆昌村,144,555,73,146,219,38,257
臺東縣,東河鄉,東河村,145,977,132,264,396,27,423
臺東縣,東河鄉,泰源村,146,1197,127,216,343,18,361
臺東縣,東河鄉,北源村,147,867,66,130,196,17,213
臺東縣,東河鄉,北源村,148,345,57,80,137,11,148
臺東縣,東河鄉,北源村,149,408,59,94,153,20,173
臺東縣,東河鄉,尚德村,150,262,44,62,106,8,114
臺東縣,長濱鄉,寧埔村,151,536,112,138,250,59,309
臺東縣,長濱鄉,寧埔村,152,689,54,156,210,22,232
臺東縣,長濱鄉,竹湖村,153,913,164,253,417,92,509
臺東縣,長濱鄉,長濱村,154,1268,178,265,443,25,468
臺東縣,長濱鄉,長濱村,155,725,112,178,290,50,340
臺東縣,長濱鄉,忠勇村,156,532,71,72,143,6,149
臺東縣,長濱鄉,三間村,157,660,87,137,224,55,279
臺東縣,長濱鄉,三間村,158,336,27,80,107,5,112
臺東縣,長濱鄉,三間村,159,195,20,32,52,12,64
臺東縣,長濱鄉,樟原村,160,25,10,3,13,0,13
臺東縣,長濱鄉,樟原村,161,605,92,144,236,32,268
臺東縣,太麻里鄉,美和村,162,722,169,192,361,24,385
臺東縣,太麻里鄉,美和村,163,575,96,184,280,16,296
臺東縣,太麻里鄉,三和村,164,623,130,170,300,18,318
臺東縣,太麻里鄉,華源村,165,622,148,129,277,33,310
臺東縣,太麻里鄉,北里村,166,560,97,127,224,10,234
臺東縣,太麻里鄉,大王村,167,957,153,309,462,74,536
臺東縣,太麻里鄉,大王村,168,809,185,169,354,35,389
臺東縣,太麻里鄉,泰和村,169,673,155,237,392,24,416
臺東縣,太麻里鄉,泰和村,170,737,134,216,350,30,380
臺東縣,太麻里鄉,香蘭村,171,424,88,130,218,23,241
臺東縣,太麻里鄉,香蘭村,172,374,82,76,158,21,179
臺東縣,太麻里鄉,金崙村,173,829,119,173,292,26,318
臺東縣,太麻里鄉,金崙村,174,869,111,212,323,8,331
臺東縣,太麻里鄉,多良村,175,223,23,40,63,8,71
臺東縣,太麻里鄉,多良村,176,669,129,201,330,35,365
臺東縣,大武鄉,南興村,177,568,100,193,293,46,339
臺東縣,大武鄉,尚武村,178,1474,293,364,657,74,731
臺東縣,大武鄉,大武村,179,1327,179,455,634,74,708
臺東縣,大武鄉,大鳥村,180,1134,228,231,459,74,533
臺東縣,大武鄉,大竹村,181,386,48,105,153,60,213
臺東縣,大武鄉,大竹村,182,377,67,94,161,20,181
臺東縣,綠島鄉,南寮村,183,1474,203,403,606,21,627
臺東縣,綠島鄉,中寮村,184,1082,151,304,455,22,477
臺東縣,綠島鄉,公?村,185,813,127,236,363,18,381
臺東縣,綠島鄉,公?村,186,210,39,62,101,1,102
臺東縣,海端鄉,加拿村,187,497,88,148,236,27,263
臺東縣,海端鄉,崁頂村,188,569,85,229,314,16,330
臺東縣,海端鄉,海端村,189,971,148,294,442,41,483
臺東縣,海端鄉,廣原村,190,728,114,247,361,32,393
臺東縣,海端鄉,霧鹿村,191,259,54,80,134,13,147
臺東縣,海端鄉,利稻村,192,254,34,86,120,15,135
臺東縣,延平鄉,桃源村,193,1014,176,324,500,34,534
臺東縣,延平鄉,紅葉村,194,426,89,159,248,48,296
臺東縣,延平鄉,永康村,195,315,57,129,186,23,209
臺東縣,延平鄉,武陵村,196,579,67,180,247,11,258
臺東縣,延平鄉,鸞山村,197,596,73,185,258,18,276
臺東縣,金峰鄉,嘉蘭村,198,1241,176,390,566,41,607
臺東縣,金峰鄉,正興村,199,601,81,275,356,33,389
臺東縣,金峰鄉,新興村,200,520,117,245,362,31,393
臺東縣,金峰鄉,賓茂村,201,336,51,119,170,21,191
臺東縣,金峰鄉,歷坵村,202,330,48,96,144,30,174
臺東縣,達仁鄉,安朔村,203,246,50,83,133,21,154
臺東縣,達仁鄉,安朔村,204,340,43,155,198,20,218
臺東縣,達仁鄉,南田村,205,296,59,126,185,10,195
臺東縣,達仁鄉,森永村,206,429,76,172,248,27,275
臺東縣,達仁鄉,新化村,207,331,68,123,191,23,214
臺東縣,達仁鄉,台?村,208,628,78,183,261,21,282
臺東縣,達仁鄉,土?村,209,867,138,291,429,41,470
臺東縣,蘭嶼鄉,椰油村,210,943,149,214,363,24,387
臺東縣,蘭嶼鄉,紅頭村,211,1238,200,295,495,36,531
臺東縣,蘭嶼鄉,東清村,212,1240,143,251,394,14,408
臺東縣,蘭嶼鄉,朗島村,213,760,153,99,252,27,279
花蓮縣,花蓮市,民德里,1,1522,290,568,858,16,874
花蓮縣,花蓮市,民勤里,2,1114,194,437,631,20,651
花蓮縣,花蓮市,民勤里,3,670,102,259,361,18,379
花蓮縣,花蓮市,民勤里,4,1397,220,501,721,19,740
花蓮縣,花蓮市,民意里,5,470,90,135,225,13,238
花蓮縣,花蓮市,民意里,6,838,122,289,411,26,437
花蓮縣,花蓮市,民意里,7,721,62,223,285,23,308
花蓮縣,花蓮市,民心里,8,918,206,302,508,25,533
花蓮縣,花蓮市,民享里,9,1539,241,544,785,28,813
花蓮縣,花蓮市,民享里,10,1403,211,493,704,44,748
花蓮縣,花蓮市,民孝里,11,1068,198,352,550,17,567
花蓮縣,花蓮市,民孝里,12,1167,214,414,628,17,645
花蓮縣,花蓮市,民孝里,13,1259,204,501,705,49,754
花蓮縣,花蓮市,民運里,14,1071,212,325,537,52,589
花蓮縣,花蓮市,民運里,15,925,183,319,502,27,529
花蓮縣,花蓮市,民政里,16,1141,200,471,671,43,714
花蓮縣,花蓮市,民政里,17,1163,186,418,604,16,620
花蓮縣,花蓮市,民政里,18,1279,214,493,707,37,744
花蓮縣,花蓮市,民立里,19,1512,260,454,714,22,736
花蓮縣,花蓮市,民樂里,20,615,123,197,320,14,334
花蓮縣,花蓮市,民有里,21,606,152,205,357,12,369
花蓮縣,花蓮市,民主里,22,559,82,193,275,16,291
花蓮縣,花蓮市,民族里,23,442,83,157,240,9,249
花蓮縣,花蓮市,民生里,24,1114,224,334,558,27,585
花蓮縣,花蓮市,民權里,25,416,70,154,224,13,237
花蓮縣,花蓮市,主商里,26,577,144,198,342,15,357
花蓮縣,花蓮市,主勤里,27,810,205,270,475,20,495
花蓮縣,花蓮市,主工里,28,538,122,183,305,4,309
花蓮縣,花蓮市,主信里,29,566,122,166,288,24,312
花蓮縣,花蓮市,主義里,30,469,93,163,256,8,264
花蓮縣,花蓮市,主睦里,31,565,125,186,311,17,328
花蓮縣,花蓮市,主計里,32,816,145,251,396,20,416
花蓮縣,花蓮市,主和里,33,911,172,296,468,19,487
花蓮縣,花蓮市,主和里,34,1029,188,320,508,34,542
花蓮縣,花蓮市,主和里,35,1043,226,368,594,24,618
花蓮縣,花蓮市,主學里,36,856,174,314,488,12,500
花蓮縣,花蓮市,主學里,37,979,202,326,528,20,548
花蓮縣,花蓮市,主農里,38,1331,278,442,720,33,753
花蓮縣,花蓮市,主農里,39,1228,271,412,683,24,707
花蓮縣,花蓮市,主農里,40,955,182,343,525,22,547
花蓮縣,花蓮市,主安里,41,1268,215,402,617,27,644
花蓮縣,花蓮市,主安里,42,1230,216,401,617,28,645
花蓮縣,花蓮市,主權里,43,1369,253,490,743,36,779
花蓮縣,花蓮市,主權里,44,1435,220,429,649,22,671
花蓮縣,花蓮市,主權里,45,1164,202,415,617,23,640
花蓮縣,花蓮市,主權里,46,1249,251,458,709,39,748
花蓮縣,花蓮市,主力里,47,1184,246,386,632,31,663
花蓮縣,花蓮市,主力里,48,1490,287,475,762,18,780
花蓮縣,花蓮市,國風里,49,1022,232,371,603,39,642
花蓮縣,花蓮市,國風里,50,1135,222,382,604,36,640
花蓮縣,花蓮市,國風里,51,1084,199,394,593,19,612
花蓮縣,花蓮市,國威里,52,1339,175,300,475,25,500
花蓮縣,花蓮市,國威里,53,501,115,178,293,8,301
花蓮縣,花蓮市,國治里,54,904,180,314,494,16,510
花蓮縣,花蓮市,國安里,55,490,120,167,287,17,304
花蓮縣,花蓮市,國光里,56,1192,201,347,548,23,571
花蓮縣,花蓮市,國防里,57,869,148,266,414,22,436
花蓮縣,花蓮市,國華里,58,1267,226,422,648,31,679
花蓮縣,花蓮市,國華里,59,959,173,350,523,34,557
花蓮縣,花蓮市,國魂里,60,993,183,340,523,22,545
花蓮縣,花蓮市,國魂里,61,982,199,321,520,33,553
花蓮縣,花蓮市,國聯里,62,1311,241,400,641,20,661
花蓮縣,花蓮市,國聯里,63,1455,284,433,717,31,748
花蓮縣,花蓮市,國盛里,64,1151,190,333,523,17,540
花蓮縣,花蓮市,國盛里,65,1237,207,391,598,20,618
花蓮縣,花蓮市,國盛里,66,1339,235,387,622,26,648
花蓮縣,花蓮市,國強里,67,715,129,275,404,13,417
花蓮縣,花蓮市,國強里,68,1000,187,345,532,25,557
花蓮縣,花蓮市,國富里,69,1410,230,435,665,36,701
花蓮縣,花蓮市,國富里,70,1303,245,432,677,18,695
花蓮縣,花蓮市,國富里,71,1256,255,409,664,12,676
花蓮縣,花蓮市,國富里,72,1105,205,402,607,32,639
花蓮縣,花蓮市,國裕里,73,1089,203,339,542,18,560
花蓮縣,花蓮市,國裕里,74,1043,167,339,506,30,536
花蓮縣,花蓮市,國裕里,75,1080,193,413,606,16,622
花蓮縣,花蓮市,國裕里,76,971,155,359,514,35,549
花蓮縣,花蓮市,國慶里,77,1068,216,371,587,24,611
花蓮縣,花蓮市,國興里,78,1379,205,463,668,25,693
花蓮縣,花蓮市,國興里,79,1362,205,486,691,30,721
花蓮縣,花蓮市,國興里,80,1323,233,503,736,30,766
花蓮縣,花蓮市,國福里,81,1482,250,404,654,27,681
花蓮縣,新城鄉,新城村,82,367,92,114,206,10,216
花蓮縣,新城鄉,新城村,83,929,183,288,471,13,484
花蓮縣,新城鄉,順安村,84,590,170,149,319,40,359
花蓮縣,新城鄉,順安村,85,307,86,77,163,14,177
花蓮縣,新城鄉,康樂村,86,260,55,96,151,10,161
花蓮縣,新城鄉,康樂村,87,1283,269,392,661,58,719
花蓮縣,新城鄉,康樂村,88,885,153,286,439,14,453
花蓮縣,新城鄉,大漢村,89,770,131,298,429,21,450
花蓮縣,新城鄉,大漢村,90,1363,230,456,686,55,741
花蓮縣,新城鄉,大漢村,91,366,66,118,184,11,195
花蓮縣,新城鄉,北埔村,92,1163,215,342,557,35,592
花蓮縣,新城鄉,北埔村,93,1605,238,572,810,34,844
花蓮縣,新城鄉,北埔村,94,1194,231,411,642,24,666
花蓮縣,新城鄉,佳林村,95,979,174,357,531,25,556
花蓮縣,新城鄉,嘉里村,96,1485,273,522,795,33,828
花蓮縣,新城鄉,嘉里村,97,1070,214,324,538,20,558
花蓮縣,新城鄉,嘉里村,98,1164,184,427,611,23,634
花蓮縣,新城鄉,嘉新村,99,880,166,255,421,47,468
花蓮縣,新城鄉,嘉新村,100,369,73,102,175,11,186
花蓮縣,秀林鄉,和平村,101,867,143,298,441,17,458
花蓮縣,秀林鄉,和平村,102,575,116,164,280,17,297
花蓮縣,秀林鄉,崇德村,103,1373,187,339,526,38,564
花蓮縣,秀林鄉,富世村,104,1644,269,418,687,67,754
花蓮縣,秀林鄉,富世村,105,162,24,59,83,6,89
花蓮縣,秀林鄉,秀林村,106,384,78,100,178,17,195
花蓮縣,秀林鄉,秀林村,107,1382,234,369,603,36,639
花蓮縣,秀林鄉,景美村,108,1125,229,291,520,29,549
花蓮縣,秀林鄉,景美村,109,627,139,162,301,11,312
花蓮縣,秀林鄉,佳民村,110,987,309,258,567,35,602
花蓮縣,秀林鄉,水源村,111,1139,214,414,628,72,700
花蓮縣,秀林鄉,銅門村,112,1213,210,410,620,9,629
花蓮縣,秀林鄉,文蘭村,113,754,156,211,367,25,392
花蓮縣,秀林鄉,文蘭村,114,330,43,107,150,10,160
花蓮縣,吉安鄉,永安村,115,1059,191,345,536,24,560
花蓮縣,吉安鄉,永安村,116,983,158,364,522,25,547
花蓮縣,吉安鄉,永安村,117,1031,181,356,537,28,565
花蓮縣,吉安鄉,永安村,118,1105,206,352,558,27,585
花蓮縣,吉安鄉,太昌村,119,1107,142,424,566,16,582
花蓮縣,吉安鄉,太昌村,120,1179,233,330,563,26,589
花蓮縣,吉安鄉,太昌村,121,1453,254,367,621,46,667
花蓮縣,吉安鄉,慶豐村,122,1432,266,540,806,35,841
花蓮縣,吉安鄉,慶豐村,123,1320,225,473,698,32,730
花蓮縣,吉安鄉,慶豐村,124,1356,239,451,690,20,710
花蓮縣,吉安鄉,慶豐村,125,1295,219,431,650,31,681
花蓮縣,吉安鄉,慶豐村,126,1467,226,535,761,37,798
花蓮縣,吉安鄉,吉安村,127,1515,260,509,769,24,793
花蓮縣,吉安鄉,吉安村,128,1063,210,391,601,31,632
花蓮縣,吉安鄉,吉安村,129,1284,163,406,569,15,584
花蓮縣,吉安鄉,吉安村,130,1380,217,536,753,25,778
花蓮縣,吉安鄉,福興村,131,1297,139,444,583,46,629
花蓮縣,吉安鄉,福興村,132,1662,351,443,794,47,841
花蓮縣,吉安鄉,南華村,133,1563,281,420,701,50,751
花蓮縣,吉安鄉,干城村,134,1288,202,382,584,40,624
花蓮縣,吉安鄉,永興村,135,907,177,303,480,37,517
花蓮縣,吉安鄉,永興村,136,917,148,287,435,39,474
花蓮縣,吉安鄉,永興村,137,1021,185,323,508,19,527
花蓮縣,吉安鄉,稻香村,138,1033,193,398,591,23,614
花蓮縣,吉安鄉,稻香村,139,966,181,340,521,37,558
花蓮縣,吉安鄉,稻香村,140,1188,203,383,586,41,627
花蓮縣,吉安鄉,南昌村,141,1480,321,421,742,30,772
花蓮縣,吉安鄉,南昌村,142,1393,200,445,645,31,676
花蓮縣,吉安鄉,南昌村,143,1193,203,383,586,32,618
花蓮縣,吉安鄉,宜昌村,144,1445,222,463,685,23,708
花蓮縣,吉安鄉,宜昌村,145,1301,230,408,638,80,718
花蓮縣,吉安鄉,宜昌村,146,1215,254,406,660,31,691
花蓮縣,吉安鄉,北昌村,147,1135,230,356,586,24,610
花蓮縣,吉安鄉,北昌村,148,1223,199,467,666,28,694
花蓮縣,吉安鄉,北昌村,149,1274,226,457,683,19,702
花蓮縣,吉安鄉,北昌村,150,1124,206,374,580,28,608
花蓮縣,吉安鄉,北昌村,151,1158,215,413,628,21,649
花蓮縣,吉安鄉,北昌村,152,1157,215,416,631,14,645
花蓮縣,吉安鄉,勝安村,153,1258,227,453,680,20,700
花蓮縣,吉安鄉,勝安村,154,1257,262,398,660,19,679
花蓮縣,吉安鄉,勝安村,155,1245,198,428,626,26,652
花蓮縣,吉安鄉,勝安村,156,1166,249,395,644,12,656
花蓮縣,吉安鄉,仁里村,157,1358,233,448,681,37,718
花蓮縣,吉安鄉,仁里村,158,1214,195,404,599,31,630
花蓮縣,吉安鄉,仁里村,159,1151,176,404,580,40,620
花蓮縣,吉安鄉,仁里村,160,1157,245,371,616,28,644
花蓮縣,吉安鄉,仁里村,161,1161,218,406,624,31,655
花蓮縣,吉安鄉,東昌村,162,1304,241,458,699,38,737
花蓮縣,吉安鄉,東昌村,163,1367,198,484,682,37,719
花蓮縣,吉安鄉,東昌村,164,1411,213,423,636,30,666
花蓮縣,吉安鄉,東昌村,165,1409,190,448,638,28,666
花蓮縣,吉安鄉,仁安村,166,1125,207,300,507,30,537
花蓮縣,吉安鄉,仁安村,167,1213,214,397,611,59,670
花蓮縣,吉安鄉,仁和村,168,1141,199,397,596,28,624
花蓮縣,吉安鄉,仁和村,169,1156,171,347,518,26,544
花蓮縣,吉安鄉,仁和村,170,1092,177,361,538,29,567
花蓮縣,吉安鄉,仁和村,171,1026,176,263,439,29,468
花蓮縣,吉安鄉,光華村,172,804,131,283,414,18,432
花蓮縣,吉安鄉,光華村,173,1132,192,402,594,33,627
花蓮縣,壽豐鄉,溪口村,174,1052,185,303,488,29,517
花蓮縣,壽豐鄉,樹湖村,175,357,80,121,201,17,218
花蓮縣,壽豐鄉,豐山村,176,1022,189,279,468,51,519
花蓮縣,壽豐鄉,豐山村,177,875,209,303,512,35,547
花蓮縣,壽豐鄉,豐裡村,178,691,162,235,397,26,423
花蓮縣,壽豐鄉,豐裡村,179,708,132,205,337,12,349
花蓮縣,壽豐鄉,豐坪村,180,894,176,259,435,39,474
花蓮縣,壽豐鄉,壽豐村,181,746,148,237,385,26,411
花蓮縣,壽豐鄉,壽豐村,182,881,66,273,339,33,372
花蓮縣,壽豐鄉,共和村,183,695,151,265,416,22,438
花蓮縣,壽豐鄉,光榮村,184,816,170,276,446,70,516
花蓮縣,壽豐鄉,池南村,185,773,142,221,363,33,396
花蓮縣,壽豐鄉,平和村,186,1029,262,293,555,32,587
花蓮縣,壽豐鄉,平和村,187,407,91,153,244,14,258
花蓮縣,壽豐鄉,志學村,188,1139,239,374,613,38,651
花蓮縣,壽豐鄉,志學村,189,996,253,287,540,33,573
花蓮縣,壽豐鄉,志學村,190,414,75,104,179,11,190
花蓮縣,壽豐鄉,米棧村,191,270,68,81,149,8,157
花蓮縣,壽豐鄉,月眉村,192,836,155,302,457,32,489
花蓮縣,壽豐鄉,鹽寮村,193,507,130,163,293,18,311
花蓮縣,壽豐鄉,水璉村,194,739,117,160,277,39,316
花蓮縣,鳳林鎮,鳳仁里,195,1192,238,460,698,37,735
花蓮縣,鳳林鎮,鳳義里,196,639,97,213,310,17,327
花蓮縣,鳳林鎮,鳳禮里,197,601,133,243,376,28,404
花蓮縣,鳳林鎮,鳳智里,198,1137,221,473,694,38,732
花蓮縣,鳳林鎮,鳳信里,199,742,142,238,380,39,419
花蓮縣,鳳林鎮,鳳信里,200,610,99,235,334,19,353
花蓮縣,鳳林鎮,山興里,201,295,77,76,153,39,192
花蓮縣,鳳林鎮,山興里,202,218,17,47,64,3,67
花蓮縣,鳳林鎮,大榮里,203,720,130,181,311,12,323
花蓮縣,鳳林鎮,大榮里,204,528,90,174,264,24,288
花蓮縣,鳳林鎮,北林里,205,560,125,155,280,11,291
花蓮縣,鳳林鎮,南平里,206,541,102,149,251,40,291
花蓮縣,鳳林鎮,林榮里,207,818,141,272,413,51,464
花蓮縣,鳳林鎮,長橋里,208,984,174,252,426,23,449
花蓮縣,鳳林鎮,森榮里,209,91,20,24,44,6,50
花蓮縣,光復鄉,大華村,210,1295,266,422,688,46,734
花蓮縣,光復鄉,大安村,211,859,163,320,483,22,505
花蓮縣,光復鄉,大平村,212,958,149,331,480,90,570
花蓮縣,光復鄉,大馬村,213,1011,164,350,514,78,592
花蓮縣,光復鄉,大同村,214,1041,191,354,545,57,602
花蓮縣,光復鄉,東富村,215,821,133,241,374,76,450
花蓮縣,光復鄉,東富村,216,188,12,29,41,3,44
花蓮縣,光復鄉,西富村,217,514,84,161,245,36,281
花蓮縣,光復鄉,西富村,218,446,70,96,166,8,174
花蓮縣,光復鄉,南富村,219,851,144,246,390,42,432
花蓮縣,光復鄉,北富村,220,932,132,206,338,19,357
花蓮縣,光復鄉,大進村,221,471,86,170,256,14,270
花蓮縣,光復鄉,大全村,222,640,131,196,327,29,356
花蓮縣,光復鄉,大全村,223,116,18,27,45,0,45
花蓮縣,光復鄉,大興村,224,496,51,105,156,6,162
花蓮縣,光復鄉,大富村,225,324,53,82,135,11,146
花蓮縣,光復鄉,大豐村,226,454,74,92,166,19,185
花蓮縣,豐濱鄉,靜浦村,227,717,109,173,282,63,345
花蓮縣,豐濱鄉,港口村,228,751,126,139,265,46,311
花蓮縣,豐濱鄉,豐濱村,229,613,100,144,244,46,290
花蓮縣,豐濱鄉,豐濱村,230,809,141,248,389,24,413
花蓮縣,豐濱鄉,豐濱村,231,357,18,51,69,7,76
花蓮縣,豐濱鄉,新社村,232,669,119,158,277,64,341
花蓮縣,豐濱鄉,磯崎村,233,479,65,133,198,16,214
花蓮縣,萬榮鄉,西林村,234,1072,201,342,543,53,596
花蓮縣,萬榮鄉,見晴村,235,560,108,151,259,4,263
花蓮縣,萬榮鄉,萬榮村,236,773,167,292,459,16,475
花蓮縣,萬榮鄉,明利村,237,661,102,161,263,15,278
花蓮縣,萬榮鄉,馬遠村,238,442,65,159,224,13,237
花蓮縣,萬榮鄉,馬遠村,239,675,95,196,291,58,349
花蓮縣,萬榮鄉,紅葉村,240,1086,262,383,645,92,737
花蓮縣,瑞穗鄉,瑞穗村,241,813,153,295,448,30,478
花蓮縣,瑞穗鄉,瑞穗村,242,1091,218,348,566,43,609
花蓮縣,瑞穗鄉,瑞美村,243,839,167,299,466,14,480
花蓮縣,瑞穗鄉,瑞美村,244,975,157,347,504,53,557
花蓮縣,瑞穗鄉,瑞良村,245,546,96,142,238,25,263
花蓮縣,瑞穗鄉,瑞祥村,246,1002,220,316,536,38,574
花蓮縣,瑞穗鄉,瑞北村,247,593,82,169,251,29,280
花蓮縣,瑞穗鄉,舞鶴村,248,965,205,296,501,58,559
花蓮縣,瑞穗鄉,鶴岡村,249,863,138,276,414,62,476
花蓮縣,瑞穗鄉,奇美村,250,340,22,54,76,7,83
花蓮縣,瑞穗鄉,富源村,251,764,103,218,321,35,356
花蓮縣,瑞穗鄉,富民村,252,868,59,137,196,6,202
花蓮縣,瑞穗鄉,富興村,253,620,86,108,194,7,201
花蓮縣,玉里鎮,中城里,254,1008,192,323,515,35,550
花蓮縣,玉里鎮,中城里,255,939,171,347,518,40,558
花蓮縣,玉里鎮,中城里,256,1256,207,397,604,54,658
花蓮縣,玉里鎮,中城里,257,929,170,307,477,30,507
花蓮縣,玉里鎮,中城里,258,979,175,348,523,19,542
花蓮縣,玉里鎮,國武里,259,1244,248,454,702,28,730
花蓮縣,玉里鎮,啟模里,260,847,143,244,387,33,420
花蓮縣,玉里鎮,啟模里,261,772,138,208,346,36,382
花蓮縣,玉里鎮,泰昌里,262,558,104,154,258,21,279
花蓮縣,玉里鎮,泰昌里,263,800,67,170,237,23,260
花蓮縣,玉里鎮,永昌里,264,1286,184,349,533,64,597
花蓮縣,玉里鎮,源城里,265,1246,201,338,539,60,599
花蓮縣,玉里鎮,長良里,266,647,127,178,305,44,349
花蓮縣,玉里鎮,樂合里,267,990,77,152,229,16,245
花蓮縣,玉里鎮,東豐里,268,530,82,126,208,54,262
花蓮縣,玉里鎮,觀音里,269,979,135,194,329,48,377
花蓮縣,玉里鎮,觀音里,270,557,111,130,241,79,320
花蓮縣,玉里鎮,松浦里,271,434,50,112,162,16,178
花蓮縣,玉里鎮,松浦里,272,1065,128,188,316,71,387
花蓮縣,玉里鎮,春日里,273,866,125,272,397,68,465
花蓮縣,玉里鎮,德武里,274,769,100,192,292,49,341
花蓮縣,玉里鎮,三民里,275,869,136,208,344,28,372
花蓮縣,玉里鎮,大禹里,276,1080,156,249,405,44,449
花蓮縣,富里鄉,吳江村,277,467,59,126,185,16,201
花蓮縣,富里鄉,東里村,278,1032,148,221,369,45,414
花蓮縣,富里鄉,萬寧村,279,638,91,160,251,27,278
花蓮縣,富里鄉,新興村,280,591,107,151,258,67,325
花蓮縣,富里鄉,竹田村,281,1087,179,369,548,46,594
花蓮縣,富里鄉,羅山村,282,431,81,131,212,12,224
花蓮縣,富里鄉,石牌村,283,893,160,249,409,29,438
花蓮縣,富里鄉,明里村,284,361,62,76,138,12,150
花蓮縣,富里鄉,富里村,285,1362,224,288,512,47,559
花蓮縣,富里鄉,永豐村,286,458,87,130,217,22,239
花蓮縣,富里鄉,豐南村,287,621,67,127,194,20,214
花蓮縣,富里鄉,富南村,288,493,82,143,225,19,244
花蓮縣,富里鄉,學田村,289,631,145,160,305,11,316
花蓮縣,卓溪鄉,崙山村,290,533,78,204,282,23,305
花蓮縣,卓溪鄉,立山村,291,522,117,173,290,40,330
花蓮縣,卓溪鄉,立山村,292,493,79,152,231,17,248
花蓮縣,卓溪鄉,太平村,293,701,107,289,396,45,441
花蓮縣,卓溪鄉,卓溪村,294,746,102,297,399,44,443
花蓮縣,卓溪鄉,卓清村,295,616,117,224,341,49,390
花蓮縣,卓溪鄉,卓清村,296,405,47,75,122,15,137
花蓮縣,卓溪鄉,古風村,297,329,53,116,169,10,179
花蓮縣,卓溪鄉,古風村,298,428,61,156,217,16,233
花蓮縣,卓溪鄉,古風村,299,174,31,59,90,8,98
澎湖縣,馬公市,復興里,1,481,77,140,217,10,227
澎湖縣,馬公市,長安里,2,558,113,172,285,7,292
澎湖縣,馬公市,中央里,3,533,109,133,242,21,263
澎湖縣,馬公市,啟明里,4,922,210,250,460,25,485
澎湖縣,馬公市,重慶里,5,1021,257,277,534,22,556
澎湖縣,馬公市,中興里,6,793,151,235,386,22,408
澎湖縣,馬公市,光復里,7,954,217,272,489,25,514
澎湖縣,馬公市,光復里,8,1001,216,288,504,14,518
澎湖縣,馬公市,光明里,9,1192,208,296,504,29,533
澎湖縣,馬公市,光榮里,10,1402,170,453,623,41,664
澎湖縣,馬公市,光榮里,11,1389,239,461,700,28,728
澎湖縣,馬公市,光榮里,12,1339,217,442,659,41,700
澎湖縣,馬公市,朝陽里,13,1254,233,330,563,28,591
澎湖縣,馬公市,朝陽里,14,1194,210,354,564,37,601
澎湖縣,馬公市,朝陽里,15,1393,260,379,639,33,672
澎湖縣,馬公市,朝陽里,16,1440,249,487,736,21,757
澎湖縣,馬公市,陽明里,17,1215,233,344,577,22,599
澎湖縣,馬公市,陽明里,18,1284,252,348,600,33,633
澎湖縣,馬公市,重光里,19,1512,239,491,730,23,753
澎湖縣,馬公市,西衛里,20,1181,210,317,527,44,571
澎湖縣,馬公市,西衛里,21,1348,229,418,647,33,680
澎湖縣,馬公市,西衛里,22,1391,238,454,692,28,720
澎湖縣,馬公市,西衛里,23,2124,348,574,922,25,947
澎湖縣,馬公市,西文里,24,1500,263,454,717,36,753
澎湖縣,馬公市,西文里,25,1582,289,469,758,24,782
澎湖縣,馬公市,東文里,26,1638,274,509,783,20,803
澎湖縣,馬公市,東文里,27,1554,288,497,785,29,814
澎湖縣,馬公市,案山里,28,980,152,219,371,13,384
澎湖縣,馬公市,案山里,29,892,163,268,431,19,450
澎湖縣,馬公市,光華里,30,778,111,202,313,9,322
澎湖縣,馬公市,前寮里,31,930,190,281,471,12,483
澎湖縣,馬公市,石泉里,32,1481,292,549,841,25,866
澎湖縣,馬公市,石泉里,33,1128,204,386,590,14,604
澎湖縣,馬公市,菜園里,34,415,89,124,213,8,221
澎湖縣,馬公市,東衛里,35,1120,168,364,532,29,561
澎湖縣,馬公市,東衛里,36,950,200,304,504,13,517
澎湖縣,馬公市,安宅里,37,627,134,143,277,11,288
澎湖縣,馬公市,興仁里,38,1055,190,335,525,18,543
澎湖縣,馬公市,烏崁里,39,989,239,268,507,17,524
澎湖縣,馬公市,鐵線里,40,591,143,165,308,23,331
澎湖縣,馬公市,鎖港里,41,1387,280,347,627,33,660
澎湖縣,馬公市,鎖港里,42,1079,249,202,451,33,484
澎湖縣,馬公市,山水里,43,797,170,218,388,17,405
澎湖縣,馬公市,山水里,44,903,219,228,447,10,457
澎湖縣,馬公市,五德里,45,376,90,80,170,10,180
澎湖縣,馬公市,井垵里,46,371,73,110,183,14,197
澎湖縣,馬公市,?裡里,47,1173,177,282,459,20,479
澎湖縣,馬公市,風櫃里,48,1389,259,229,488,21,509
澎湖縣,馬公市,虎井里,49,761,90,87,177,37,214
澎湖縣,馬公市,桶盤里,50,288,63,99,162,14,176
澎湖縣,湖西鄉,湖西村,51,1120,220,344,564,35,599
澎湖縣,湖西鄉,湖東村,52,332,56,83,139,5,144
澎湖縣,湖西鄉,青螺村,53,242,46,54,100,4,104
澎湖縣,湖西鄉,白坑村,54,293,59,51,110,3,113
澎湖縣,湖西鄉,南寮村,55,666,122,135,257,20,277
澎湖縣,湖西鄉,北寮村,56,326,60,91,151,11,162
澎湖縣,湖西鄉,紅羅村,57,732,155,153,308,13,321
澎湖縣,湖西鄉,西溪村,58,651,111,183,294,10,304
澎湖縣,湖西鄉,成功村,59,744,130,198,328,15,343
澎湖縣,湖西鄉,東石村,60,134,34,37,71,3,74
澎湖縣,湖西鄉,沙港村,61,794,180,135,315,13,328
澎湖縣,湖西鄉,中西村,62,216,35,42,77,2,79
澎湖縣,湖西鄉,鼎灣村,63,664,62,127,189,11,200
澎湖縣,湖西鄉,潭邊村,64,279,58,73,131,3,134
澎湖縣,湖西鄉,許家村,65,296,53,96,149,1,150
澎湖縣,湖西鄉,城北村,66,257,39,79,118,4,122
澎湖縣,湖西鄉,太武村,67,89,8,18,26,1,27
澎湖縣,湖西鄉,隘門村,68,815,178,200,378,18,396
澎湖縣,湖西鄉,林投村,69,975,169,225,394,14,408
澎湖縣,湖西鄉,尖山村,70,648,165,136,301,20,321
澎湖縣,湖西鄉,龍門村,71,893,192,190,382,21,403
澎湖縣,湖西鄉,龍門村,72,846,179,228,407,31,438
澎湖縣,湖西鄉,?葉村,73,729,134,139,273,11,284
澎湖縣,白沙鄉,中屯村,74,514,109,138,247,12,259
澎湖縣,白沙鄉,講美村,75,657,144,189,333,11,344
澎湖縣,白沙鄉,城前村,76,109,32,35,67,5,72
澎湖縣,白沙鄉,鎮海村,77,156,21,43,64,3,67
澎湖縣,白沙鄉,港子村,78,293,44,74,118,4,122
澎湖縣,白沙鄉,岐頭村,79,231,26,49,75,2,77
澎湖縣,白沙鄉,小赤村,80,161,42,42,84,4,88
澎湖縣,白沙鄉,赤崁村,81,1705,276,473,749,36,785
澎湖縣,白沙鄉,瓦硐村,82,285,56,65,121,6,127
澎湖縣,白沙鄉,後寮村,83,723,163,100,263,7,270
澎湖縣,白沙鄉,通梁村,84,774,135,142,277,15,292
澎湖縣,白沙鄉,吉貝村,85,1429,277,185,462,50,512
澎湖縣,白沙鄉,鳥嶼村,86,1084,106,351,457,43,500
澎湖縣,白沙鄉,員貝村,87,251,49,71,120,7,127
澎湖縣,白沙鄉,大倉村,88,253,46,40,86,6,92
澎湖縣,西嶼鄉,橫礁村,89,283,25,25,50,0,50
澎湖縣,西嶼鄉,合界村,90,424,64,52,116,8,124
澎湖縣,西嶼鄉,竹灣村,91,826,151,114,265,26,291
澎湖縣,西嶼鄉,小門村,92,282,39,65,104,8,112
澎湖縣,西嶼鄉,大池村,93,661,129,117,246,33,279
澎湖縣,西嶼鄉,二崁村,94,141,31,7,38,1,39
澎湖縣,西嶼鄉,池東村,95,635,89,100,189,9,198
澎湖縣,西嶼鄉,池西村,96,216,33,41,74,2,76
澎湖縣,西嶼鄉,赤馬村,97,572,89,52,141,15,156
澎湖縣,西嶼鄉,內垵村,98,1267,260,232,492,50,542
澎湖縣,西嶼鄉,外垵村,99,942,121,185,306,17,323
澎湖縣,西嶼鄉,外垵村,100,1133,175,242,417,44,461
澎湖縣,望安鄉,東安村,101,734,132,179,311,23,334
澎湖縣,望安鄉,西安村,102,454,65,118,183,7,190
澎湖縣,望安鄉,中社村,103,300,42,56,98,7,105
澎湖縣,望安鄉,水垵村,104,471,117,102,219,21,240
澎湖縣,望安鄉,將軍村,105,672,100,123,223,13,236
澎湖縣,望安鄉,將軍村,106,742,147,131,278,23,301
澎湖縣,望安鄉,東吉村,107,264,73,35,108,4,112
澎湖縣,望安鄉,東坪村,108,476,85,117,202,4,206
澎湖縣,望安鄉,西坪村,109,208,34,26,60,5,65
澎湖縣,望安鄉,花嶼村,110,307,43,47,90,4,94
澎湖縣,七美鄉,東湖村,111,248,45,20,65,3,68
澎湖縣,七美鄉,西湖村,112,581,93,99,192,12,204
澎湖縣,七美鄉,中和村,113,641,89,112,201,27,228
澎湖縣,七美鄉,平和村,114,382,56,62,118,4,122
澎湖縣,七美鄉,海豐村,115,351,30,57,87,5,92
澎湖縣,七美鄉,南港村,116,1171,124,172,296,20,316
基隆市,中正區,長潭里,1,466,151,105,256,11,267
基隆市,中正區,砂子里,2,1262,305,248,553,20,573
基隆市,中正區,砂子里,3,1171,217,293,510,55,565
基隆市,中正區,砂子里,4,2823,445,608,1053,22,1075
基隆市,中正區,八斗里,5,1474,419,256,675,27,702
基隆市,中正區,碧砂里,6,1271,250,278,528,36,564
基隆市,中正區,新富里,7,2707,457,651,1108,65,1173
基隆市,中正區,新富里,8,1545,271,457,728,24,752
基隆市,中正區,新富里,9,761,102,187,289,17,306
基隆市,中正區,新豐里,10,1352,284,359,643,21,664
基隆市,中正區,新豐里,11,1413,246,412,658,13,671
基隆市,中正區,新豐里,12,2665,405,728,1133,40,1173
基隆市,中正區,平寮里,13,1261,261,298,559,34,593
基隆市,中正區,社寮里,14,1753,388,436,824,56,880
基隆市,中正區,和憲里,15,984,169,233,402,41,443
基隆市,中正區,海濱里,16,1166,216,300,516,26,542
基隆市,中正區,正濱里,17,973,194,261,455,24,479
基隆市,中正區,中正里,18,1694,273,354,627,25,652
基隆市,中正區,中濱里,19,1270,279,332,611,31,642
基隆市,中正區,建國里,20,1090,213,354,567,13,580
基隆市,中正區,建國里,21,870,182,270,452,13,465
基隆市,中正區,砂灣里,22,1138,222,322,544,31,575
基隆市,中正區,砂灣里,23,862,139,246,385,45,430
基隆市,中正區,真砂里,24,1341,292,385,677,46,723
基隆市,中正區,正砂里,25,859,154,275,429,31,460
基隆市,中正區,正砂里,26,1457,226,425,651,25,676
基隆市,中正區,中砂里,27,1594,249,366,615,40,655
基隆市,中正區,入船里,28,802,186,218,404,28,432
基隆市,中正區,正船里,29,1267,239,362,601,22,623
基隆市,中正區,中船里,30,1175,289,294,583,53,636
基隆市,中正區,港通里,31,1210,280,369,649,32,681
基隆市,中正區,義重里,32,1037,225,278,503,45,548
基隆市,中正區,正義里,33,1219,261,345,606,31,637
基隆市,中正區,信義里,34,904,211,230,441,24,465
基隆市,中正區,德義里,35,709,203,220,423,22,445
基隆市,信義區,仁壽里,36,1096,251,344,595,34,629
基隆市,信義區,仁義里,37,1232,279,434,713,32,745
基隆市,信義區,義昭里,38,1184,288,362,650,11,661
基隆市,信義區,義幸里,39,1133,227,395,622,43,665
基隆市,信義區,義幸里,40,1188,246,383,629,28,657
基隆市,信義區,義民里,41,725,182,223,405,20,425
基隆市,信義區,義和里,42,1524,283,414,697,35,732
基隆市,信義區,智慧里,43,736,153,240,393,25,418
基隆市,信義區,智誠里,44,611,144,173,317,14,331
基隆市,信義區,智誠里,45,951,206,236,442,14,456
基隆市,信義區,禮儀里,46,1616,314,512,826,30,856
基隆市,信義區,禮東里,47,1516,322,483,805,22,827
基隆市,信義區,信綠里,48,1049,220,308,528,22,550
基隆市,信義區,信綠里,49,1069,218,320,538,23,561
基隆市,信義區,東信里,50,727,183,215,398,23,421
基隆市,信義區,東信里,51,929,181,351,532,22,554
基隆市,信義區,東信里,52,1118,260,399,659,31,690
基隆市,信義區,東信里,53,1339,276,446,722,29,751
基隆市,信義區,東光里,54,999,172,322,494,30,524
基隆市,信義區,東光里,55,764,183,211,394,13,407
基隆市,信義區,東明里,56,1555,279,442,721,31,752
基隆市,信義區,東明里,57,2015,337,632,969,21,990
基隆市,信義區,東安里,58,1268,287,401,688,32,720
基隆市,信義區,東安里,59,1569,339,461,800,37,837
基隆市,信義區,孝賢里,60,1985,341,577,918,41,959
基隆市,信義區,孝賢里,61,1476,262,536,798,17,815
基隆市,信義區,孝忠里,62,1493,322,495,817,26,843
基隆市,信義區,孝忠里,63,1249,289,455,744,18,762
基隆市,信義區,孝忠里,64,1559,333,434,767,24,791
基隆市,信義區,孝忠里,65,1168,220,344,564,14,578
基隆市,信義區,孝忠里,66,1602,321,487,808,25,833
基隆市,信義區,孝德里,67,1485,276,382,658,37,695
基隆市,信義區,孝德里,68,1009,214,312,526,15,541
基隆市,信義區,孝深里,69,2016,338,506,844,32,876
基隆市,信義區,孝深里,70,1764,291,441,732,25,757
基隆市,信義區,孝岡里,71,1295,307,372,679,25,704
基隆市,仁愛區,林泉里,72,1782,373,411,784,57,841
基隆市,仁愛區,花崗里,73,1055,251,309,560,35,595
基隆市,仁愛區,虹橋里,74,1558,296,422,718,32,750
基隆市,仁愛區,水錦里,75,1736,361,517,878,29,907
基隆市,仁愛區,智仁里,76,1243,298,398,696,37,733
基隆市,仁愛區,智仁里,77,1109,238,361,599,27,626
基隆市,仁愛區,和明里,78,1684,357,595,952,27,979
基隆市,仁愛區,忠勇里,79,919,238,246,484,24,508
基隆市,仁愛區,玉田里,80,991,232,264,496,13,509
基隆市,仁愛區,仁德里,81,876,218,258,476,11,487
基隆市,仁愛區,博愛里,82,1046,276,313,589,30,619
基隆市,仁愛區,博愛里,83,434,124,123,247,16,263
基隆市,仁愛區,福仁里,84,764,203,212,415,24,439
基隆市,仁愛區,誠仁里,85,968,237,248,485,15,500
基隆市,仁愛區,吉仁里,86,1326,341,315,656,40,696
基隆市,仁愛區,吉仁里,87,1315,262,295,557,35,592
基隆市,仁愛區,育仁里,88,775,215,204,419,34,453
基隆市,仁愛區,英仁里,89,652,289,52,341,39,380
基隆市,仁愛區,英仁里,90,674,180,177,357,22,379
基隆市,仁愛區,龍門里,91,789,187,202,389,29,418
基隆市,仁愛區,德厚里,92,1715,379,481,860,46,906
基隆市,仁愛區,曲水里,93,849,208,228,436,29,465
基隆市,仁愛區,崇文里,94,875,225,253,478,16,494
基隆市,仁愛區,文安里,95,851,192,216,408,31,439
基隆市,仁愛區,兆連里,96,735,180,220,400,28,428
基隆市,仁愛區,獅球里,97,1009,193,291,484,68,552
基隆市,仁愛區,書院里,98,1082,239,271,510,32,542
基隆市,仁愛區,朝棟里,99,1278,291,321,612,57,669
基隆市,仁愛區,朝棟里,100,1519,361,510,871,39,910
基隆市,仁愛區,光華里,101,1336,287,279,566,35,601
基隆市,仁愛區,光華里,102,1178,301,382,683,29,712
基隆市,仁愛區,明德里,103,708,194,170,364,20,384
基隆市,仁愛區,同風里,104,567,170,167,337,21,358
基隆市,仁愛區,文昌里,105,751,233,167,400,27,427
基隆市,仁愛區,新店里,106,589,161,179,340,17,357
基隆市,中山區,新建里,107,796,183,224,407,14,421
基隆市,中山區,安民里,108,1036,259,354,613,29,642
基隆市,中山區,安平里,109,756,230,181,411,26,437
基隆市,中山區,中山里,110,957,230,204,434,16,450
基隆市,中山區,民治里,111,802,198,230,428,16,444
基隆市,中山區,中興里,112,1263,289,360,649,25,674
基隆市,中山區,仁正里,113,778,162,270,432,18,450
基隆市,中山區,健民里,114,1180,319,267,586,77,663
基隆市,中山區,通化里,115,990,186,273,459,25,484
基隆市,中山區,居仁里,116,1332,246,297,543,19,562
基隆市,中山區,通明里,117,848,166,217,383,28,411
基隆市,中山區,通明里,118,922,227,230,457,11,468
基隆市,中山區,和平里,119,459,102,157,259,14,273
基隆市,中山區,仙洞里,120,574,120,148,268,23,291
基隆市,中山區,太白里,121,877,202,224,426,31,457
基隆市,中山區,協和里,122,1584,312,376,688,30,718
基隆市,中山區,文化里,123,1319,211,266,477,22,499
基隆市,中山區,德安里,124,1938,427,516,943,49,992
基隆市,中山區,德安里,125,1877,380,491,871,35,906
基隆市,中山區,德和里,126,2088,457,648,1105,19,1124
基隆市,中山區,德和里,127,1946,402,618,1020,24,1044
基隆市,中山區,德和里,128,1353,304,417,721,51,772
基隆市,中山區,中和里,129,1317,264,398,662,45,707
基隆市,中山區,中和里,130,870,214,263,477,21,498
基隆市,中山區,中和里,131,1322,293,415,708,19,727
基隆市,中山區,中和里,132,1295,260,329,589,19,608
基隆市,中山區,中和里,133,756,195,245,440,20,460
基隆市,中山區,和慶里,134,1602,302,399,701,29,730
基隆市,中山區,和慶里,135,1568,321,406,727,25,752
基隆市,中山區,和慶里,136,1404,312,392,704,36,740
基隆市,中山區,和慶里,137,1909,367,519,886,22,908
基隆市,中山區,西康里,138,1642,329,372,701,60,761
基隆市,中山區,西定里,139,932,218,212,430,20,450
基隆市,中山區,西華里,140,849,239,244,483,33,516
基隆市,中山區,西榮里,141,715,188,172,360,67,427
基隆市,安樂區,新西里,142,1361,284,340,624,49,673
基隆市,安樂區,西川里,143,1213,243,331,574,24,598
基隆市,安樂區,定國里,144,1026,219,247,466,14,480
基隆市,安樂區,定邦里,145,1038,251,317,568,60,628
基隆市,安樂區,慈仁里,146,897,370,108,478,50,528
基隆市,安樂區,干城里,147,1401,321,370,691,55,746
基隆市,安樂區,干城里,148,641,125,115,240,7,247
基隆市,安樂區,永康里,149,1472,372,356,728,30,758
基隆市,安樂區,永康里,150,472,115,126,241,21,262
基隆市,安樂區,安和里,151,841,243,238,481,19,500
基隆市,安樂區,樂一里,152,571,139,140,279,24,303
基隆市,安樂區,嘉仁里,153,1901,452,471,923,27,950
基隆市,安樂區,嘉仁里,154,1349,317,355,672,34,706
基隆市,安樂區,三民里,155,1225,257,342,599,28,627
基隆市,安樂區,三民里,156,1351,301,416,717,33,750
基隆市,安樂區,壯觀里,157,1601,351,532,883,28,911
基隆市,安樂區,壯觀里,158,2513,356,823,1179,38,1217
基隆市,安樂區,四維里,159,1613,341,504,845,27,872
基隆市,安樂區,四維里,160,1731,362,555,917,34,951
基隆市,安樂區,四維里,161,1424,346,475,821,28,849
基隆市,安樂區,五福里,162,1806,352,546,898,40,938
基隆市,安樂區,五福里,163,1679,362,537,899,35,934
基隆市,安樂區,六合里,164,1902,396,594,990,30,1020
基隆市,安樂區,六合里,165,2040,356,636,992,30,1022
基隆市,安樂區,七賢里,166,1313,316,355,671,45,716
基隆市,安樂區,七賢里,167,1243,280,331,611,28,639
基隆市,安樂區,長樂里,168,1759,341,542,883,20,903
基隆市,安樂區,長樂里,169,694,163,260,423,15,438
基隆市,安樂區,長樂里,170,866,220,311,531,20,551
基隆市,安樂區,鶯歌里,171,1557,277,385,662,20,682
基隆市,安樂區,鶯歌里,172,1411,285,424,709,16,725
基隆市,安樂區,鶯安里,173,1568,343,531,874,18,892
基隆市,安樂區,鶯安里,174,1400,293,417,710,25,735
基隆市,安樂區,鶯安里,175,1531,236,550,786,9,795
基隆市,安樂區,興寮里,176,1673,304,491,795,22,817
基隆市,安樂區,興寮里,177,1054,218,311,529,30,559
基隆市,安樂區,興寮里,178,1923,307,501,808,18,826
基隆市,安樂區,外寮里,179,1960,443,565,1008,43,1051
基隆市,安樂區,外寮里,180,1962,386,549,935,48,983
基隆市,安樂區,新崙里,181,2117,453,623,1076,39,1115
基隆市,安樂區,新崙里,182,1829,370,492,862,26,888
基隆市,安樂區,武崙里,183,1529,318,405,723,18,741
基隆市,安樂區,武崙里,184,1869,310,617,927,30,957
基隆市,安樂區,武崙里,185,1140,226,408,634,15,649
基隆市,安樂區,中崙里,186,1641,355,466,821,31,852
基隆市,安樂區,內寮里,187,1279,288,358,646,23,669
基隆市,安樂區,內寮里,188,1360,257,426,683,25,708
基隆市,安樂區,內寮里,189,1399,325,407,732,32,764
基隆市,安樂區,內寮里,190,1251,265,353,618,25,643
基隆市,暖暖區,八西里,191,1431,290,393,683,28,711
基隆市,暖暖區,八中里,192,456,92,118,210,6,216
基隆市,暖暖區,八堵里,193,637,177,177,354,15,369
基隆市,暖暖區,八南里,194,735,199,212,411,26,437
基隆市,暖暖區,過港里,195,1078,199,298,497,30,527
基隆市,暖暖區,過港里,196,1238,246,367,613,28,641
基隆市,暖暖區,過港里,197,1325,281,380,661,20,681
基隆市,暖暖區,暖暖里,198,1475,341,428,769,34,803
基隆市,暖暖區,暖暖里,199,1179,241,297,538,30,568
基隆市,暖暖區,暖同里,200,1110,270,360,630,25,655
基隆市,暖暖區,暖同里,201,1443,270,402,672,20,692
基隆市,暖暖區,暖東里,202,415,92,113,205,21,226
基隆市,暖暖區,暖西里,203,1378,316,362,678,17,695
基隆市,暖暖區,暖西里,204,1570,456,353,809,26,835
基隆市,暖暖區,暖西里,205,1603,357,537,894,38,932
基隆市,暖暖區,碇內里,206,1267,292,400,692,42,734
基隆市,暖暖區,碇內里,207,1359,266,424,690,29,719
基隆市,暖暖區,碇和里,208,970,144,399,543,24,567
基隆市,暖暖區,碇和里,209,1002,216,316,532,8,540
基隆市,暖暖區,碇和里,210,944,221,249,470,17,487
基隆市,暖暖區,碇祥里,211,1500,351,475,826,27,853
基隆市,暖暖區,碇祥里,212,1442,239,328,567,29,596
基隆市,暖暖區,碇祥里,213,1165,255,377,632,12,644
基隆市,暖暖區,碇祥里,214,1610,306,491,797,21,818
基隆市,暖暖區,碇安里,215,1328,276,437,713,17,730
基隆市,暖暖區,碇安里,216,1173,276,330,606,21,627
基隆市,暖暖區,碇安里,217,1019,245,324,569,29,598
基隆市,暖暖區,碇安里,218,1373,304,423,727,22,749
基隆市,七堵區,長興里,219,1258,320,349,669,49,718
基隆市,七堵區,長興里,220,1237,272,379,651,39,690
基隆市,七堵區,長興里,221,1259,261,373,634,19,653
基隆市,七堵區,正光里,222,1120,273,279,552,27,579
基隆市,七堵區,正光里,223,1344,273,338,611,33,644
基隆市,七堵區,正明里,224,1011,264,330,594,30,624
基隆市,七堵區,正明里,225,925,211,261,472,14,486
基隆市,七堵區,富民里,226,1735,356,577,933,53,986
基隆市,七堵區,富民里,227,1833,439,566,1005,38,1043
基隆市,七堵區,永平里,228,938,249,252,501,20,521
基隆市,七堵區,永平里,229,962,222,306,528,47,575
基隆市,七堵區,永安里,230,1191,269,381,650,23,673
基隆市,七堵區,永安里,231,999,208,317,525,48,573
基隆市,七堵區,八德里,232,282,59,76,135,5,140
基隆市,七堵區,八德里,233,1243,273,338,611,33,644
基隆市,七堵區,自強里,234,1092,254,292,546,35,581
基隆市,七堵區,泰安里,235,1246,293,345,638,36,674
基隆市,七堵區,泰安里,236,1722,362,481,843,32,875
基隆市,七堵區,泰安里,237,1318,299,382,681,29,710
基隆市,七堵區,六堵里,238,975,213,257,470,17,487
基隆市,七堵區,六堵里,239,1285,306,347,653,24,677
基隆市,七堵區,堵南里,240,1077,259,231,490,37,527
基隆市,七堵區,堵南里,241,989,222,235,457,25,482
基隆市,七堵區,長安里,242,1193,264,304,568,39,607
基隆市,七堵區,長安里,243,1273,315,318,633,35,668
基隆市,七堵區,堵北里,244,1774,411,511,922,56,978
基隆市,七堵區,堵北里,245,1689,313,452,765,45,810
基隆市,七堵區,百福里,246,1355,309,340,649,49,698
基隆市,七堵區,百福里,247,1512,355,369,724,47,771
基隆市,七堵區,百福里,248,1486,329,375,704,25,729
基隆市,七堵區,百福里,249,1706,365,478,843,23,866
基隆市,七堵區,實踐里,250,1384,323,403,726,33,759
基隆市,七堵區,實踐里,251,1045,289,293,582,43,625
基隆市,七堵區,實踐里,252,1374,333,369,702,32,734
基隆市,七堵區,瑪南里,253,428,120,114,234,11,245
基隆市,七堵區,瑪東里,254,326,90,93,183,16,199
基隆市,七堵區,瑪西里,255,351,111,116,227,19,246
基隆市,七堵區,友一里,256,1871,354,535,889,26,915
基隆市,七堵區,友二里,257,448,119,103,222,6,228
新竹市,東區,育賢里,1,1512,202,285,487,15,502
新竹市,東區,親仁里,2,953,216,354,570,19,589
新竹市,東區,親仁里,3,729,145,270,415,11,426
新竹市,東區,東門里,4,566,178,165,343,12,355
新竹市,東區,成功里,5,640,181,179,360,17,377
新竹市,東區,榮光里,6,305,93,69,162,14,176
新竹市,東區,中正里,7,563,156,171,327,21,348
新竹市,東區,錦華里,8,741,152,250,402,17,419
新竹市,東區,錦華里,9,1041,241,346,587,19,606
新竹市,東區,文華里,10,1615,338,531,869,18,887
新竹市,東區,文華里,11,1287,284,433,717,31,748
新竹市,東區,文華里,12,1554,340,535,875,25,900
新竹市,東區,復中里,13,1388,305,493,798,23,821
新竹市,東區,復中里,14,1419,355,468,823,28,851
新竹市,東區,復中里,15,1355,332,394,726,31,757
新竹市,東區,復興里,16,1490,338,478,816,23,839
新竹市,東區,復興里,17,1615,346,546,892,23,915
新竹市,東區,復興里,18,1672,412,530,942,31,973
新竹市,東區,三民里,19,1062,291,309,600,25,625
新竹市,東區,三民里,20,1315,302,425,727,26,753
新竹市,東區,三民里,21,1000,246,339,585,18,603
新竹市,東區,三民里,22,1337,330,426,756,40,796
新竹市,東區,東園里,23,1747,400,521,921,28,949
新竹市,東區,東園里,24,1600,408,525,933,27,960
新竹市,東區,東園里,25,1158,270,368,638,19,657
新竹市,東區,東園里,26,828,228,300,528,14,542
新竹市,東區,公園里,27,1573,332,514,846,30,876
新竹市,東區,公園里,28,1550,329,529,858,38,896
新竹市,東區,建華里,29,1317,313,418,731,27,758
新竹市,東區,建華里,30,1040,291,329,620,27,647
新竹市,東區,東山里,31,935,179,356,535,21,556
新竹市,東區,東山里,32,1074,220,367,587,25,612
新竹市,東區,東山里,33,1133,273,388,661,43,704
新竹市,東區,綠水里,34,1262,289,449,738,22,760
新竹市,東區,綠水里,35,1199,258,412,670,22,692
新竹市,東區,綠水里,36,1226,277,458,735,31,766
新竹市,東區,綠水里,37,1377,320,528,848,37,885
新竹市,東區,綠水里,38,991,228,395,623,15,638
新竹市,東區,東勢里,39,1271,346,376,722,45,767
新竹市,東區,東勢里,40,1012,221,412,633,21,654
新竹市,東區,光復里,41,1001,257,301,558,34,592
新竹市,東區,光復里,42,1603,371,457,828,37,865
新竹市,東區,前溪里,43,1236,308,365,673,35,708
新竹市,東區,前溪里,44,1532,317,403,720,32,752
新竹市,東區,水源里,45,1306,309,390,699,43,742
新竹市,東區,水源里,46,1073,264,341,605,38,643
新竹市,東區,水源里,47,952,252,284,536,22,558
新竹市,東區,千甲里,48,1298,284,350,634,19,653
新竹市,東區,千甲里,49,778,135,289,424,16,440
新竹市,東區,豐功里,50,1195,288,398,686,24,710
新竹市,東區,豐功里,51,1569,310,508,818,50,868
新竹市,東區,豐功里,52,1533,339,597,936,28,964
新竹市,東區,武功里,53,1336,201,572,773,42,815
新竹市,東區,武功里,54,1367,184,579,763,35,798
新竹市,東區,武功里,55,1289,226,528,754,34,788
新竹市,東區,軍功里,56,960,193,321,514,22,536
新竹市,東區,軍功里,57,843,180,341,521,16,537
新竹市,東區,軍功里,58,948,183,356,539,34,573
新竹市,東區,立功里,59,915,124,368,492,28,520
新竹市,東區,建功里,60,1801,276,725,1001,45,1046
新竹市,東區,建功里,61,1079,190,407,597,30,627
新竹市,東區,建功里,62,676,291,114,405,16,421
新竹市,東區,光明里,63,1132,215,418,633,42,675
新竹市,東區,光明里,64,251,59,89,148,5,153
新竹市,東區,光明里,65,1620,317,581,898,34,932
新竹市,東區,龍山里,66,1479,325,448,773,25,798
新竹市,東區,龍山里,67,1402,331,393,724,33,757
新竹市,東區,龍山里,68,1280,256,436,692,37,729
新竹市,東區,龍山里,69,1228,297,417,714,17,731
新竹市,東區,龍山里,70,1157,282,337,619,11,630
新竹市,東區,龍山里,71,1354,281,464,745,24,769
新竹市,東區,科園里,72,1334,321,536,857,25,882
新竹市,東區,科園里,73,1234,276,431,707,42,749
新竹市,東區,科園里,74,1398,328,530,858,35,893
新竹市,東區,科園里,75,928,237,318,555,17,572
新竹市,東區,科園里,76,1368,317,532,849,23,872
新竹市,東區,埔頂里,77,1215,279,364,643,28,671
新竹市,東區,埔頂里,78,1067,250,300,550,24,574
新竹市,東區,埔頂里,79,1194,322,326,648,14,662
新竹市,東區,埔頂里,80,1193,280,341,621,22,643
新竹市,東區,新莊里,81,1388,300,462,762,43,805
新竹市,東區,新莊里,82,1267,279,442,721,25,746
新竹市,東區,新莊里,83,1299,248,462,710,25,735
新竹市,東區,新莊里,84,1288,268,449,717,26,743
新竹市,東區,關新里,85,1228,339,388,727,25,752
新竹市,東區,關新里,86,1135,299,372,671,16,687
新竹市,東區,關新里,87,1237,334,428,762,26,788
新竹市,東區,關東里,88,1135,212,354,566,41,607
新竹市,東區,關東里,89,1165,208,369,577,32,609
新竹市,東區,關東里,90,1124,243,355,598,29,627
新竹市,東區,關東里,91,1210,242,441,683,31,714
新竹市,東區,金山里,92,1323,245,441,686,29,715
新竹市,東區,金山里,93,1207,230,400,630,21,651
新竹市,東區,金山里,94,1264,212,398,610,27,637
新竹市,東區,金山里,95,1248,241,420,661,20,681
新竹市,東區,仙水里,96,1400,312,521,833,36,869
新竹市,東區,仙水里,97,1473,363,526,889,13,902
新竹市,東區,仙水里,98,1367,292,443,735,33,768
新竹市,東區,仙宮里,99,1233,279,433,712,19,731
新竹市,東區,關帝里,100,507,154,116,270,12,282
新竹市,東區,南門里,101,714,217,185,402,22,424
新竹市,東區,南市里,102,875,236,256,492,25,517
新竹市,東區,福德里,103,1396,351,413,764,36,800
新竹市,東區,振興里,104,1232,295,346,641,34,675
新竹市,東區,振興里,105,1323,364,331,695,29,724
新竹市,東區,振興里,106,1516,300,412,712,22,734
新竹市,東區,振興里,107,1453,297,421,718,30,748
新竹市,東區,新興里,108,880,234,256,490,27,517
新竹市,東區,新興里,109,1058,261,316,577,19,596
新竹市,東區,新興里,110,1061,249,325,574,26,600
新竹市,東區,寺前里,111,710,185,204,389,28,417
新竹市,東區,竹蓮里,112,752,228,211,439,25,464
新竹市,東區,下竹里,113,475,125,164,289,13,302
新竹市,東區,頂竹里,114,880,229,227,456,25,481
新竹市,東區,頂竹里,115,989,262,284,546,39,585
新竹市,東區,頂竹里,116,1059,262,328,590,31,621
新竹市,東區,南大里,117,607,176,173,349,22,371
新竹市,東區,南大里,118,815,210,235,445,34,479
新竹市,東區,新光里,119,777,176,280,456,23,479
新竹市,東區,新光里,120,1399,300,381,681,32,713
新竹市,東區,新光里,121,1216,310,358,668,23,691
新竹市,東區,光鎮里,122,1062,247,286,533,26,559
新竹市,東區,光鎮里,123,1046,260,344,604,21,625
新竹市,東區,光鎮里,124,1332,269,419,688,15,703
新竹市,東區,高峰里,125,1350,244,512,756,37,793
新竹市,東區,高峰里,126,1438,275,463,738,22,760
新竹市,東區,高峰里,127,1414,309,424,733,30,763
新竹市,東區,高峰里,128,1476,368,469,837,20,857
新竹市,東區,湖濱里,129,1326,332,455,787,29,816
新竹市,東區,湖濱里,130,927,224,363,587,16,603
新竹市,東區,湖濱里,131,1273,336,397,733,15,748
新竹市,東區,柴橋里,132,1315,262,422,684,24,708
新竹市,東區,柴橋里,133,1413,290,505,795,26,821
新竹市,東區,柴橋里,134,1064,212,372,584,24,608
新竹市,東區,柴橋里,135,1244,304,459,763,25,788
新竹市,東區,明湖里,136,1160,231,360,591,11,602
新竹市,東區,明湖里,137,1398,266,409,675,17,692
新竹市,東區,明湖里,138,1384,218,332,550,17,567
新竹市,東區,明湖里,139,874,220,300,520,22,542
新竹市,北區,中央里,140,477,142,117,259,5,264
新竹市,北區,西門里,141,535,159,153,312,12,324
新竹市,北區,潛園里,142,746,211,214,425,23,448
新竹市,北區,石坊里,143,546,148,142,290,11,301
新竹市,北區,仁德里,144,711,184,232,416,28,444
新竹市,北區,崇禮里,145,1143,332,255,587,25,612
新竹市,北區,興南里,146,1370,336,368,704,36,740
新竹市,北區,育英里,147,1390,339,404,743,23,766
新竹市,北區,育英里,148,962,139,302,441,15,456
新竹市,北區,育英里,149,1237,309,366,675,13,688
新竹市,北區,台溪里,150,1604,341,437,778,17,795
新竹市,北區,曲溪里,151,758,150,208,358,28,386
新竹市,北區,曲溪里,152,1320,272,394,666,25,691
新竹市,北區,曲溪里,153,1519,325,410,735,35,770
新竹市,北區,曲溪里,154,347,60,65,125,8,133
新竹市,北區,曲溪里,155,1212,335,375,710,25,735
新竹市,北區,西雅里,156,1484,362,417,779,34,813
新竹市,北區,西雅里,157,1428,385,372,757,36,793
新竹市,北區,客雅里,158,1128,297,338,635,24,659
新竹市,北區,客雅里,159,638,154,202,356,6,362
新竹市,北區,中雅里,160,1222,157,511,668,45,713
新竹市,北區,中雅里,161,1076,238,318,556,28,584
新竹市,北區,中雅里,162,937,242,335,577,22,599
新竹市,北區,南勢里,163,1394,345,420,765,25,790
新竹市,北區,南勢里,164,1568,353,418,771,30,801
新竹市,北區,南勢里,165,1159,329,349,678,28,706
新竹市,北區,大鵬里,166,252,40,64,104,1,105
新竹市,北區,大同里,167,761,200,271,471,16,487
新竹市,北區,中山里,168,788,250,215,465,16,481
新竹市,北區,中興里,169,561,171,162,333,25,358
新竹市,北區,新民里,170,1558,358,416,774,54,828
新竹市,北區,長和里,171,1398,350,348,698,28,726
新竹市,北區,北門里,172,957,233,284,517,25,542
新竹市,北區,民富里,173,1195,280,372,652,33,685
新竹市,北區,民富里,174,1236,289,304,593,21,614
新竹市,北區,民富里,175,1255,290,353,643,34,677
新竹市,北區,民富里,176,1114,293,337,630,15,645
新竹市,北區,磐石里,177,1396,343,421,764,27,791
新竹市,北區,磐石里,178,1456,382,430,812,34,846
新竹市,北區,磐石里,179,1374,295,437,732,21,753
新竹市,北區,磐石里,180,1070,252,303,555,30,585
新竹市,北區,新雅里,181,1142,255,355,610,37,647
新竹市,北區,新雅里,182,1103,264,331,595,0,595
新竹市,北區,新雅里,183,1190,327,312,639,48,687
新竹市,北區,新雅里,184,1089,259,401,660,21,681
新竹市,北區,文雅里,185,1272,267,346,613,17,630
新竹市,北區,文雅里,186,1306,286,422,708,40,748
新竹市,北區,文雅里,187,1328,325,394,719,36,755
新竹市,北區,水田里,188,1457,332,438,770,22,792
新竹市,北區,水田里,189,1492,339,463,802,32,834
新竹市,北區,光田里,190,1160,288,391,679,34,713
新竹市,北區,光田里,191,971,247,300,547,27,574
新竹市,北區,光華里,192,1401,190,257,447,17,464
新竹市,北區,光華里,193,1340,336,417,753,21,774
新竹市,北區,光華里,194,1371,308,473,781,29,810
新竹市,北區,金華里,195,1267,306,382,688,22,710
新竹市,北區,金華里,196,1073,285,371,656,22,678
新竹市,北區,金華里,197,1159,286,375,661,18,679
新竹市,北區,金華里,198,1294,273,423,696,21,717
新竹市,北區,湳雅里,199,1442,291,490,781,29,810
新竹市,北區,湳雅里,200,1270,304,422,726,22,748
新竹市,北區,金雅里,201,1179,328,412,740,32,772
新竹市,北區,金雅里,202,949,228,338,566,35,601
新竹市,北區,湳中里,203,1163,291,365,656,27,683
新竹市,北區,湳中里,204,1334,275,441,716,25,741
新竹市,北區,湳中里,205,1415,294,476,770,33,803
新竹市,北區,湳中里,206,1305,306,471,777,21,798
新竹市,北區,湳中里,207,1200,231,425,656,27,683
新竹市,北區,舊社里,208,1106,265,361,626,17,643
新竹市,北區,舊社里,209,1044,238,370,608,20,628
新竹市,北區,舊社里,210,1061,273,325,598,32,630
新竹市,北區,舊社里,211,1518,353,497,850,53,903
新竹市,北區,舊社里,212,1220,304,417,721,36,757
新竹市,北區,金竹里,213,1475,328,525,853,10,863
新竹市,北區,金竹里,214,1373,303,421,724,30,754
新竹市,北區,金竹里,215,1450,301,518,819,18,837
新竹市,北區,金竹里,216,1423,282,523,805,25,830
新竹市,北區,武陵里,217,1059,175,418,593,8,601
新竹市,北區,武陵里,218,1130,175,480,655,30,685
新竹市,北區,武陵里,219,1208,204,521,725,28,753
新竹市,北區,武陵里,220,1226,176,565,741,23,764
新竹市,北區,福林里,221,1175,255,391,646,27,673
新竹市,北區,福林里,222,1371,301,474,775,22,797
新竹市,北區,福林里,223,1306,268,413,681,41,722
新竹市,北區,境福里,224,1340,301,412,713,18,731
新竹市,北區,境福里,225,1111,294,353,647,45,692
新竹市,北區,境福里,226,1197,306,431,737,38,775
新竹市,北區,境福里,227,1008,232,328,560,22,582
新竹市,北區,士林里,228,946,222,291,513,15,528
新竹市,北區,士林里,229,705,179,210,389,37,426
新竹市,北區,古賢里,230,848,247,220,467,42,509
新竹市,北區,南寮里,231,1295,279,400,679,21,700
新竹市,北區,南寮里,232,1467,265,471,736,26,762
新竹市,北區,南寮里,233,1659,353,409,762,31,793
新竹市,北區,南寮里,234,1297,257,391,648,42,690
新竹市,北區,康樂里,235,1374,330,416,746,46,792
新竹市,北區,康樂里,236,1457,363,434,797,47,844
新竹市,北區,中寮里,237,1072,253,352,605,30,635
新竹市,北區,中寮里,238,1350,298,397,695,28,723
新竹市,北區,中寮里,239,971,260,331,591,18,609
新竹市,北區,海濱里,240,1450,355,458,813,39,852
新竹市,北區,海濱里,241,895,204,294,498,17,515
新竹市,北區,海濱里,242,1378,293,436,729,30,759
新竹市,北區,港北里,243,1609,364,437,801,46,847
新竹市,北區,舊港里,244,594,152,173,325,22,347
新竹市,香山區,頂埔里,245,1443,319,428,747,35,782
新竹市,香山區,頂埔里,246,1241,314,349,663,25,688
新竹市,香山區,頂埔里,247,1194,273,368,641,21,662
新竹市,香山區,頂埔里,248,1081,243,355,598,12,610
新竹市,香山區,頂福里,249,807,220,242,462,22,484
新竹市,香山區,頂福里,250,1760,389,543,932,36,968
新竹市,香山區,頂福里,251,1635,336,538,874,42,916
新竹市,香山區,中埔里,252,1473,367,450,817,46,863
新竹市,香山區,中埔里,253,1408,312,473,785,20,805
新竹市,香山區,牛埔里,254,1318,277,342,619,22,641
新竹市,香山區,牛埔里,255,1337,310,421,731,27,758
新竹市,香山區,牛埔里,256,1862,368,566,934,32,966
新竹市,香山區,埔前里,257,1067,255,333,588,17,605
新竹市,香山區,埔前里,258,863,217,286,503,31,534
新竹市,香山區,埔前里,259,1198,347,350,697,43,740
新竹市,香山區,樹下里,260,1138,322,330,652,44,696
新竹市,香山區,樹下里,261,957,297,283,580,44,624
新竹市,香山區,浸水里,262,1348,357,394,751,48,799
新竹市,香山區,浸水里,263,1023,311,333,644,46,690
新竹市,香山區,虎林里,264,970,199,327,526,25,551
新竹市,香山區,虎林里,265,1318,319,421,740,37,777
新竹市,香山區,虎山里,266,1088,261,305,566,44,610
新竹市,香山區,虎山里,267,903,232,231,463,11,474
新竹市,香山區,虎山里,268,1012,261,299,560,36,596
新竹市,香山區,虎山里,269,1014,236,312,548,29,577
新竹市,香山區,虎山里,270,1238,327,373,700,25,725
新竹市,香山區,港南里,271,1182,299,340,639,37,676
新竹市,香山區,港南里,272,1331,350,448,798,55,853
新竹市,香山區,東香里,273,976,216,392,608,24,632
新竹市,香山區,東香里,274,834,195,252,447,15,462
新竹市,香山區,東香里,275,919,187,321,508,25,533
新竹市,香山區,東香里,276,1188,260,408,668,33,701
新竹市,香山區,香村里,277,1086,265,334,599,34,633
新竹市,香山區,香村里,278,1144,304,383,687,33,720
新竹市,香山區,香村里,279,1112,230,423,653,19,672
新竹市,香山區,香山里,280,1476,351,474,825,33,858
新竹市,香山區,香山里,281,1291,288,409,697,34,731
新竹市,香山區,香山里,282,1464,363,512,875,30,905
新竹市,香山區,大庄里,283,1427,358,449,807,47,854
新竹市,香山區,大庄里,284,1336,341,390,731,22,753
新竹市,香山區,美山里,285,1131,261,279,540,30,570
新竹市,香山區,朝山里,286,1070,252,357,609,45,654
新竹市,香山區,朝山里,287,1006,261,325,586,36,622
新竹市,香山區,海山里,288,1223,211,346,557,33,590
新竹市,香山區,海山里,289,1119,255,357,612,24,636
新竹市,香山區,鹽水里,290,1400,308,367,675,30,705
新竹市,香山區,內湖里,291,1627,299,441,740,34,774
新竹市,香山區,內湖里,292,1289,326,306,632,17,649
新竹市,香山區,內湖里,293,1409,263,415,678,38,716
新竹市,香山區,南港里,294,814,224,191,415,24,439
新竹市,香山區,中隘里,295,719,177,221,398,16,414
新竹市,香山區,中隘里,296,1065,205,307,512,18,530
新竹市,香山區,南隘里,297,776,195,233,428,19,447
新竹市,香山區,大湖里,298,890,199,301,500,22,522
新竹市,香山區,茄苳里,299,896,202,249,451,25,476
嘉義市,東區,短竹里,1,1025,248,328,576,18,594
嘉義市,東區,短竹里,2,1276,293,394,687,15,702
嘉義市,東區,蘭潭里,3,974,218,258,476,25,501
嘉義市,東區,蘭潭里,4,1175,327,362,689,35,724
嘉義市,東區,東川里,5,702,202,219,421,16,437
嘉義市,東區,東川里,6,1092,278,316,594,22,616
嘉義市,東區,鹿寮里,7,1023,247,225,472,24,496
嘉義市,東區,盧厝里,8,1816,417,481,898,42,940
嘉義市,東區,文雅里,9,1936,473,554,1027,36,1063
嘉義市,東區,文雅里,10,1698,408,533,941,25,966
嘉義市,東區,王田里,11,1221,320,393,713,21,734
嘉義市,東區,王田里,12,1113,299,314,613,18,631
嘉義市,東區,長竹里,13,1452,385,429,814,24,838
嘉義市,東區,長竹里,14,1395,372,458,830,25,855
嘉義市,東區,後庄里,15,1453,366,344,710,35,745
嘉義市,東區,後庄里,16,1094,255,326,581,19,600
嘉義市,東區,後庄里,17,1420,338,460,798,22,820
嘉義市,東區,新店里,18,1552,424,464,888,28,916
嘉義市,東區,新店里,19,1558,383,481,864,32,896
嘉義市,東區,新店里,20,1062,279,328,607,24,631
嘉義市,東區,圳頭里,21,1199,215,404,619,41,660
嘉義市,東區,圳頭里,22,1236,264,398,662,26,688
嘉義市,東區,圳頭里,23,890,243,254,497,16,513
嘉義市,東區,圳頭里,24,880,241,265,506,31,537
嘉義市,東區,中山里,25,1189,290,377,667,14,681
嘉義市,東區,中山里,26,669,194,210,404,12,416
嘉義市,東區,太平里,27,1435,298,462,760,33,793
嘉義市,東區,太平里,28,1349,350,438,788,30,818
嘉義市,東區,太平里,29,1455,343,417,760,21,781
嘉義市,東區,東興里,30,915,247,276,523,16,539
嘉義市,東區,東興里,31,952,325,228,553,16,569
嘉義市,東區,華南里,32,941,264,249,513,23,536
嘉義市,東區,華南里,33,1080,305,280,585,21,606
嘉義市,東區,中央里,34,1157,331,276,607,15,622
嘉義市,東區,中央里,35,1053,348,269,617,19,636
嘉義市,東區,朝陽里,36,967,268,230,498,19,517
嘉義市,東區,朝陽里,37,1091,294,281,575,20,595
嘉義市,東區,民族里,38,961,282,272,554,27,581
嘉義市,東區,民族里,39,863,202,154,356,15,371
嘉義市,東區,過溝里,40,1023,271,334,605,21,626
嘉義市,東區,過溝里,41,1078,316,291,607,42,649
嘉義市,東區,新開里,42,938,254,251,505,23,528
嘉義市,東區,新開里,43,1049,266,310,576,18,594
嘉義市,東區,宣信里,44,1360,382,304,686,35,721
嘉義市,東區,興南里,45,1615,422,339,761,55,816
嘉義市,東區,豐年里,46,1267,359,299,658,21,679
嘉義市,東區,芳草里,47,1579,376,348,724,50,774
嘉義市,東區,芳草里,48,1831,409,499,908,39,947
嘉義市,東區,芳安里,49,977,266,290,556,19,575
嘉義市,東區,芳安里,50,1169,332,279,611,11,622
嘉義市,東區,頂寮里,51,1238,353,329,682,57,739
嘉義市,東區,頂寮里,52,1266,332,384,716,16,732
嘉義市,東區,安寮里,53,1429,325,344,669,32,701
嘉義市,東區,安寮里,54,1288,357,352,709,18,727
嘉義市,東區,安業里,55,980,284,247,531,20,551
嘉義市,東區,安業里,56,922,231,243,474,20,494
嘉義市,東區,興村里,57,1133,307,329,636,30,666
嘉義市,東區,興村里,58,1235,316,358,674,25,699
嘉義市,東區,興村里,59,1525,371,425,796,22,818
嘉義市,東區,興安里,60,1170,303,285,588,32,620
嘉義市,東區,興安里,61,1177,318,382,700,45,745
嘉義市,東區,興仁里,62,1207,294,355,649,42,691
嘉義市,東區,興仁里,63,1272,308,382,690,36,726
嘉義市,東區,興仁里,64,1188,312,298,610,59,669
嘉義市,東區,北門里,65,1172,302,291,593,20,613
嘉義市,東區,北門里,66,1020,311,261,572,30,602
嘉義市,東區,林森里,67,1332,372,367,739,31,770
嘉義市,東區,林森里,68,1011,312,297,609,23,632
嘉義市,東區,中庄里,69,1682,407,441,848,41,889
嘉義市,東區,中庄里,70,1567,403,418,821,44,865
嘉義市,東區,頂庄里,71,1207,313,348,661,14,675
嘉義市,東區,頂庄里,72,981,245,334,579,19,598
嘉義市,東區,義教里,73,1395,325,410,735,26,761
嘉義市,東區,義教里,74,1434,338,345,683,15,698
嘉義市,東區,仁義里,75,1404,301,331,632,15,647
嘉義市,東區,仁義里,76,1428,378,417,795,24,819
嘉義市,東區,後湖里,77,1823,353,427,780,22,802
嘉義市,東區,後湖里,78,1570,397,365,762,25,787
嘉義市,東區,荖藤里,79,1282,348,299,647,47,694
嘉義市,東區,荖藤里,80,1571,408,478,886,37,923
嘉義市,東區,荖藤里,81,1533,350,418,768,22,790
嘉義市,西區,書院里,82,885,253,225,478,16,494
嘉義市,西區,書院里,83,1109,283,297,580,25,605
嘉義市,西區,永和里,84,1020,290,228,518,29,547
嘉義市,西區,永和里,85,925,272,285,557,31,588
嘉義市,西區,新富里,86,1671,470,326,796,19,815
嘉義市,西區,文化里,87,1215,345,339,684,17,701
嘉義市,西區,文化里,88,1036,351,223,574,19,593
嘉義市,西區,西榮里,89,1129,346,241,587,19,606
嘉義市,西區,西榮里,90,1127,324,275,599,27,626
嘉義市,西區,番社里,91,1415,427,349,776,29,805
嘉義市,西區,國華里,92,1366,351,362,713,20,733
嘉義市,西區,大溪里,93,1053,330,289,619,29,648
嘉義市,西區,大溪里,94,1067,309,279,588,15,603
嘉義市,西區,磚?里,95,1575,369,391,760,21,781
嘉義市,西區,磚?里,96,1865,481,486,967,26,993
嘉義市,西區,福全里,97,1196,337,279,616,30,646
嘉義市,西區,福全里,98,1280,348,298,646,19,665
嘉義市,西區,福全里,99,1629,386,464,850,32,882
嘉義市,西區,福安里,100,1393,397,365,762,46,808
嘉義市,西區,福安里,101,1077,312,329,641,27,668
嘉義市,西區,福安里,102,1694,379,395,774,30,804
嘉義市,西區,新西里,103,841,274,209,483,45,528
嘉義市,西區,新西里,104,1183,317,271,588,7,595
嘉義市,西區,港坪里,105,1000,284,339,623,17,640
嘉義市,西區,港坪里,106,1095,307,331,638,16,654
嘉義市,西區,港坪里,107,1256,350,395,745,19,764
嘉義市,西區,頭港里,108,962,271,271,542,28,570
嘉義市,西區,頭港里,109,865,258,282,540,20,560
嘉義市,西區,西平里,110,1396,339,250,589,35,624
嘉義市,西區,西平里,111,1799,440,508,948,39,987
嘉義市,西區,劉厝里,112,1505,354,389,743,24,767
嘉義市,西區,劉厝里,113,1698,424,463,887,42,929
嘉義市,西區,劉厝里,114,1854,441,544,985,22,1007
嘉義市,西區,劉厝里,115,1537,359,377,736,6,742
嘉義市,西區,自強里,116,1604,391,378,769,52,821
嘉義市,西區,美源里,117,944,304,249,553,51,604
嘉義市,西區,美源里,118,1627,444,459,903,37,940
嘉義市,西區,美源里,119,1144,314,350,664,26,690
嘉義市,西區,湖內里,120,1362,358,358,716,33,749
嘉義市,西區,湖內里,121,1279,397,333,730,22,752
嘉義市,西區,湖內里,122,1702,456,448,904,52,956
嘉義市,西區,獅子里,123,1358,347,425,772,33,805
嘉義市,西區,獅子里,124,1360,404,397,801,32,833
嘉義市,西區,紅瓦里,125,1589,439,430,869,32,901
嘉義市,西區,光路里,126,1280,350,391,741,26,767
嘉義市,西區,光路里,127,1220,297,298,595,27,622
嘉義市,西區,光路里,128,1172,322,364,686,17,703
嘉義市,西區,光路里,129,1320,359,361,720,25,745
嘉義市,西區,福民里,130,1185,352,405,757,23,780
嘉義市,西區,福民里,131,1278,392,377,769,29,798
嘉義市,西區,福民里,132,1394,319,291,610,23,633
嘉義市,西區,福民里,133,1540,400,452,852,38,890
嘉義市,西區,車店里,134,1548,391,449,840,37,877
嘉義市,西區,車店里,135,1295,373,324,697,14,711
嘉義市,西區,車店里,136,1318,404,382,786,15,801
嘉義市,西區,車店里,137,1545,432,415,847,26,873
嘉義市,西區,垂楊里,138,736,227,160,387,13,400
嘉義市,西區,垂楊里,139,1168,317,301,618,11,629
嘉義市,西區,培元里,140,756,245,226,471,22,493
嘉義市,西區,培元里,141,869,143,330,473,18,491
嘉義市,西區,育英里,142,983,268,299,567,21,588
嘉義市,西區,育英里,143,828,239,230,469,22,491
嘉義市,西區,致遠里,144,1775,266,676,942,35,977
嘉義市,西區,翠岱里,145,1419,195,538,733,33,766
嘉義市,西區,導明里,146,779,260,184,444,11,455
嘉義市,西區,導明里,147,855,227,222,449,17,466
嘉義市,西區,北榮里,148,1146,330,311,641,32,673
嘉義市,西區,北榮里,149,1111,328,303,631,29,660
嘉義市,西區,慶安里,150,767,243,233,476,21,497
嘉義市,西區,慶安里,151,817,226,188,414,12,426
嘉義市,西區,香湖里,152,770,204,225,429,25,454
嘉義市,西區,重興里,153,1135,261,280,541,20,561
嘉義市,西區,重興里,154,835,240,190,430,27,457
嘉義市,西區,後驛里,155,1182,314,263,577,33,610
嘉義市,西區,後驛里,156,944,295,174,469,21,490
嘉義市,西區,湖邊里,157,997,315,223,538,19,557
嘉義市,西區,湖邊里,158,1074,289,301,590,18,608
嘉義市,西區,竹圍里,159,1460,326,324,650,10,660
嘉義市,西區,竹圍里,160,1352,396,328,724,17,741
嘉義市,西區,竹圍里,161,1499,410,378,788,26,814
嘉義市,西區,保生里,162,1262,367,299,666,55,721
嘉義市,西區,保生里,163,1299,330,372,702,15,717
嘉義市,西區,保生里,164,1734,447,430,877,38,915
嘉義市,西區,保安里,165,1674,490,326,816,30,846
嘉義市,西區,保安里,166,1540,355,438,793,24,817
嘉義市,西區,北新里,167,1056,338,299,637,16,653
嘉義市,西區,新厝里,168,1467,434,373,807,59,866
嘉義市,西區,新厝里,169,1431,382,328,710,39,749
嘉義市,西區,新厝里,170,1234,404,336,740,37,777
嘉義市,西區,保福里,171,1266,340,330,670,14,684
嘉義市,西區,保福里,172,1211,338,340,678,22,700
嘉義市,西區,保福里,173,1121,291,350,641,10,651
嘉義市,西區,竹村里,174,1155,300,295,595,19,614
嘉義市,西區,北湖里,175,1546,446,407,853,54,907
嘉義市,西區,北湖里,176,1322,361,343,704,21,725
嘉義市,西區,下埤里,177,1549,418,417,835,48,883
臺北市,北投區,建民里,1,1313,369,401,770,42,812
臺北市,北投區,建民里,2,1403,454,383,837,40,877
臺北市,北投區,建民里,3,1081,337,313,650,23,673
臺北市,北投區,文林里,4,1209,340,368,708,32,740
臺北市,北投區,文林里,5,1326,369,394,763,28,791
臺北市,北投區,文林里,6,1263,359,391,750,33,783
臺北市,北投區,石牌里,7,1580,472,467,939,35,974
臺北市,北投區,石牌里,8,1577,441,468,909,23,932
臺北市,北投區,石牌里,9,1483,414,440,854,45,899
臺北市,北投區,福興里,10,1461,357,473,830,11,841
臺北市,北投區,福興里,11,1466,382,410,792,43,835
臺北市,北投區,福興里,12,1620,421,517,938,35,973
臺北市,北投區,福興里,13,1543,345,466,811,28,839
臺北市,北投區,榮光里,14,1513,378,415,793,38,831
臺北市,北投區,榮光里,15,1534,407,471,878,29,907
臺北市,北投區,榮光里,16,1650,433,511,944,47,991
臺北市,北投區,榮光里,17,1533,370,503,873,31,904
臺北市,北投區,榮華里,18,1702,407,501,908,42,950
臺北市,北投區,榮華里,19,1721,438,510,948,33,981
臺北市,北投區,榮華里,20,1575,434,496,930,39,969
臺北市,北投區,榮華里,21,1530,377,482,859,46,905
臺北市,北投區,裕民里,22,1728,409,577,986,31,1017
臺北市,北投區,裕民里,23,1702,412,545,957,30,987
臺北市,北投區,裕民里,24,1696,434,497,931,40,971
臺北市,北投區,裕民里,25,1684,321,456,777,20,797
臺北市,北投區,振華里,26,1717,447,557,1004,39,1043
臺北市,北投區,振華里,27,1605,420,502,922,28,950
臺北市,北投區,振華里,28,1723,408,546,954,46,1000
臺北市,北投區,振華里,29,1597,439,516,955,31,986
臺北市,北投區,永和里,30,1700,414,531,945,41,986
臺北市,北投區,永和里,31,1544,386,408,794,23,817
臺北市,北投區,永和里,32,1635,375,448,823,33,856
臺北市,北投區,永和里,33,1495,382,487,869,17,886
臺北市,北投區,永和里,34,1619,419,498,917,30,947
臺北市,北投區,永欣里,35,1683,426,490,916,41,957
臺北市,北投區,永欣里,36,1662,347,529,876,25,901
臺北市,北投區,永欣里,37,1850,394,517,911,15,926
臺北市,北投區,永欣里,38,1674,395,461,856,19,875
臺北市,北投區,永明里,39,1511,344,533,877,45,922
臺北市,北投區,永明里,40,1393,358,424,782,18,800
臺北市,北投區,永明里,41,1279,350,427,777,30,807
臺北市,北投區,東華里,42,1122,240,415,655,25,680
臺北市,北投區,東華里,43,1238,330,498,828,39,867
臺北市,北投區,東華里,44,1477,384,496,880,40,920
臺北市,北投區,吉利里,45,1495,366,503,869,48,917
臺北市,北投區,吉利里,46,1469,382,518,900,39,939
臺北市,北投區,吉利里,47,1462,357,477,834,32,866
臺北市,北投區,吉利里,48,1431,324,491,815,40,855
臺北市,北投區,吉慶里,49,1486,439,407,846,30,876
臺北市,北投區,吉慶里,50,1449,426,425,851,34,885
臺北市,北投區,吉慶里,51,1456,392,451,843,23,866
臺北市,北投區,尊賢里,52,1311,350,394,744,26,770
臺北市,北投區,尊賢里,53,1356,280,409,689,40,729
臺北市,北投區,尊賢里,54,1338,387,402,789,22,811
臺北市,北投區,立賢里,55,1525,387,478,865,32,897
臺北市,北投區,立賢里,56,1620,421,460,881,26,907
臺北市,北投區,立賢里,57,1499,407,403,810,14,824
臺北市,北投區,立農里,58,1497,358,522,880,32,912
臺北市,北投區,立農里,59,1624,396,507,903,37,940
臺北市,北投區,立農里,60,1536,400,403,803,47,850
臺北市,北投區,立農里,61,1469,423,429,852,50,902
臺北市,北投區,立農里,62,1598,392,465,857,36,893
臺北市,北投區,八仙里,63,1690,440,481,921,27,948
臺北市,北投區,八仙里,64,1599,433,424,857,60,917
臺北市,北投區,八仙里,65,1634,400,503,903,38,941
臺北市,北投區,洲美里,66,1660,482,377,859,28,887
臺北市,北投區,奇岩里,67,1900,442,532,974,37,1011
臺北市,北投區,奇岩里,68,1797,473,534,1007,34,1041
臺北市,北投區,奇岩里,69,1832,459,567,1026,44,1070
臺北市,北投區,奇岩里,70,1784,462,557,1019,39,1058
臺北市,北投區,奇岩里,71,1732,459,533,992,25,1017
臺北市,北投區,清江里,72,2035,265,266,531,33,564
臺北市,北投區,清江里,73,1504,421,393,814,45,859
臺北市,北投區,清江里,74,1683,417,525,942,56,998
臺北市,北投區,清江里,75,1635,405,446,851,61,912
臺北市,北投區,清江里,76,1613,404,472,876,42,918
臺北市,北投區,中央里,77,1483,357,410,767,23,790
臺北市,北投區,中央里,78,1500,365,454,819,34,853
臺北市,北投區,中央里,79,1483,398,445,843,34,877
臺北市,北投區,中央里,80,1544,427,398,825,48,873
臺北市,北投區,中央里,81,1532,360,356,716,62,778
臺北市,北投區,長安里,82,1819,471,527,998,37,1035
臺北市,北投區,長安里,83,1863,466,466,932,40,972
臺北市,北投區,長安里,84,1872,451,496,947,20,967
臺北市,北投區,大同里,85,1627,424,461,885,32,917
臺北市,北投區,大同里,86,1696,457,447,904,23,927
臺北市,北投區,大同里,87,1841,488,499,987,41,1028
臺北市,北投區,溫泉里,88,1324,376,361,737,32,769
臺北市,北投區,溫泉里,89,1504,401,406,807,17,824
臺北市,北投區,溫泉里,90,1511,365,462,827,34,861
臺北市,北投區,溫泉里,91,1615,425,503,928,34,962
臺北市,北投區,林泉里,92,1270,273,388,661,19,680
臺北市,北投區,林泉里,93,1492,369,369,738,27,765
臺北市,北投區,中心里,94,1429,358,384,742,26,768
臺北市,北投區,中心里,95,1567,359,457,816,20,836
臺北市,北投區,中心里,96,1388,345,411,756,34,790
臺北市,北投區,中心里,97,1448,365,385,750,20,770
臺北市,北投區,中庸里,98,1356,316,371,687,48,735
臺北市,北投區,中庸里,99,1308,312,384,696,41,737
臺北市,北投區,中庸里,100,1165,327,357,684,38,722
臺北市,北投區,開明里,101,1429,360,464,824,40,864
臺北市,北投區,開明里,102,1472,299,496,795,21,816
臺北市,北投區,開明里,103,1508,396,519,915,38,953
臺北市,北投區,開明里,104,1480,347,457,804,44,848
臺北市,北投區,中和里,105,1142,286,334,620,26,646
臺北市,北投區,中和里,106,1554,366,451,817,26,843
臺北市,北投區,中和里,107,1669,406,534,940,66,1006
臺北市,北投區,智仁里,108,1823,403,622,1025,43,1068
臺北市,北投區,智仁里,109,1739,371,538,909,54,963
臺北市,北投區,智仁里,110,1771,407,503,910,46,956
臺北市,北投區,秀山里,111,1468,303,430,733,46,779
臺北市,北投區,秀山里,112,1469,356,445,801,23,824
臺北市,北投區,文化里,113,1094,262,422,684,24,708
臺北市,北投區,文化里,114,1101,190,474,664,40,704
臺北市,北投區,文化里,115,1422,286,544,830,32,862
臺北市,北投區,豐年里,116,1390,318,420,738,46,784
臺北市,北投區,豐年里,117,1307,345,400,745,40,785
臺北市,北投區,豐年里,118,1215,338,393,731,43,774
臺北市,北投區,稻香里,119,1642,353,516,869,33,902
臺北市,北投區,稻香里,120,1623,364,473,837,37,874
臺北市,北投區,稻香里,121,1621,373,483,856,46,902
臺北市,北投區,桃源里,122,1367,370,393,763,15,778
臺北市,北投區,桃源里,123,1309,356,329,685,42,727
臺北市,北投區,桃源里,124,1356,315,459,774,23,797
臺北市,北投區,桃源里,125,1365,341,396,737,32,769
臺北市,北投區,一德里,126,1613,455,412,867,26,893
臺北市,北投區,一德里,127,1590,375,397,772,29,801
臺北市,北投區,一德里,128,1662,440,485,925,46,971
臺北市,北投區,一德里,129,1622,396,488,884,53,937
臺北市,北投區,關渡里,130,1820,459,514,973,32,1005
臺北市,北投區,關渡里,131,1615,386,522,908,43,951
臺北市,北投區,關渡里,132,1612,323,374,697,55,752
臺北市,北投區,關渡里,133,1652,423,457,880,43,923
臺北市,北投區,關渡里,134,1666,413,515,928,21,949
臺北市,北投區,關渡里,135,1641,413,460,873,33,906
臺北市,北投區,泉源里,136,528,155,153,308,12,320
臺北市,北投區,泉源里,137,1642,393,354,747,43,790
臺北市,北投區,湖山里,138,829,226,229,455,15,470
臺北市,北投區,湖山里,139,690,152,218,370,18,388
臺北市,北投區,大屯里,140,1067,287,269,556,35,591
臺北市,北投區,湖田里,141,892,235,240,475,32,507
臺北市,士林區,仁勇里,142,1695,518,419,937,55,992
臺北市,士林區,仁勇里,143,1720,476,503,979,55,1034
臺北市,士林區,義信里,144,1288,321,376,697,54,751
臺北市,士林區,義信里,145,1546,390,470,860,32,892
臺北市,士林區,福林里,146,652,157,239,396,17,413
臺北市,士林區,福林里,147,870,207,266,473,22,495
臺北市,士林區,福林里,148,1137,359,334,693,25,718
臺北市,士林區,福德里,149,1050,307,315,622,47,669
臺北市,士林區,福德里,150,1031,278,335,613,35,648
臺北市,士林區,福德里,151,1075,263,370,633,22,655
臺北市,士林區,福德里,152,2175,252,254,506,27,533
臺北市,士林區,福志里,153,1775,350,550,900,56,956
臺北市,士林區,福志里,154,1669,351,582,933,45,978
臺北市,士林區,福志里,155,1665,478,498,976,39,1015
臺北市,士林區,福志里,156,1648,466,521,987,44,1031
臺北市,士林區,舊佳里,157,1246,302,410,712,26,738
臺北市,士林區,舊佳里,158,1419,402,388,790,35,825
臺北市,士林區,舊佳里,159,1327,351,384,735,49,784
臺北市,士林區,舊佳里,160,1573,459,496,955,35,990
臺北市,士林區,福佳里,161,1470,380,442,822,53,875
臺北市,士林區,福佳里,162,1775,545,462,1007,22,1029
臺北市,士林區,福佳里,163,1692,426,540,966,40,1006
臺北市,士林區,福佳里,164,1842,502,545,1047,36,1083
臺北市,士林區,後港里,165,1166,348,339,687,34,721
臺北市,士林區,後港里,166,1687,426,422,848,40,888
臺北市,士林區,後港里,167,1624,435,463,898,40,938
臺北市,士林區,後港里,168,1477,449,445,894,60,954
臺北市,士林區,後港里,169,1250,363,384,747,36,783
臺北市,士林區,福中里,170,1434,407,403,810,56,866
臺北市,士林區,福中里,171,1452,417,404,821,52,873
臺北市,士林區,福中里,172,1533,442,494,936,36,972
臺北市,士林區,福中里,173,1515,437,461,898,38,936
臺北市,士林區,前港里,174,1203,340,360,700,36,736
臺北市,士林區,前港里,175,1487,427,451,878,54,932
臺北市,士林區,前港里,176,1252,366,355,721,15,736
臺北市,士林區,百齡里,177,1536,427,441,868,32,900
臺北市,士林區,百齡里,178,1556,441,458,899,53,952
臺北市,士林區,百齡里,179,1511,459,420,879,38,917
臺北市,士林區,百齡里,180,1572,560,383,943,32,975
臺北市,士林區,承德里,181,1668,408,508,916,46,962
臺北市,士林區,承德里,182,1685,440,487,927,53,980
臺北市,士林區,承德里,183,1568,338,512,850,44,894
臺北市,士林區,福華里,184,1327,306,395,701,37,738
臺北市,士林區,福華里,185,1338,358,357,715,45,760
臺北市,士林區,福華里,186,1515,369,403,772,38,810
臺北市,士林區,福華里,187,1452,426,417,843,42,885
臺北市,士林區,明勝里,188,1448,382,441,823,28,851
臺北市,士林區,明勝里,189,1521,436,474,910,29,939
臺北市,士林區,明勝里,190,1461,428,400,828,38,866
臺北市,士林區,福順里,191,1541,442,371,813,37,850
臺北市,士林區,福順里,192,1611,411,324,735,29,764
臺北市,士林區,福順里,193,1595,477,405,882,35,917
臺北市,士林區,富光里,194,1685,445,409,854,41,895
臺北市,士林區,富光里,195,1816,466,475,941,47,988
臺北市,士林區,富光里,196,1687,463,449,912,51,963
臺北市,士林區,葫蘆里,197,1646,472,420,892,36,928
臺北市,士林區,葫蘆里,198,1643,388,481,869,35,904
臺北市,士林區,葫蘆里,199,1687,366,575,941,41,982
臺北市,士林區,葫蘆里,200,1655,478,471,949,40,989
臺北市,士林區,葫東里,201,1779,500,444,944,18,962
臺北市,士林區,葫東里,202,1855,568,481,1049,50,1099
臺北市,士林區,社子里,203,1350,393,365,758,39,797
臺北市,士林區,社子里,204,1455,278,479,757,25,782
臺北市,士林區,社子里,205,1497,397,271,668,57,725
臺北市,士林區,社子里,206,1398,341,301,642,31,673
臺北市,士林區,社新里,207,1747,536,471,1007,40,1047
臺北市,士林區,社新里,208,1465,434,351,785,45,830
臺北市,士林區,社新里,209,1530,463,344,807,36,843
臺北市,士林區,社新里,210,1855,487,441,928,52,980
臺北市,士林區,社新里,211,1444,437,363,800,37,837
臺北市,士林區,社園里,212,1563,438,355,793,48,841
臺北市,士林區,社園里,213,1482,454,370,824,40,864
臺北市,士林區,社園里,214,1552,504,334,838,45,883
臺北市,士林區,社園里,215,1790,510,467,977,39,1016
臺北市,士林區,永倫里,216,1628,418,391,809,56,865
臺北市,士林區,永倫里,217,1337,378,331,709,39,748
臺北市,士林區,永倫里,218,1750,482,468,950,49,999
臺北市,士林區,永倫里,219,1668,447,406,853,46,899
臺北市,士林區,福安里,220,1403,383,251,634,44,678
臺北市,士林區,福安里,221,1468,416,272,688,20,708
臺北市,士林區,福安里,222,1471,453,294,747,18,765
臺北市,士林區,富洲里,223,1666,592,251,843,43,886
臺北市,士林區,富洲里,224,1587,508,305,813,23,836
臺北市,士林區,富洲里,225,1987,491,423,914,48,962
臺北市,士林區,岩山里,226,1271,200,437,637,24,661
臺北市,士林區,岩山里,227,1728,418,582,1000,49,1049
臺北市,士林區,名山里,228,1630,419,542,961,23,984
臺北市,士林區,名山里,229,1619,400,539,939,29,968
臺北市,士林區,名山里,230,1425,343,469,812,30,842
臺北市,士林區,名山里,231,1623,451,498,949,49,998
臺北市,士林區,聖山里,232,1564,397,498,895,35,930
臺北市,士林區,聖山里,233,1376,400,482,882,31,913
臺北市,士林區,聖山里,234,1517,287,631,918,24,942
臺北市,士林區,芝山里,235,1729,409,485,894,33,927
臺北市,士林區,芝山里,236,1511,379,519,898,35,933
臺北市,士林區,芝山里,237,1811,469,602,1071,26,1097
臺北市,士林區,芝山里,238,1533,407,482,889,29,918
臺北市,士林區,東山里,239,1657,452,589,1041,39,1080
臺北市,士林區,東山里,240,1499,370,484,854,21,875
臺北市,士林區,東山里,241,1402,253,506,759,50,809
臺北市,士林區,德行里,242,1273,397,402,799,33,832
臺北市,士林區,德行里,243,1273,400,371,771,27,798
臺北市,士林區,德行里,244,1316,356,394,750,36,786
臺北市,士林區,德華里,245,1659,474,467,941,30,971
臺北市,士林區,德華里,246,1749,461,511,972,30,1002
臺北市,士林區,德華里,247,1552,425,435,860,34,894
臺北市,士林區,忠誠里,248,1529,318,557,875,41,916
臺北市,士林區,忠誠里,249,1644,263,633,896,33,929
臺北市,士林區,忠誠里,250,1779,395,597,992,28,1020
臺北市,士林區,蘭雅里,251,1597,402,495,897,35,932
臺北市,士林區,蘭雅里,252,1454,377,431,808,39,847
臺北市,士林區,蘭雅里,253,1582,455,494,949,24,973
臺北市,士林區,蘭雅里,254,1518,392,494,886,26,912
臺北市,士林區,蘭雅里,255,1501,354,441,795,18,813
臺北市,士林區,蘭興里,256,1420,365,457,822,38,860
臺北市,士林區,蘭興里,257,1494,407,445,852,26,878
臺北市,士林區,蘭興里,258,1568,447,501,948,44,992
臺北市,士林區,蘭興里,259,1208,369,374,743,30,773
臺北市,士林區,三玉里,260,1826,432,576,1008,41,1049
臺北市,士林區,三玉里,261,1647,428,488,916,43,959
臺北市,士林區,三玉里,262,1654,420,498,918,39,957
臺北市,士林區,天福里,263,1550,401,502,903,30,933
臺北市,士林區,天福里,264,1298,379,419,798,28,826
臺北市,士林區,天福里,265,1297,334,466,800,31,831
臺北市,士林區,天福里,266,1352,344,399,743,26,769
臺北市,士林區,天祿里,267,1522,412,444,856,31,887
臺北市,士林區,天祿里,268,1602,446,432,878,52,930
臺北市,士林區,天祿里,269,1441,436,413,849,28,877
臺北市,士林區,天壽里,270,1325,328,385,713,17,730
臺北市,士林區,天壽里,271,1567,403,475,878,35,913
臺北市,士林區,天壽里,272,1518,375,468,843,25,868
臺北市,士林區,天和里,273,1549,431,483,914,34,948
臺北市,士林區,天和里,274,1652,415,517,932,26,958
臺北市,士林區,天和里,275,1766,472,555,1027,32,1059
臺北市,士林區,天和里,276,1638,383,523,906,23,929
臺北市,士林區,天山里,277,1491,361,516,877,28,905
臺北市,士林區,天山里,278,1521,398,464,862,26,888
臺北市,士林區,天山里,279,1351,314,472,786,38,824
臺北市,士林區,天山里,280,1742,401,513,914,25,939
臺北市,士林區,天玉里,281,1585,414,475,889,35,924
臺北市,士林區,天玉里,282,1521,351,522,873,32,905
臺北市,士林區,天玉里,283,1543,382,475,857,19,876
臺北市,士林區,天玉里,284,1404,342,477,819,24,843
臺北市,士林區,天玉里,285,1541,362,511,873,35,908
臺北市,士林區,天母里,286,1584,316,526,842,38,880
臺北市,士林區,天母里,287,1519,390,484,874,37,911
臺北市,士林區,天母里,288,1482,327,450,777,12,789
臺北市,士林區,天母里,289,1243,324,361,685,28,713
臺北市,士林區,永福里,290,1156,322,312,634,32,666
臺北市,士林區,公館里,291,1262,399,274,673,28,701
臺北市,士林區,新安里,292,889,250,252,502,31,533
臺北市,士林區,新安里,293,858,271,243,514,29,543
臺北市,士林區,陽明里,294,945,286,223,509,27,536
臺北市,士林區,陽明里,295,960,223,274,497,40,537
臺北市,士林區,陽明里,296,876,193,270,463,35,498
臺北市,士林區,菁山里,297,556,169,174,343,25,368
臺北市,士林區,菁山里,298,919,248,289,537,41,578
臺北市,士林區,平等里,299,1360,465,366,831,70,901
臺北市,士林區,溪山里,300,1355,400,384,784,58,842
臺北市,士林區,翠山里,301,1252,259,461,720,24,744
臺北市,士林區,翠山里,302,1182,219,500,719,26,745
臺北市,士林區,臨溪里,303,1431,303,391,694,26,720
臺北市,士林區,臨溪里,304,1240,311,369,680,17,697
臺北市,內湖區,西湖里,305,1661,410,459,869,14,883
臺北市,內湖區,西湖里,306,1602,404,457,861,44,905
臺北市,內湖區,西湖里,307,1655,436,540,976,37,1013
臺北市,內湖區,西湖里,308,1582,426,508,934,37,971
臺北市,內湖區,西康里,309,1688,364,549,913,31,944
臺北市,內湖區,西康里,310,1737,409,559,968,35,1003
臺北市,內湖區,西康里,311,1809,392,644,1036,33,1069
臺北市,內湖區,西康里,312,1376,335,430,765,27,792
臺北市,內湖區,西康里,313,1747,363,654,1017,58,1075
臺北市,內湖區,西安里,314,1389,357,484,841,24,865
臺北市,內湖區,西安里,315,1454,380,500,880,27,907
臺北市,內湖區,西安里,316,1468,414,500,914,37,951
臺北市,內湖區,西安里,317,1603,427,553,980,37,1017
臺北市,內湖區,港墘里,318,1795,420,567,987,36,1023
臺北市,內湖區,港墘里,319,1737,434,614,1048,46,1094
臺北市,內湖區,港墘里,320,1744,457,556,1013,36,1049
臺北市,內湖區,港都里,321,1661,405,539,944,36,980
臺北市,內湖區,港都里,322,1577,402,515,917,28,945
臺北市,內湖區,港都里,323,1494,385,534,919,18,937
臺北市,內湖區,港富里,324,1626,415,510,925,40,965
臺北市,內湖區,港富里,325,1641,364,555,919,58,977
臺北市,內湖區,港富里,326,1554,381,520,901,26,927
臺北市,內湖區,港富里,327,1728,466,558,1024,34,1058
臺北市,內湖區,港富里,328,1736,412,572,984,37,1021
臺北市,內湖區,港華里,329,1461,374,531,905,33,938
臺北市,內湖區,港華里,330,1509,386,493,879,30,909
臺北市,內湖區,港華里,331,1358,333,439,772,16,788
臺北市,內湖區,港華里,332,1761,456,523,979,34,1013
臺北市,內湖區,港華里,333,1651,422,528,950,25,975
臺北市,內湖區,內湖里,334,1809,447,597,1044,45,1089
臺北市,內湖區,內湖里,335,1773,438,571,1009,34,1043
臺北市,內湖區,內湖里,336,1890,421,615,1036,34,1070
臺北市,內湖區,湖濱里,337,1760,445,650,1095,43,1138
臺北市,內湖區,湖濱里,338,1645,345,617,962,22,984
臺北市,內湖區,湖濱里,339,1324,329,486,815,25,840
臺北市,內湖區,湖濱里,340,1072,208,431,639,29,668
臺北市,內湖區,湖濱里,341,1509,310,535,845,14,859
臺北市,內湖區,紫星里,342,1715,468,510,978,33,1011
臺北市,內湖區,紫星里,343,1774,457,568,1025,30,1055
臺北市,內湖區,紫星里,344,1796,457,653,1110,42,1152
臺北市,內湖區,紫星里,345,1784,449,561,1010,30,1040
臺北市,內湖區,大湖里,346,1417,382,462,844,28,872
臺北市,內湖區,大湖里,347,1699,397,560,957,24,981
臺北市,內湖區,大湖里,348,1719,452,606,1058,31,1089
臺北市,內湖區,金龍里,349,1715,419,580,999,24,1023
臺北市,內湖區,金龍里,350,1634,370,479,849,22,871
臺北市,內湖區,金龍里,351,1435,369,411,780,37,817
臺北市,內湖區,金瑞里,352,1440,386,436,822,22,844
臺北市,內湖區,金瑞里,353,1446,353,512,865,26,891
臺北市,內湖區,金瑞里,354,1657,414,460,874,36,910
臺北市,內湖區,金瑞里,355,1261,344,402,746,42,788
臺北市,內湖區,碧山里,356,456,138,85,223,16,239
臺北市,內湖區,碧山里,357,1433,439,479,918,30,948
臺北市,內湖區,碧山里,358,1485,373,493,866,25,891
臺北市,內湖區,碧山里,359,1590,393,497,890,29,919
臺北市,內湖區,碧山里,360,1219,316,434,750,45,795
臺北市,內湖區,紫雲里,361,1732,402,546,948,32,980
臺北市,內湖區,紫雲里,362,1727,330,665,995,25,1020
臺北市,內湖區,紫雲里,363,1637,386,551,937,39,976
臺北市,內湖區,清白里,364,1453,303,500,803,33,836
臺北市,內湖區,清白里,365,1617,354,555,909,17,926
臺北市,內湖區,清白里,366,1604,349,564,913,33,946
臺北市,內湖區,清白里,367,1406,384,507,891,19,910
臺北市,內湖區,清白里,368,1353,403,413,816,25,841
臺北市,內湖區,葫洲里,369,1724,386,640,1026,31,1057
臺北市,內湖區,葫洲里,370,1378,337,477,814,32,846
臺北市,內湖區,葫洲里,371,1403,336,519,855,17,872
臺北市,內湖區,葫洲里,372,1547,327,531,858,28,886
臺北市,內湖區,紫陽里,373,1718,474,555,1029,31,1060
臺北市,內湖區,紫陽里,374,1813,464,549,1013,34,1047
臺北市,內湖區,紫陽里,375,1791,467,627,1094,34,1128
臺北市,內湖區,紫陽里,376,1855,469,625,1094,48,1142
臺北市,內湖區,瑞陽里,377,1731,306,675,981,35,1016
臺北市,內湖區,瑞陽里,378,1593,468,537,1005,28,1033
臺北市,內湖區,瑞陽里,379,1869,116,856,972,48,1020
臺北市,內湖區,瑞陽里,380,1687,365,607,972,45,1017
臺北市,內湖區,瑞光里,381,1530,390,520,910,21,931
臺北市,內湖區,瑞光里,382,1300,309,464,773,35,808
臺北市,內湖區,瑞光里,383,1314,277,535,812,34,846
臺北市,內湖區,五分里,384,1433,324,420,744,21,765
臺北市,內湖區,五分里,385,1450,313,457,770,26,796
臺北市,內湖區,五分里,386,1608,382,512,894,33,927
臺北市,內湖區,五分里,387,1414,370,443,813,28,841
臺北市,內湖區,五分里,388,1492,351,504,855,25,880
臺北市,內湖區,五分里,389,1528,406,400,806,28,834
臺北市,內湖區,東湖里,390,1692,407,536,943,41,984
臺北市,內湖區,東湖里,391,1556,398,483,881,38,919
臺北市,內湖區,東湖里,392,1637,404,491,895,23,918
臺北市,內湖區,東湖里,393,1749,431,523,954,31,985
臺北市,內湖區,樂康里,394,1220,271,391,662,25,687
臺北市,內湖區,樂康里,395,1600,411,484,895,31,926
臺北市,內湖區,樂康里,396,1473,389,430,819,37,856
臺北市,內湖區,樂康里,397,1498,356,470,826,37,863
臺北市,內湖區,樂康里,398,1557,395,484,879,30,909
臺北市,內湖區,內溝里,399,1674,351,522,873,31,904
臺北市,內湖區,內溝里,400,1728,418,610,1028,25,1053
臺北市,內湖區,內溝里,401,788,226,169,395,16,411
臺北市,內湖區,週美里,402,1542,437,396,833,37,870
臺北市,內湖區,週美里,403,1676,392,423,815,36,851
臺北市,內湖區,週美里,404,1360,391,315,706,22,728
臺北市,內湖區,週美里,405,1259,293,474,767,28,795
臺北市,內湖區,週美里,406,1301,248,465,713,12,725
臺北市,內湖區,行善里,407,1251,336,285,621,30,651
臺北市,內湖區,行善里,408,1502,390,445,835,35,870
臺北市,內湖區,行善里,409,1596,352,522,874,29,903
臺北市,內湖區,行善里,410,1649,393,514,907,33,940
臺北市,內湖區,石潭里,411,1774,362,578,940,39,979
臺北市,內湖區,石潭里,412,1746,405,541,946,21,967
臺北市,內湖區,湖興里,413,1473,341,473,814,22,836
臺北市,內湖區,湖興里,414,2824,418,521,939,36,975
臺北市,內湖區,湖興里,415,1849,442,508,950,28,978
臺北市,內湖區,湖興里,416,1530,399,441,840,31,871
臺北市,內湖區,湖元里,417,1656,439,503,942,29,971
臺北市,內湖區,湖元里,418,1457,404,445,849,27,876
臺北市,內湖區,湖元里,419,1695,408,591,999,29,1028
臺北市,內湖區,安湖里,420,1663,403,543,946,35,981
臺北市,內湖區,安湖里,421,1654,394,515,909,40,949
臺北市,內湖區,安湖里,422,1642,404,542,946,45,991
臺北市,內湖區,安湖里,423,1685,427,533,960,31,991
臺北市,內湖區,秀湖里,424,1862,421,589,1010,41,1051
臺北市,內湖區,秀湖里,425,1900,445,669,1114,22,1136
臺北市,內湖區,秀湖里,426,1790,379,732,1111,33,1144
臺北市,內湖區,安泰里,427,1417,351,418,769,48,817
臺北市,內湖區,安泰里,428,1694,388,533,921,50,971
臺北市,內湖區,安泰里,429,1676,353,525,878,44,922
臺北市,內湖區,金湖里,430,1643,389,526,915,22,937
臺北市,內湖區,金湖里,431,1588,323,581,904,36,940
臺北市,內湖區,金湖里,432,1603,380,556,936,31,967
臺北市,內湖區,金湖里,433,1629,345,590,935,20,955
臺北市,內湖區,金湖里,434,1646,358,636,994,30,1024
臺北市,內湖區,康寧里,435,1883,369,638,1007,36,1043
臺北市,內湖區,康寧里,436,1434,340,465,805,27,832
臺北市,內湖區,康寧里,437,1418,316,465,781,24,805
臺北市,內湖區,康寧里,438,1373,329,460,789,40,829
臺北市,內湖區,康寧里,439,1349,308,478,786,36,822
臺北市,內湖區,明湖里,440,1511,381,514,895,40,935
臺北市,內湖區,明湖里,441,1563,405,540,945,28,973
臺北市,內湖區,明湖里,442,1550,362,502,864,32,896
臺北市,內湖區,蘆洲里,443,1157,317,312,629,30,659
臺北市,內湖區,麗山里,444,1768,507,525,1032,36,1068
臺北市,內湖區,麗山里,445,1664,436,520,956,29,985
臺北市,內湖區,麗山里,446,1743,453,539,992,40,1032
臺北市,內湖區,寶湖里,447,1480,336,535,871,19,890
臺北市,內湖區,寶湖里,448,1589,402,546,948,34,982
臺北市,內湖區,寶湖里,449,1371,325,462,787,14,801
臺北市,內湖區,寶湖里,450,1575,499,560,1059,25,1084
臺北市,內湖區,寶湖里,451,1377,312,489,801,16,817
臺北市,內湖區,南湖里,452,1469,342,584,926,48,974
臺北市,內湖區,南湖里,453,1529,357,589,946,26,972
臺北市,內湖區,南湖里,454,1649,379,588,967,39,1006
臺北市,南港區,南港里,455,1280,352,340,692,15,707
臺北市,南港區,南港里,456,1351,349,424,773,21,794
臺北市,南港區,南港里,457,1345,330,449,779,34,813
臺北市,南港區,南港里,458,1679,343,392,735,31,766
臺北市,南港區,中南里,459,1680,417,460,877,31,908
臺北市,南港區,中南里,460,1635,379,445,824,37,861
臺北市,南港區,三重里,461,1459,410,387,797,29,826
臺北市,南港區,三重里,462,1706,402,571,973,28,1001
臺北市,南港區,三重里,463,1674,355,496,851,43,894
臺北市,南港區,三重里,464,1491,296,522,818,18,836
臺北市,南港區,新富里,465,1086,318,364,682,24,706
臺北市,南港區,新富里,466,1202,371,370,741,41,782
臺北市,南港區,新富里,467,1198,354,347,701,27,728
臺北市,南港區,中研里,468,1430,366,411,777,20,797
臺北市,南港區,中研里,469,1275,353,400,753,38,791
臺北市,南港區,中研里,470,1344,408,427,835,38,873
臺北市,南港區,中研里,471,1391,338,480,818,27,845
臺北市,南港區,中研里,472,1342,327,479,806,20,826
臺北市,南港區,中研里,473,1389,346,387,733,35,768
臺北市,南港區,九如里,474,1426,391,442,833,34,867
臺北市,南港區,九如里,475,1359,223,571,794,15,809
臺北市,南港區,九如里,476,1366,365,389,754,38,792
臺北市,南港區,九如里,477,1441,314,532,846,21,867
臺北市,南港區,舊莊里,478,1529,342,455,797,41,838
臺北市,南港區,舊莊里,479,1618,408,427,835,39,874
臺北市,南港區,舊莊里,480,1545,356,379,735,34,769
臺北市,南港區,舊莊里,481,1569,355,505,860,42,902
臺北市,南港區,舊莊里,482,1661,374,457,831,30,861
臺北市,南港區,東新里,483,1518,329,437,766,41,807
臺北市,南港區,東新里,484,1552,420,498,918,34,952
臺北市,南港區,東新里,485,1658,379,495,874,28,902
臺北市,南港區,東新里,486,1608,415,496,911,36,947
臺北市,南港區,重陽里,487,1475,348,453,801,30,831
臺北市,南港區,重陽里,488,1722,437,583,1020,44,1064
臺北市,南港區,重陽里,489,1383,357,525,882,33,915
臺北市,南港區,東明里,490,1397,350,439,789,35,824
臺北市,南港區,東明里,491,1352,333,467,800,33,833
臺北市,南港區,東明里,492,1344,332,455,787,28,815
臺北市,南港區,西新里,493,1385,370,376,746,25,771
臺北市,南港區,西新里,494,1399,393,404,797,22,819
臺北市,南港區,西新里,495,1381,388,365,753,29,782
臺北市,南港區,玉成里,496,1548,395,426,821,42,863
臺北市,南港區,玉成里,497,1190,320,332,652,24,676
臺北市,南港區,玉成里,498,1490,432,437,869,25,894
臺北市,南港區,合成里,499,1096,312,367,679,22,701
臺北市,南港區,合成里,500,1238,337,413,750,26,776
臺北市,南港區,合成里,501,1271,316,462,778,26,804
臺北市,南港區,合成里,502,1146,296,352,648,24,672
臺北市,南港區,合成里,503,1232,334,371,705,21,726
臺北市,南港區,新光里,504,1649,341,484,825,23,848
臺北市,南港區,新光里,505,1688,403,566,969,26,995
臺北市,南港區,聯成里,506,1503,347,540,887,41,928
臺北市,南港區,聯成里,507,1542,390,468,858,21,879
臺北市,南港區,聯成里,508,1463,363,479,842,27,869
臺北市,南港區,萬福里,509,1195,279,423,702,47,749
臺北市,南港區,萬福里,510,1254,369,367,736,18,754
臺北市,南港區,萬福里,511,1356,277,490,767,44,811
臺北市,南港區,鴻福里,512,1363,381,430,811,39,850
臺北市,南港區,鴻福里,513,1317,330,466,796,39,835
臺北市,南港區,鴻福里,514,1331,350,427,777,22,799
臺北市,南港區,百福里,515,1610,380,524,904,41,945
臺北市,南港區,百福里,516,1542,383,476,859,22,881
臺北市,南港區,百福里,517,1581,416,492,908,33,941
臺北市,南港區,成福里,518,1225,306,447,753,26,779
臺北市,南港區,成福里,519,1264,379,387,766,37,803
臺北市,南港區,成福里,520,1649,386,582,968,52,1020
臺北市,南港區,成福里,521,1267,283,479,762,20,782
臺北市,南港區,成福里,522,1336,284,490,774,26,800
臺北市,南港區,仁福里,523,1162,260,436,696,26,722
臺北市,南港區,仁福里,524,1045,258,363,621,16,637
臺北市,南港區,仁福里,525,1351,354,521,875,36,911
臺北市,南港區,仁福里,526,1358,293,473,766,35,801
臺北市,松山區,莊敬里,527,1583,400,527,927,35,962
臺北市,松山區,莊敬里,528,1691,426,508,934,53,987
臺北市,松山區,莊敬里,529,1386,289,470,759,35,794
臺北市,松山區,東榮里,530,1362,348,442,790,38,828
臺北市,松山區,東榮里,531,1399,340,477,817,29,846
臺北市,松山區,東榮里,532,1324,450,434,884,34,918
臺北市,松山區,東榮里,533,1296,359,430,789,39,828
臺北市,松山區,東榮里,534,1386,372,467,839,20,859
臺北市,松山區,三民里,535,1529,403,530,933,38,971
臺北市,松山區,三民里,536,1416,303,497,800,30,830
臺北市,松山區,三民里,537,1619,344,540,884,31,915
臺北市,松山區,三民里,538,1386,365,446,811,32,843
臺北市,松山區,新益里,539,1380,371,507,878,24,902
臺北市,松山區,新益里,540,1357,380,430,810,31,841
臺北市,松山區,新益里,541,1296,340,453,793,29,822
臺北市,松山區,富錦里,542,1632,353,590,943,43,986
臺北市,松山區,富錦里,543,1414,354,450,804,29,833
臺北市,松山區,富錦里,544,1404,364,478,842,23,865
臺北市,松山區,新東里,545,1365,357,457,814,45,859
臺北市,松山區,新東里,546,1431,379,460,839,31,870
臺北市,松山區,新東里,547,1483,388,486,874,36,910
臺北市,松山區,富泰里,548,1293,341,450,791,33,824
臺北市,松山區,富泰里,549,1410,295,498,793,24,817
臺北市,松山區,富泰里,550,1307,283,487,770,30,800
臺北市,松山區,介壽里,551,1242,356,409,765,31,796
臺北市,松山區,介壽里,552,1192,303,435,738,21,759
臺北市,松山區,介壽里,553,1276,329,447,776,35,811
臺北市,松山區,精忠里,554,1201,291,398,689,18,707
臺北市,松山區,精忠里,555,1318,303,473,776,25,801
臺北市,松山區,精忠里,556,1157,299,412,711,17,728
臺北市,松山區,東光里,557,1157,278,388,666,9,675
臺北市,松山區,東光里,558,1357,344,465,809,26,835
臺北市,松山區,東光里,559,1215,292,354,646,32,678
臺北市,松山區,東光里,560,1345,284,479,763,26,789
臺北市,松山區,東光里,561,1237,317,413,730,23,753
臺北市,松山區,龍田里,562,1393,223,618,841,34,875
臺北市,松山區,龍田里,563,1331,386,433,819,43,862
臺北市,松山區,龍田里,564,1550,364,580,944,26,970
臺北市,松山區,龍田里,565,1308,145,573,718,29,747
臺北市,松山區,龍田里,566,1490,187,636,823,42,865
臺北市,松山區,龍田里,567,1406,302,561,863,30,893
臺北市,松山區,東昌里,568,1191,351,400,751,21,772
臺北市,松山區,東昌里,569,1095,292,367,659,17,676
臺北市,松山區,東勢里,570,1198,312,377,689,28,717
臺北市,松山區,東勢里,571,1265,333,389,722,29,751
臺北市,松山區,東勢里,572,1225,327,371,698,26,724
臺北市,松山區,中華里,573,1698,401,612,1013,47,1060
臺北市,松山區,中華里,574,1819,362,648,1010,41,1051
臺北市,松山區,中華里,575,1754,475,558,1033,30,1063
臺北市,松山區,民有里,576,1361,403,432,835,18,853
臺北市,松山區,民有里,577,1189,308,426,734,18,752
臺北市,松山區,民有里,578,1214,316,403,719,30,749
臺北市,松山區,民有里,579,1284,335,413,748,28,776
臺北市,松山區,民有里,580,1297,353,426,779,33,812
臺北市,松山區,民有里,581,1330,363,405,768,21,789
臺北市,松山區,民福里,582,1396,306,511,817,44,861
臺北市,松山區,民福里,583,1480,298,550,848,19,867
臺北市,松山區,民福里,584,1419,337,499,836,31,867
臺北市,松山區,民福里,585,1390,364,450,814,36,850
臺北市,松山區,松基里,586,1525,429,459,888,33,921
臺北市,松山區,松基里,587,1633,432,463,895,32,927
臺北市,松山區,慈祐里,588,2677,427,456,883,24,907
臺北市,松山區,慈祐里,589,1281,368,383,751,32,783
臺北市,松山區,慈祐里,590,1469,352,343,695,29,724
臺北市,松山區,慈祐里,591,1700,436,484,920,50,970
臺北市,松山區,安平里,592,1503,365,458,823,22,845
臺北市,松山區,安平里,593,1309,323,412,735,38,773
臺北市,松山區,安平里,594,1376,338,450,788,52,840
臺北市,松山區,安平里,595,1654,409,532,941,38,979
臺北市,松山區,安平里,596,1601,430,455,885,35,920
臺北市,松山區,鵬程里,597,1496,259,601,860,27,887
臺北市,松山區,鵬程里,598,1598,413,553,966,50,1016
臺北市,松山區,鵬程里,599,1751,415,604,1019,45,1064
臺北市,松山區,自強里,600,1557,258,678,936,38,974
臺北市,松山區,自強里,601,1686,317,760,1077,42,1119
臺北市,松山區,自強里,602,1707,193,810,1003,50,1053
臺北市,松山區,自強里,603,1854,365,795,1160,36,1196
臺北市,松山區,自強里,604,1740,335,610,945,35,980
臺北市,松山區,吉祥里,605,1494,376,471,847,43,890
臺北市,松山區,吉祥里,606,1453,330,518,848,33,881
臺北市,松山區,吉祥里,607,1458,345,506,851,27,878
臺北市,松山區,吉祥里,608,1536,365,498,863,37,900
臺北市,松山區,吉祥里,609,1463,376,492,868,25,893
臺北市,松山區,新聚里,610,1790,416,513,929,22,951
臺北市,松山區,新聚里,611,1679,460,513,973,27,1000
臺北市,松山區,新聚里,612,1785,392,500,892,41,933
臺北市,松山區,新聚里,613,1793,438,506,944,32,976
臺北市,松山區,復盛里,614,1381,313,473,786,40,826
臺北市,松山區,復盛里,615,1279,298,447,745,30,775
臺北市,松山區,復盛里,616,1681,400,572,972,50,1022
臺北市,松山區,復盛里,617,1232,320,438,758,26,784
臺北市,松山區,中正里,618,1533,385,482,867,26,893
臺北市,松山區,中正里,619,1540,427,493,920,38,958
臺北市,松山區,中正里,620,1716,427,527,954,35,989
臺北市,松山區,中正里,621,1664,427,479,906,27,933
臺北市,松山區,中正里,622,1350,330,432,762,19,781
臺北市,松山區,中崙里,623,1837,434,584,1018,35,1053
臺北市,松山區,中崙里,624,1558,356,446,802,54,856
臺北市,松山區,美仁里,625,1420,413,448,861,27,888
臺北市,松山區,美仁里,626,1474,372,462,834,27,861
臺北市,松山區,吉仁里,627,1591,405,476,881,37,918
臺北市,松山區,吉仁里,628,1726,391,594,985,34,1019
臺北市,松山區,敦化里,629,1452,352,468,820,31,851
臺北市,松山區,敦化里,630,1482,380,440,820,32,852
臺北市,松山區,敦化里,631,1460,369,492,861,23,884
臺北市,松山區,敦化里,632,1398,370,424,794,28,822
臺北市,松山區,復源里,633,1423,351,498,849,29,878
臺北市,松山區,復源里,634,1226,302,427,729,23,752
臺北市,松山區,復建里,635,1158,256,415,671,32,703
臺北市,松山區,復建里,636,1426,310,495,805,20,825
臺北市,松山區,復建里,637,1177,256,463,719,21,740
臺北市,松山區,復勢里,638,1363,390,396,786,20,806
臺北市,松山區,復勢里,639,1240,343,397,740,34,774
臺北市,松山區,復勢里,640,1375,356,403,759,39,798
臺北市,松山區,復勢里,641,1377,368,441,809,25,834
臺北市,松山區,福成里,642,1225,293,378,671,20,691
臺北市,松山區,福成里,643,1017,282,344,626,27,653
臺北市,信義區,西村里,644,2476,247,547,794,24,818
臺北市,信義區,西村里,645,1381,257,602,859,21,880
臺北市,信義區,西村里,646,1294,255,525,780,38,818
臺北市,信義區,正和里,647,1351,312,463,775,23,798
臺北市,信義區,正和里,648,1296,289,463,752,29,781
臺北市,信義區,正和里,649,1302,304,487,791,28,819
臺北市,信義區,興隆里,650,1025,223,319,542,51,593
臺北市,信義區,興隆里,651,1421,306,459,765,22,787
臺北市,信義區,中興里,652,1501,329,505,834,26,860
臺北市,信義區,中興里,653,1575,330,484,814,25,839
臺北市,信義區,新仁里,654,1516,296,580,876,21,897
臺北市,信義區,新仁里,655,1382,317,499,816,30,846
臺北市,信義區,興雅里,656,1128,238,385,623,36,659
臺北市,信義區,興雅里,657,1397,346,420,766,37,803
臺北市,信義區,興雅里,658,1161,342,371,713,20,733
臺北市,信義區,興雅里,659,1368,345,444,789,24,813
臺北市,信義區,敦厚里,660,1049,256,369,625,17,642
臺北市,信義區,敦厚里,661,1308,310,443,753,32,785
臺北市,信義區,敦厚里,662,1154,306,389,695,36,731
臺北市,信義區,敦厚里,663,1078,300,352,652,20,672
臺北市,信義區,廣居里,664,1375,321,454,775,35,810
臺北市,信義區,廣居里,665,1448,336,511,847,27,874
臺北市,信義區,廣居里,666,1250,295,464,759,15,774
臺北市,信義區,廣居里,667,1381,360,454,814,16,830
臺北市,信義區,廣居里,668,1213,236,417,653,28,681
臺北市,信義區,安康里,669,1373,390,472,862,22,884
臺北市,信義區,安康里,670,1226,285,428,713,23,736
臺北市,信義區,安康里,671,1117,269,399,668,18,686
臺北市,信義區,安康里,672,1123,254,416,670,43,713
臺北市,信義區,安康里,673,1200,277,423,700,28,728
臺北市,信義區,安康里,674,1335,267,425,692,19,711
臺北市,信義區,安康里,675,1332,273,442,715,23,738
臺北市,信義區,六藝里,676,1648,399,546,945,47,992
臺北市,信義區,六藝里,677,1542,376,481,857,43,900
臺北市,信義區,雅祥里,678,1228,350,341,691,46,737
臺北市,信義區,雅祥里,679,1731,404,569,973,33,1006
臺北市,信義區,雅祥里,680,1403,390,430,820,30,850
臺北市,信義區,五常里,681,1929,439,599,1038,37,1075
臺北市,信義區,五常里,682,1300,355,418,773,29,802
臺北市,信義區,五全里,683,1486,394,403,797,23,820
臺北市,信義區,五全里,684,1532,391,370,761,34,795
臺北市,信義區,五全里,685,1387,399,436,835,37,872
臺北市,信義區,永吉里,686,1195,324,320,644,19,663
臺北市,信義區,永吉里,687,1068,305,286,591,31,622
臺北市,信義區,永吉里,688,1273,367,325,692,28,720
臺北市,信義區,長春里,689,1329,416,400,816,31,847
臺北市,信義區,長春里,690,1311,353,384,737,21,758
臺北市,信義區,長春里,691,1258,320,348,668,36,704
臺北市,信義區,四育里,692,1277,366,365,731,43,774
臺北市,信義區,四育里,693,1285,343,447,790,30,820
臺北市,信義區,四育里,694,1161,351,374,725,26,751
臺北市,信義區,四育里,695,1299,395,348,743,41,784
臺北市,信義區,四維里,696,1243,279,413,692,18,710
臺北市,信義區,四維里,697,1197,290,388,678,22,700
臺北市,信義區,四維里,698,1224,351,408,759,28,787
臺北市,信義區,四維里,699,1147,284,347,631,34,665
臺北市,信義區,永春里,700,1045,281,344,625,24,649
臺北市,信義區,永春里,701,1096,285,377,662,36,698
臺北市,信義區,永春里,702,1115,302,344,646,17,663
臺北市,信義區,永春里,703,1117,292,317,609,41,650
臺北市,信義區,富台里,704,1019,206,311,517,22,539
臺北市,信義區,富台里,705,1346,284,488,772,31,803
臺北市,信義區,富台里,706,1405,286,493,779,27,806
臺北市,信義區,國業里,707,1356,307,470,777,26,803
臺北市,信義區,國業里,708,1250,327,468,795,17,812
臺北市,信義區,國業里,709,1254,285,462,747,28,775
臺北市,信義區,國業里,710,1317,331,432,763,18,781
臺北市,信義區,國業里,711,1271,314,453,767,41,808
臺北市,信義區,松隆里,712,979,244,308,552,19,571
臺北市,信義區,松隆里,713,1025,249,308,557,18,575
臺北市,信義區,松友里,714,1512,329,418,747,28,775
臺北市,信義區,松友里,715,1483,361,511,872,28,900
臺北市,信義區,松友里,716,1359,368,450,818,25,843
臺北市,信義區,松友里,717,1387,339,489,828,27,855
臺北市,信義區,松光里,718,1455,381,422,803,16,819
臺北市,信義區,松光里,719,1461,379,460,839,23,862
臺北市,信義區,松光里,720,1532,408,481,889,31,920
臺北市,信義區,中坡里,721,1043,298,348,646,33,679
臺北市,信義區,中坡里,722,875,277,263,540,19,559
臺北市,信義區,中坡里,723,927,232,289,521,18,539
臺北市,信義區,中坡里,724,1119,290,356,646,45,691
臺北市,信義區,中行里,725,1463,402,430,832,35,867
臺北市,信義區,中行里,726,1293,372,425,797,45,842
臺北市,信義區,中行里,727,1553,379,483,862,29,891
臺北市,信義區,中行里,728,1360,379,399,778,24,802
臺北市,信義區,中行里,729,1392,331,471,802,28,830
臺北市,信義區,大道里,730,1377,362,431,793,21,814
臺北市,信義區,大道里,731,1377,355,461,816,20,836
臺北市,信義區,大道里,732,1269,309,374,683,24,707
臺北市,信義區,大道里,733,1407,350,444,794,56,850
臺北市,信義區,大仁里,734,1172,285,367,652,34,686
臺北市,信義區,大仁里,735,1182,299,391,690,19,709
臺北市,信義區,大仁里,736,1255,320,399,719,41,760
臺北市,信義區,景新里,737,1689,524,371,895,22,917
臺北市,信義區,景新里,738,1605,358,529,887,22,909
臺北市,信義區,景新里,739,1143,181,445,626,24,650
臺北市,信義區,惠安里,740,1440,296,460,756,27,783
臺北市,信義區,惠安里,741,1495,295,533,828,38,866
臺北市,信義區,惠安里,742,1514,345,538,883,41,924
臺北市,信義區,惠安里,743,1449,314,468,782,39,821
臺北市,信義區,三張里,744,1401,369,471,840,23,863
臺北市,信義區,三張里,745,1181,280,365,645,20,665
臺北市,信義區,三張里,746,1376,313,536,849,26,875
臺北市,信義區,三張里,747,1422,316,528,844,31,875
臺北市,信義區,三張里,748,1267,222,501,723,22,745
臺北市,信義區,三張里,749,1220,289,370,659,17,676
臺北市,信義區,三犁里,750,1562,307,504,811,31,842
臺北市,信義區,三犁里,751,1455,320,487,807,24,831
臺北市,信義區,三犁里,752,1605,362,496,858,34,892
臺北市,信義區,六合里,753,1626,334,641,975,26,1001
臺北市,信義區,六合里,754,1561,350,562,912,30,942
臺北市,信義區,六合里,755,1547,308,435,743,26,769
臺北市,信義區,六合里,756,1336,284,473,757,18,775
臺北市,信義區,泰和里,757,1314,307,390,697,35,732
臺北市,信義區,泰和里,758,1297,275,422,697,36,733
臺北市,信義區,泰和里,759,1366,298,429,727,42,769
臺北市,信義區,泰和里,760,1472,343,465,808,31,839
臺北市,信義區,泰和里,761,1450,295,505,800,38,838
臺北市,信義區,景聯里,762,1328,343,408,751,29,780
臺北市,信義區,景聯里,763,1399,331,494,825,30,855
臺北市,信義區,景聯里,764,1373,468,341,809,41,850
臺北市,信義區,景勤里,765,1099,260,356,616,11,627
臺北市,信義區,景勤里,766,1226,317,359,676,30,706
臺北市,信義區,景勤里,767,1267,256,415,671,23,694
臺北市,信義區,雙和里,768,1531,338,538,876,35,911
臺北市,信義區,雙和里,769,1438,330,510,840,41,881
臺北市,信義區,雙和里,770,1657,354,546,900,31,931
臺北市,信義區,雙和里,771,1621,383,552,935,39,974
臺北市,信義區,嘉興里,772,1508,400,511,911,17,928
臺北市,信義區,嘉興里,773,1334,344,453,797,22,819
臺北市,信義區,黎順里,774,1246,250,330,580,27,607
臺北市,信義區,黎順里,775,1196,297,446,743,26,769
臺北市,信義區,黎順里,776,1220,268,460,728,12,740
臺北市,信義區,黎平里,777,1538,325,518,843,27,870
臺北市,信義區,黎平里,778,1565,370,542,912,43,955
臺北市,信義區,黎平里,779,1621,345,496,841,46,887
臺北市,信義區,黎平里,780,1486,314,485,799,50,849
臺北市,信義區,黎忠里,781,1507,348,459,807,26,833
臺北市,信義區,黎忠里,782,1516,361,502,863,42,905
臺北市,信義區,黎忠里,783,1287,327,434,761,41,802
臺北市,信義區,黎安里,784,1050,209,314,523,42,565
臺北市,信義區,黎安里,785,801,155,308,463,27,490
臺北市,中山區,正守里,786,1522,380,470,850,33,883
臺北市,中山區,正守里,787,1332,372,373,745,19,764
臺北市,中山區,正義里,788,1656,368,441,809,31,840
臺北市,中山區,正義里,789,1367,305,355,660,52,712
臺北市,中山區,正義里,790,1732,416,456,872,25,897
臺北市,中山區,正得里,791,1634,417,484,901,38,939
臺北市,中山區,正得里,792,1650,398,471,869,33,902
臺北市,中山區,民安里,793,1392,426,394,820,18,838
臺北市,中山區,民安里,794,1177,372,341,713,18,731
臺北市,中山區,民安里,795,1477,437,425,862,38,900
臺北市,中山區,康樂里,796,1063,267,282,549,32,581
臺北市,中山區,康樂里,797,1296,315,377,692,27,719
臺北市,中山區,中山里,798,1330,333,361,694,25,719
臺北市,中山區,中山里,799,1483,420,361,781,30,811
臺北市,中山區,中山里,800,1542,373,437,810,25,835
臺北市,中山區,中山里,801,1710,442,402,844,35,879
臺北市,中山區,聚盛里,802,1315,303,355,658,25,683
臺北市,中山區,聚盛里,803,1245,320,339,659,37,696
臺北市,中山區,聚盛里,804,1262,288,374,662,23,685
臺北市,中山區,集英里,805,1518,482,387,869,33,902
臺北市,中山區,集英里,806,1522,411,437,848,40,888
臺北市,中山區,集英里,807,1580,407,392,799,39,838
臺北市,中山區,集英里,808,1529,401,443,844,25,869
臺北市,中山區,聚葉里,809,1221,305,362,667,31,698
臺北市,中山區,聚葉里,810,1221,358,347,705,26,731
臺北市,中山區,聚葉里,811,1139,284,287,571,17,588
臺北市,中山區,恆安里,812,1407,394,378,772,40,812
臺北市,中山區,恆安里,813,1321,353,384,737,26,763
臺北市,中山區,恆安里,814,1578,322,425,747,32,779
臺北市,中山區,晴光里,815,1739,385,489,874,36,910
臺北市,中山區,晴光里,816,1637,362,459,821,36,857
臺北市,中山區,晴光里,817,1541,393,413,806,38,844
臺北市,中山區,圓山里,818,1210,343,342,685,34,719
臺北市,中山區,圓山里,819,1331,363,357,720,28,748
臺北市,中山區,圓山里,820,1224,242,390,632,31,663
臺北市,中山區,新庄里,821,1585,392,493,885,35,920
臺北市,中山區,新庄里,822,1523,467,443,910,40,950
臺北市,中山區,新庄里,823,1368,406,407,813,35,848
臺北市,中山區,劍潭里,824,1805,172,820,992,42,1034
臺北市,中山區,劍潭里,825,1404,194,607,801,32,833
臺北市,中山區,大直里,826,1708,462,582,1044,30,1074
臺北市,中山區,大直里,827,1451,353,527,880,39,919
臺北市,中山區,大直里,828,1684,452,548,1000,43,1043
臺北市,中山區,大直里,829,1585,346,562,908,21,929
臺北市,中山區,大直里,830,1391,375,431,806,38,844
臺北市,中山區,成功里,831,1375,399,477,876,43,919
臺北市,中山區,成功里,832,1472,389,486,875,20,895
臺北市,中山區,成功里,833,1327,294,424,718,22,740
臺北市,中山區,成功里,834,1401,292,500,792,28,820
臺北市,中山區,永安里,835,1423,344,464,808,42,850
臺北市,中山區,永安里,836,1569,379,534,913,26,939
臺北市,中山區,永安里,837,1651,393,560,953,24,977
臺北市,中山區,永安里,838,1624,423,479,902,24,926
臺北市,中山區,永安里,839,1713,458,558,1016,43,1059
臺北市,中山區,金泰里,840,1647,403,543,946,42,988
臺北市,中山區,金泰里,841,1762,384,551,935,23,958
臺北市,中山區,金泰里,842,1399,321,513,834,34,868
臺北市,中山區,金泰里,843,1489,407,491,898,34,932
臺北市,中山區,北安里,844,1269,289,479,768,26,794
臺北市,中山區,北安里,845,998,240,368,608,23,631
臺北市,中山區,新喜里,846,1472,426,384,810,33,843
臺北市,中山區,新喜里,847,1517,419,376,795,41,836
臺北市,中山區,新喜里,848,1704,441,527,968,41,1009
臺北市,中山區,新福里,849,1603,508,423,931,38,969
臺北市,中山區,新福里,850,1432,375,376,751,48,799
臺北市,中山區,新福里,851,1500,458,392,850,43,893
臺北市,中山區,松江里,852,1332,412,392,804,34,838
臺北市,中山區,松江里,853,1450,420,450,870,26,896
臺北市,中山區,松江里,854,1434,410,440,850,35,885
臺北市,中山區,松江里,855,1419,363,426,789,26,815
臺北市,中山區,新生里,856,1292,359,352,711,28,739
臺北市,中山區,新生里,857,1526,427,399,826,31,857
臺北市,中山區,新生里,858,1582,400,369,769,28,797
臺北市,中山區,中庄里,859,1588,432,394,826,27,853
臺北市,中山區,中庄里,860,1463,403,415,818,33,851
臺北市,中山區,中庄里,861,1533,403,383,786,38,824
臺北市,中山區,大佳里,862,944,275,248,523,30,553
臺北市,中山區,行政里,863,1745,545,528,1073,31,1104
臺北市,中山區,行政里,864,1679,416,410,826,31,857
臺北市,中山區,行政里,865,3419,352,445,797,45,842
臺北市,中山區,行仁里,866,1387,407,410,817,30,847
臺北市,中山區,行仁里,867,1672,492,467,959,41,1000
臺北市,中山區,行仁里,868,1319,359,373,732,49,781
臺北市,中山區,行仁里,869,1364,387,365,752,29,781
臺北市,中山區,行仁里,870,1461,408,364,772,47,819
臺北市,中山區,行孝里,871,1173,361,319,680,31,711
臺北市,中山區,行孝里,872,1171,301,324,625,33,658
臺北市,中山區,行孝里,873,1310,381,343,724,36,760
臺北市,中山區,下埤里,874,1373,378,489,867,29,896
臺北市,中山區,下埤里,875,1290,358,422,780,26,806
臺北市,中山區,下埤里,876,1346,388,411,799,33,832
臺北市,中山區,下埤里,877,1468,429,446,875,27,902
臺北市,中山區,下埤里,878,1178,336,358,694,21,715
臺北市,中山區,江寧里,879,1654,436,520,956,35,991
臺北市,中山區,江寧里,880,1464,363,468,831,33,864
臺北市,中山區,江寧里,881,1450,417,382,799,26,825
臺北市,中山區,江寧里,882,1534,403,442,845,41,886
臺北市,中山區,江山里,883,1703,482,394,876,29,905
臺北市,中山區,江山里,884,1610,483,447,930,39,969
臺北市,中山區,江山里,885,1653,437,457,894,32,926
臺北市,中山區,江山里,886,1694,494,511,1005,38,1043
臺北市,中山區,中吉里,887,1623,467,431,898,25,923
臺北市,中山區,中吉里,888,1618,503,419,922,32,954
臺北市,中山區,中吉里,889,1583,318,567,885,28,913
臺北市,中山區,中原里,890,1605,483,474,957,29,986
臺北市,中山區,中原里,891,1398,428,440,868,35,903
臺北市,中山區,中原里,892,1526,471,481,952,38,990
臺北市,中山區,興亞里,893,1555,420,461,881,30,911
臺北市,中山區,興亞里,894,1597,403,472,875,28,903
臺北市,中山區,興亞里,895,1587,455,437,892,52,944
臺北市,中山區,中央里,896,1587,397,532,929,31,960
臺北市,中山區,中央里,897,1546,472,443,915,36,951
臺北市,中山區,朱馥里,898,1322,312,423,735,34,769
臺北市,中山區,朱馥里,899,1267,300,416,716,31,747
臺北市,中山區,朱馥里,900,1210,315,365,680,23,703
臺北市,中山區,朱馥里,901,1295,314,411,725,29,754
臺北市,中山區,龍洲里,902,1467,300,533,833,41,874
臺北市,中山區,龍洲里,903,1491,263,667,930,41,971
臺北市,中山區,龍洲里,904,1516,297,641,938,47,985
臺北市,中山區,朱園里,905,1384,370,368,738,26,764
臺北市,中山區,朱園里,906,1138,350,355,705,26,731
臺北市,中山區,朱園里,907,1513,393,413,806,26,832
臺北市,中山區,埤頭里,908,1559,388,502,890,48,938
臺北市,中山區,埤頭里,909,1429,411,453,864,33,897
臺北市,中山區,朱崙里,910,1245,337,401,738,35,773
臺北市,中山區,朱崙里,911,1214,341,396,737,35,772
臺北市,中山區,力行里,912,1394,403,410,813,22,835
臺北市,中山區,力行里,913,1336,347,374,721,16,737
臺北市,中山區,力行里,914,1227,318,358,676,32,708
臺北市,中山區,力行里,915,1382,362,427,789,32,821
臺北市,中山區,復華里,916,1436,336,458,794,36,830
臺北市,中山區,復華里,917,1405,348,375,723,21,744
臺北市,中山區,復華里,918,1259,267,447,714,22,736
臺北市,大同區,玉泉里,919,1261,372,347,719,44,763
臺北市,大同區,玉泉里,920,1352,416,378,794,47,841
臺北市,大同區,建明里,921,1462,409,422,831,26,857
臺北市,大同區,建明里,922,1510,453,381,834,45,879
臺北市,大同區,建功里,923,1496,401,392,793,31,824
臺北市,大同區,建功里,924,1329,359,361,720,37,757
臺北市,大同區,建功里,925,1307,414,313,727,49,776
臺北市,大同區,建泰里,926,1065,352,260,612,22,634
臺北市,大同區,建泰里,927,1085,337,297,634,23,657
臺北市,大同區,建泰里,928,1047,342,293,635,39,674
臺北市,大同區,永樂里,929,1215,336,323,659,19,678
臺北市,大同區,永樂里,930,1117,397,279,676,28,704
臺北市,大同區,永樂里,931,1186,394,322,716,21,737
臺北市,大同區,永樂里,932,1185,401,299,700,38,738
臺北市,大同區,朝陽里,933,1359,430,343,773,24,797
臺北市,大同區,朝陽里,934,1273,347,383,730,17,747
臺北市,大同區,朝陽里,935,1291,439,338,777,32,809
臺北市,大同區,星明里,936,1288,348,350,698,26,724
臺北市,大同區,星明里,937,1245,357,398,755,34,789
臺北市,大同區,星明里,938,1261,371,394,765,30,795
臺北市,大同區,星明里,939,1348,369,378,747,21,768
臺北市,大同區,光能里,940,1676,524,440,964,42,1006
臺北市,大同區,光能里,941,1311,355,420,775,36,811
臺北市,大同區,光能里,942,1316,398,356,754,56,810
臺北市,大同區,大有里,943,1409,404,383,787,46,833
臺北市,大同區,大有里,944,1436,470,385,855,28,883
臺北市,大同區,大有里,945,1408,472,356,828,35,863
臺北市,大同區,延平里,946,1276,361,350,711,30,741
臺北市,大同區,延平里,947,1110,301,351,652,13,665
臺北市,大同區,延平里,948,1324,366,418,784,19,803
臺北市,大同區,雙連里,949,1016,311,266,577,23,600
臺北市,大同區,雙連里,950,1028,301,328,629,28,657
臺北市,大同區,雙連里,951,1158,318,354,672,36,708
臺北市,大同區,雙連里,952,1138,354,323,677,29,706
臺北市,大同區,雙連里,953,1214,326,373,699,31,730
臺北市,大同區,雙連里,954,1090,340,285,625,19,644
臺北市,大同區,雙連里,955,1305,416,383,799,38,837
臺北市,大同區,南芳里,956,1167,310,330,640,20,660
臺北市,大同區,南芳里,957,1148,331,318,649,30,679
臺北市,大同區,南芳里,958,1203,407,318,725,19,744
臺北市,大同區,民權里,959,1441,408,384,792,29,821
臺北市,大同區,民權里,960,1315,401,382,783,38,821
臺北市,大同區,民權里,961,1393,382,399,781,30,811
臺北市,大同區,民權里,962,1278,383,387,770,18,788
臺北市,大同區,景星里,963,1246,402,279,681,22,703
臺北市,大同區,景星里,964,1142,331,301,632,42,674
臺北市,大同區,隆和里,965,1336,431,370,801,34,835
臺北市,大同區,隆和里,966,1363,421,389,810,33,843
臺北市,大同區,蓬萊里,967,1476,426,438,864,25,889
臺北市,大同區,蓬萊里,968,1418,416,407,823,26,849
臺北市,大同區,蓬萊里,969,1460,421,398,819,28,847
臺北市,大同區,國順里,970,1222,342,276,618,28,646
臺北市,大同區,國順里,971,1246,358,262,620,41,661
臺北市,大同區,國慶里,972,1256,380,354,734,36,770
臺北市,大同區,國慶里,973,1289,370,357,727,38,765
臺北市,大同區,國慶里,974,1340,382,366,748,27,775
臺北市,大同區,揚雅里,975,1555,425,384,809,35,844
臺北市,大同區,揚雅里,976,2459,421,382,803,47,850
臺北市,大同區,斯文里,977,1108,296,208,504,45,549
臺北市,大同區,斯文里,978,867,246,216,462,32,494
臺北市,大同區,斯文里,979,1329,452,368,820,38,858
臺北市,大同區,斯文里,980,1162,379,287,666,35,701
臺北市,大同區,鄰江里,981,1434,430,344,774,30,804
臺北市,大同區,鄰江里,982,1351,366,402,768,37,805
臺北市,大同區,鄰江里,983,1531,453,366,819,22,841
臺北市,大同區,鄰江里,984,1507,398,377,775,25,800
臺北市,大同區,至聖里,985,1488,465,358,823,31,854
臺北市,大同區,至聖里,986,1384,419,382,801,54,855
臺北市,大同區,至聖里,987,1460,411,400,811,47,858
臺北市,大同區,至聖里,988,1371,391,431,822,34,856
臺北市,大同區,至聖里,989,1439,433,369,802,24,826
臺北市,大同區,老師里,990,1376,524,284,808,32,840
臺北市,大同區,老師里,991,1366,419,329,748,39,787
臺北市,大同區,老師里,992,1218,403,350,753,38,791
臺北市,大同區,老師里,993,1235,356,333,689,45,734
臺北市,大同區,重慶里,994,1364,338,393,731,26,757
臺北市,大同區,重慶里,995,1408,405,457,862,39,901
臺北市,大同區,重慶里,996,1450,374,444,818,33,851
臺北市,大同區,重慶里,997,1429,383,455,838,57,895
臺北市,大同區,保安里,998,1170,369,320,689,32,721
臺北市,大同區,保安里,999,1245,379,323,702,40,742
臺北市,大同區,保安里,1000,1215,414,340,754,45,799
臺北市,中正區,水源里,1001,1308,329,436,765,28,793
臺北市,中正區,水源里,1002,1317,336,366,702,44,746
臺北市,中正區,富水里,1003,1069,218,417,635,28,663
臺北市,中正區,富水里,1004,1128,251,356,607,31,638
臺北市,中正區,文盛里,1005,1053,277,345,622,33,655
臺北市,中正區,文盛里,1006,1048,271,344,615,10,625
臺北市,中正區,林興里,1007,1297,251,451,702,41,743
臺北市,中正區,林興里,1008,1193,285,417,702,19,721
臺北市,中正區,林興里,1009,1500,381,565,946,28,974
臺北市,中正區,河堤里,1010,1346,293,443,736,30,766
臺北市,中正區,河堤里,1011,1283,302,432,734,12,746
臺北市,中正區,河堤里,1012,1450,345,461,806,27,833
臺北市,中正區,頂東里,1013,1433,335,479,814,33,847
臺北市,中正區,頂東里,1014,1309,393,446,839,27,866
臺北市,中正區,頂東里,1015,1386,345,479,824,18,842
臺北市,中正區,頂東里,1016,1201,315,389,704,27,731
臺北市,中正區,網溪里,1017,1336,312,495,807,24,831
臺北市,中正區,網溪里,1018,1358,368,450,818,31,849
臺北市,中正區,網溪里,1019,1177,407,292,699,28,727
臺北市,中正區,網溪里,1020,1236,319,455,774,27,801
臺北市,中正區,板溪里,1021,1478,368,467,835,38,873
臺北市,中正區,板溪里,1022,1474,337,525,862,26,888
臺北市,中正區,螢圃里,1023,1172,262,403,665,29,694
臺北市,中正區,螢圃里,1024,1310,308,433,741,39,780
臺北市,中正區,螢圃里,1025,1263,280,453,733,33,766
臺北市,中正區,螢圃里,1026,1169,302,377,679,26,705
臺北市,中正區,螢雪里,1027,1391,310,480,790,19,809
臺北市,中正區,螢雪里,1028,1201,316,372,688,19,707
臺北市,中正區,螢雪里,1029,1324,321,441,762,27,789
臺北市,中正區,永功里,1030,1216,318,362,680,32,712
臺北市,中正區,永功里,1031,1183,320,345,665,27,692
臺北市,中正區,永功里,1032,1469,403,454,857,41,898
臺北市,中正區,永功里,1033,1411,366,431,797,32,829
臺北市,中正區,永昌里,1034,1398,346,438,784,65,849
臺北市,中正區,永昌里,1035,1479,338,460,798,52,850
臺北市,中正區,永昌里,1036,1620,371,509,880,38,918
臺北市,中正區,龍興里,1037,1041,268,327,595,19,614
臺北市,中正區,龍興里,1038,1056,286,316,602,17,619
臺北市,中正區,龍興里,1039,1063,304,367,671,23,694
臺北市,中正區,忠勤里,1040,1591,290,419,709,38,747
臺北市,中正區,忠勤里,1041,1502,269,406,675,43,718
臺北市,中正區,忠勤里,1042,1331,276,403,679,41,720
臺北市,中正區,忠勤里,1043,1441,356,425,781,43,824
臺北市,中正區,廈安里,1044,1273,328,431,759,32,791
臺北市,中正區,廈安里,1045,1133,312,365,677,29,706
臺北市,中正區,廈安里,1046,1156,285,384,669,33,702
臺北市,中正區,愛國里,1047,1377,254,426,680,39,719
臺北市,中正區,愛國里,1048,1266,241,518,759,34,793
臺北市,中正區,南門里,1049,1111,257,431,688,30,718
臺北市,中正區,南門里,1050,1124,281,378,659,13,672
臺北市,中正區,龍光里,1051,1373,343,478,821,27,848
臺北市,中正區,龍光里,1052,1351,318,503,821,20,841
臺北市,中正區,南福里,1053,1495,349,523,872,22,894
臺北市,中正區,南福里,1054,1436,422,471,893,32,925
臺北市,中正區,南福里,1055,1516,324,530,854,20,874
臺北市,中正區,南福里,1056,1374,316,474,790,24,814
臺北市,中正區,南福里,1057,1522,382,493,875,18,893
臺北市,中正區,南福里,1058,1336,302,379,681,24,705
臺北市,中正區,龍福里,1059,1551,381,510,891,28,919
臺北市,中正區,龍福里,1060,1594,404,526,930,34,964
臺北市,中正區,龍福里,1061,1503,379,487,866,22,888
臺北市,中正區,新營里,1062,1455,339,504,843,20,863
臺北市,中正區,新營里,1063,1439,317,530,847,14,861
臺北市,中正區,新營里,1064,1469,363,488,851,27,878
臺北市,中正區,新營里,1065,1430,311,546,857,26,883
臺北市,中正區,新營里,1066,1444,318,549,867,27,894
臺北市,中正區,建國里,1067,1254,298,427,725,13,738
臺北市,中正區,光復里,1068,932,252,295,547,28,575
臺北市,中正區,光復里,1069,1055,301,318,619,27,646
臺北市,中正區,光復里,1070,1226,299,397,696,29,725
臺北市,中正區,黎明里,1071,1390,308,396,704,40,744
臺北市,中正區,黎明里,1072,1336,331,456,787,25,812
臺北市,中正區,梅花里,1073,1419,320,421,741,25,766
臺北市,中正區,梅花里,1074,1361,422,406,828,30,858
臺北市,中正區,幸福里,1075,2520,351,528,879,33,912
臺北市,中正區,幸福里,1076,1224,279,436,715,17,732
臺北市,中正區,幸福里,1077,1272,331,345,676,5,681
臺北市,中正區,幸市里,1078,1400,401,399,800,21,821
臺北市,中正區,幸市里,1079,1319,319,419,738,15,753
臺北市,中正區,幸市里,1080,1232,312,434,746,30,776
臺北市,中正區,東門里,1081,1265,318,486,804,13,817
臺北市,中正區,東門里,1082,1055,260,389,649,20,669
臺北市,中正區,東門里,1083,954,223,336,559,12,571
臺北市,中正區,文北里,1084,1018,234,373,607,26,633
臺北市,中正區,文北里,1085,1431,359,436,795,31,826
臺北市,中正區,文北里,1086,1271,313,348,661,23,684
臺北市,中正區,文北里,1087,983,271,321,592,26,618
臺北市,中正區,文祥里,1088,1594,381,523,904,19,923
臺北市,中正區,文祥里,1089,1565,396,529,925,24,949
臺北市,中正區,文祥里,1090,1650,384,549,933,28,961
臺北市,中正區,文祥里,1091,1600,382,497,879,25,904
臺北市,中正區,三愛里,1092,1391,360,434,794,20,814
臺北市,中正區,三愛里,1093,1769,414,563,977,25,1002
臺北市,中正區,三愛里,1094,1487,408,442,850,38,888
臺北市,中正區,三愛里,1095,1291,317,445,762,23,785
臺北市,中正區,三愛里,1096,1289,332,424,756,32,788
臺北市,萬華區,福星里,1097,1305,327,426,753,37,790
臺北市,萬華區,福星里,1098,1183,245,314,559,45,604
臺北市,萬華區,福星里,1099,1176,293,349,642,25,667
臺北市,萬華區,福星里,1100,1169,290,326,616,20,636
臺北市,萬華區,萬壽里,1101,1457,365,370,735,19,754
臺北市,萬華區,萬壽里,1102,1563,307,374,681,69,750
臺北市,萬華區,西門里,1103,1771,346,467,813,22,835
臺北市,萬華區,西門里,1104,1615,388,417,805,38,843
臺北市,萬華區,新起里,1105,1478,434,367,801,35,836
臺北市,萬華區,新起里,1106,1462,337,455,792,24,816
臺北市,萬華區,新起里,1107,1507,309,395,704,34,738
臺北市,萬華區,新起里,1108,1347,355,414,769,35,804
臺北市,萬華區,菜園里,1109,1367,292,404,696,35,731
臺北市,萬華區,菜園里,1110,1277,406,360,766,26,792
臺北市,萬華區,菜園里,1111,1395,468,368,836,28,864
臺北市,萬華區,菜園里,1112,1450,411,359,770,29,799
臺北市,萬華區,青山里,1113,1340,364,311,675,26,701
臺北市,萬華區,青山里,1114,1242,330,318,648,28,676
臺北市,萬華區,青山里,1115,1286,362,315,677,35,712
臺北市,萬華區,青山里,1116,1324,402,298,700,32,732
臺北市,萬華區,富民里,1117,1619,432,389,821,41,862
臺北市,萬華區,富民里,1118,1352,351,303,654,29,683
臺北市,萬華區,富民里,1119,1440,408,358,766,39,805
臺北市,萬華區,福音里,1120,1194,336,355,691,33,724
臺北市,萬華區,福音里,1121,1083,325,334,659,37,696
臺北市,萬華區,福音里,1122,1237,358,296,654,37,691
臺北市,萬華區,仁德里,1123,1625,428,428,856,35,891
臺北市,萬華區,仁德里,1124,1324,361,408,769,36,805
臺北市,萬華區,仁德里,1125,1352,384,399,783,25,808
臺北市,萬華區,富福里,1126,2630,377,338,715,36,751
臺北市,萬華區,富福里,1127,1504,432,455,887,31,918
臺北市,萬華區,富福里,1128,1425,399,379,778,34,812
臺北市,萬華區,柳鄉里,1129,1591,451,353,804,50,854
臺北市,萬華區,柳鄉里,1130,1474,425,344,769,48,817
臺北市,萬華區,柳鄉里,1131,1612,416,390,806,50,856
臺北市,萬華區,華江里,1132,1447,377,402,779,40,819
臺北市,萬華區,華江里,1133,1491,403,441,844,28,872
臺北市,萬華區,華江里,1134,1500,436,419,855,32,887
臺北市,萬華區,華江里,1135,1582,426,469,895,44,939
臺北市,萬華區,華江里,1136,1623,372,448,820,38,858
臺北市,萬華區,糖?里,1137,1228,345,309,654,26,680
臺北市,萬華區,糖?里,1138,1268,340,351,691,40,731
臺北市,萬華區,糖?里,1139,1207,351,356,707,37,744
臺北市,萬華區,糖?里,1140,1188,354,338,692,23,715
臺北市,萬華區,綠堤里,1141,1474,406,369,775,23,798
臺北市,萬華區,綠堤里,1142,1304,269,353,622,26,648
臺北市,萬華區,綠堤里,1143,1082,255,211,466,20,486
臺北市,萬華區,頂碩里,1144,1052,323,243,566,26,592
臺北市,萬華區,頂碩里,1145,1135,340,288,628,17,645
臺北市,萬華區,頂碩里,1146,1225,355,307,662,41,703
臺北市,萬華區,頂碩里,1147,1583,394,407,801,38,839
臺北市,萬華區,頂碩里,1148,1403,409,350,759,33,792
臺北市,萬華區,雙園里,1149,1406,404,380,784,37,821
臺北市,萬華區,雙園里,1150,1401,380,412,792,30,822
臺北市,萬華區,雙園里,1151,1188,344,347,691,29,720
臺北市,萬華區,和平里,1152,1597,512,321,833,50,883
臺北市,萬華區,和平里,1153,1290,407,350,757,42,799
臺北市,萬華區,和平里,1154,1746,447,430,877,26,903
臺北市,萬華區,和平里,1155,1595,371,368,739,36,775
臺北市,萬華區,和德里,1156,1701,475,422,897,54,951
臺北市,萬華區,和德里,1157,1339,269,347,616,51,667
臺北市,萬華區,和德里,1158,1484,348,351,699,55,754
臺北市,萬華區,和德里,1159,1604,406,454,860,52,912
臺北市,萬華區,全德里,1160,1197,360,325,685,35,720
臺北市,萬華區,全德里,1161,1347,383,310,693,51,744
臺北市,萬華區,全德里,1162,1223,322,430,752,34,786
臺北市,萬華區,日善里,1163,1036,330,298,628,23,651
臺北市,萬華區,日善里,1164,1035,337,294,631,34,665
臺北市,萬華區,日善里,1165,1141,303,374,677,33,710
臺北市,萬華區,忠德里,1166,1271,354,391,745,26,771
臺北市,萬華區,忠德里,1167,1328,386,385,771,53,824
臺北市,萬華區,忠德里,1168,1286,384,358,742,23,765
臺北市,萬華區,錦德里,1169,1679,491,442,933,59,992
臺北市,萬華區,錦德里,1170,1619,449,423,872,48,920
臺北市,萬華區,錦德里,1171,1625,420,381,801,29,830
臺北市,萬華區,孝德里,1172,1623,491,448,939,32,971
臺北市,萬華區,孝德里,1173,1280,352,336,688,32,720
臺北市,萬華區,壽德里,1174,1608,409,452,861,48,909
臺北市,萬華區,壽德里,1175,1453,388,416,804,51,855
臺北市,萬華區,壽德里,1176,1472,409,476,885,38,923
臺北市,萬華區,銘德里,1177,1373,415,359,774,31,805
臺北市,萬華區,銘德里,1178,1394,337,399,736,52,788
臺北市,萬華區,銘德里,1179,1427,362,400,762,21,783
臺北市,萬華區,保德里,1180,1342,391,396,787,46,833
臺北市,萬華區,保德里,1181,1569,423,478,901,39,940
臺北市,萬華區,榮德里,1182,1514,389,364,753,31,784
臺北市,萬華區,榮德里,1183,1720,422,421,843,26,869
臺北市,萬華區,華中里,1184,1461,456,413,869,51,920
臺北市,萬華區,華中里,1185,1264,356,339,695,25,720
臺北市,萬華區,華中里,1186,1334,404,392,796,37,833
臺北市,萬華區,華中里,1187,1446,412,419,831,25,856
臺北市,萬華區,興德里,1188,1307,321,363,684,35,719
臺北市,萬華區,興德里,1189,1420,366,418,784,52,836
臺北市,萬華區,興德里,1190,1427,394,350,744,26,770
臺北市,萬華區,日祥里,1191,956,213,305,518,25,543
臺北市,萬華區,日祥里,1192,1352,299,439,738,53,791
臺北市,萬華區,日祥里,1193,1370,313,447,760,29,789
臺北市,萬華區,日祥里,1194,1222,202,502,704,29,733
臺北市,萬華區,忠貞里,1195,1375,240,513,753,47,800
臺北市,萬華區,忠貞里,1196,1463,261,557,818,43,861
臺北市,萬華區,忠貞里,1197,1527,348,435,783,37,820
臺北市,萬華區,新忠里,1198,1485,279,493,772,43,815
臺北市,萬華區,新忠里,1199,1591,226,720,946,31,977
臺北市,萬華區,新和里,1200,1394,250,626,876,34,910
臺北市,萬華區,新和里,1201,1522,277,580,857,32,889
臺北市,萬華區,新和里,1202,1661,268,704,972,36,1008
臺北市,萬華區,新和里,1203,1561,306,617,923,36,959
臺北市,萬華區,新和里,1204,1406,299,564,863,42,905
臺北市,萬華區,新安里,1205,1498,321,377,698,27,725
臺北市,萬華區,新安里,1206,1478,310,358,668,45,713
臺北市,萬華區,新安里,1207,1170,254,363,617,43,660
臺北市,萬華區,新安里,1208,1376,357,445,802,43,845
臺北市,萬華區,凌霄里,1209,1093,238,372,610,17,627
臺北市,萬華區,凌霄里,1210,1084,285,362,647,42,689
臺北市,萬華區,凌霄里,1211,1119,276,388,664,45,709
臺北市,萬華區,騰雲里,1212,1381,315,514,829,31,860
臺北市,萬華區,騰雲里,1213,1396,321,471,792,28,820
臺北市,大安區,德安里,1214,1184,270,366,636,30,666
臺北市,大安區,德安里,1215,1197,261,377,638,25,663
臺北市,大安區,德安里,1216,1221,264,443,707,12,719
臺北市,大安區,德安里,1217,1246,240,481,721,29,750
臺北市,大安區,仁慈里,1218,1478,378,503,881,29,910
臺北市,大安區,仁慈里,1219,1314,341,393,734,29,763
臺北市,大安區,仁慈里,1220,1594,379,548,927,36,963
臺北市,大安區,和安里,1221,1429,319,498,817,42,859
臺北市,大安區,和安里,1222,1452,316,542,858,33,891
臺北市,大安區,和安里,1223,1551,356,532,888,19,907
臺北市,大安區,和安里,1224,1335,283,500,783,34,817
臺北市,大安區,民炤里,1225,1196,305,358,663,18,681
臺北市,大安區,民炤里,1226,1339,353,381,734,16,750
臺北市,大安區,民炤里,1227,1448,429,420,849,18,867
臺北市,大安區,民炤里,1228,1373,322,460,782,25,807
臺北市,大安區,民炤里,1229,1439,354,457,811,38,849
臺北市,大安區,仁愛里,1230,1174,272,360,632,9,641
臺北市,大安區,仁愛里,1231,1144,283,329,612,9,621
臺北市,大安區,仁愛里,1232,1119,203,389,592,16,608
臺北市,大安區,仁愛里,1233,1024,207,279,486,22,508
臺北市,大安區,義村里,1234,1032,176,432,608,22,630
臺北市,大安區,義村里,1235,1319,185,581,766,26,792
臺北市,大安區,義村里,1236,1369,288,519,807,36,843
臺北市,大安區,義村里,1237,1347,378,402,780,22,802
臺北市,大安區,民輝里,1238,1655,399,444,843,27,870
臺北市,大安區,民輝里,1239,1595,421,371,792,25,817
臺北市,大安區,民輝里,1240,1429,331,447,778,26,804
臺北市,大安區,民輝里,1241,1309,302,399,701,22,723
臺北市,大安區,昌隆里,1242,1508,381,442,823,21,844
臺北市,大安區,昌隆里,1243,1310,327,388,715,29,744
臺北市,大安區,誠安里,1244,1233,299,362,661,13,674
臺北市,大安區,誠安里,1245,1287,285,379,664,29,693
臺北市,大安區,誠安里,1246,1147,284,329,613,18,631
臺北市,大安區,光武里,1247,1260,256,403,659,23,682
臺北市,大安區,光武里,1248,1377,320,427,747,25,772
臺北市,大安區,光武里,1249,1284,305,383,688,32,720
臺北市,大安區,光武里,1250,1314,301,381,682,15,697
臺北市,大安區,光武里,1251,1273,289,383,672,16,688
臺北市,大安區,龍坡里,1252,1146,303,358,661,15,676
臺北市,大安區,龍坡里,1253,1285,327,418,745,28,773
臺北市,大安區,龍坡里,1254,1297,349,424,773,29,802
臺北市,大安區,龍坡里,1255,1101,227,443,670,35,705
臺北市,大安區,龍泉里,1256,1310,257,476,733,31,764
臺北市,大安區,龍泉里,1257,1365,366,447,813,30,843
臺北市,大安區,龍泉里,1258,1372,358,418,776,25,801
臺北市,大安區,古風里,1259,1189,326,399,725,16,741
臺北市,大安區,古風里,1260,1256,321,422,743,32,775
臺北市,大安區,古風里,1261,1151,307,386,693,15,708
臺北市,大安區,古莊里,1262,1501,373,534,907,30,937
臺北市,大安區,古莊里,1263,1520,360,540,900,29,929
臺北市,大安區,古莊里,1264,1529,402,519,921,37,958
臺北市,大安區,古莊里,1265,1579,418,526,944,26,970
臺北市,大安區,龍安里,1266,2619,277,362,639,30,669
臺北市,大安區,龍安里,1267,1290,350,394,744,17,761
臺北市,大安區,龍安里,1268,1307,371,449,820,14,834
臺北市,大安區,龍安里,1269,1489,332,545,877,23,900
臺北市,大安區,錦安里,1270,1097,261,402,663,21,684
臺北市,大安區,錦安里,1271,1328,314,449,763,19,782
臺北市,大安區,錦安里,1272,1189,295,378,673,15,688
臺北市,大安區,錦安里,1273,1270,351,395,746,21,767
臺北市,大安區,福住里,1274,1349,334,427,761,22,783
臺北市,大安區,福住里,1275,1292,297,415,712,23,735
臺北市,大安區,福住里,1276,1314,315,475,790,29,819
臺北市,大安區,福住里,1277,1200,313,392,705,21,726
臺北市,大安區,永康里,1278,1558,363,501,864,43,907
臺北市,大安區,永康里,1279,1561,356,515,871,32,903
臺北市,大安區,光明里,1280,1446,323,519,842,25,867
臺北市,大安區,光明里,1281,1499,378,499,877,27,904
臺北市,大安區,錦泰里,1282,1467,320,523,843,26,869
臺北市,大安區,錦泰里,1283,1511,325,495,820,29,849
臺北市,大安區,錦華里,1284,1600,354,575,929,40,969
臺北市,大安區,錦華里,1285,1573,379,537,916,26,942
臺北市,大安區,錦華里,1286,1467,354,538,892,21,913
臺北市,大安區,龍圖里,1287,1358,284,483,767,35,802
臺北市,大安區,龍圖里,1288,1568,351,525,876,33,909
臺北市,大安區,龍圖里,1289,1411,327,494,821,30,851
臺北市,大安區,龍圖里,1290,1554,338,521,859,22,881
臺北市,大安區,新龍里,1291,1345,297,512,809,27,836
臺北市,大安區,新龍里,1292,1435,271,550,821,23,844
臺北市,大安區,新龍里,1293,1481,270,629,899,29,928
臺北市,大安區,新龍里,1294,1451,275,625,900,22,922
臺北市,大安區,龍陣里,1295,1566,384,523,907,34,941
臺北市,大安區,龍陣里,1296,1525,359,517,876,31,907
臺北市,大安區,龍雲里,1297,1336,301,447,748,31,779
臺北市,大安區,龍雲里,1298,1483,351,515,866,38,904
臺北市,大安區,龍雲里,1299,1396,275,461,736,21,757
臺北市,大安區,龍生里,1300,1406,366,519,885,38,923
臺北市,大安區,龍生里,1301,1434,327,497,824,37,861
臺北市,大安區,龍生里,1302,1288,277,467,744,16,760
臺北市,大安區,龍生里,1303,1407,302,515,817,22,839
臺北市,大安區,住安里,1304,1514,350,470,820,24,844
臺北市,大安區,住安里,1305,1550,278,462,740,40,780
臺北市,大安區,住安里,1306,1490,319,544,863,36,899
臺北市,大安區,義安里,1307,1284,288,416,704,23,727
臺北市,大安區,義安里,1308,1129,254,404,658,23,681
臺北市,大安區,義安里,1309,1193,276,414,690,25,715
臺北市,大安區,義安里,1310,1057,206,373,579,24,603
臺北市,大安區,通化里,1311,1361,367,398,765,29,794
臺北市,大安區,通化里,1312,1412,328,435,763,41,804
臺北市,大安區,通化里,1313,1423,335,326,661,23,684
臺北市,大安區,通化里,1314,1257,339,361,700,38,738
臺北市,大安區,通安里,1315,1133,252,425,677,28,705
臺北市,大安區,通安里,1316,1077,302,311,613,27,640
臺北市,大安區,通安里,1317,1300,332,428,760,26,786
臺北市,大安區,通安里,1318,1319,295,460,755,50,805
臺北市,大安區,臨江里,1319,1265,318,404,722,42,764
臺北市,大安區,臨江里,1320,1265,290,389,679,26,705
臺北市,大安區,臨江里,1321,1103,274,390,664,25,689
臺北市,大安區,法治里,1322,1341,270,521,791,26,817
臺北市,大安區,法治里,1323,1357,289,521,810,15,825
臺北市,大安區,法治里,1324,1260,302,419,721,24,745
臺北市,大安區,全安里,1325,1295,281,478,759,21,780
臺北市,大安區,全安里,1326,1399,306,446,752,19,771
臺北市,大安區,全安里,1327,1150,267,375,642,25,667
臺北市,大安區,群賢里,1328,1351,271,422,693,24,717
臺北市,大安區,群賢里,1329,1341,318,445,763,36,799
臺北市,大安區,群賢里,1330,1129,214,398,612,18,630
臺北市,大安區,群賢里,1331,1328,284,463,747,18,765
臺北市,大安區,群英里,1332,1557,242,715,957,29,986
臺北市,大安區,群英里,1333,1461,283,598,881,36,917
臺北市,大安區,群英里,1334,1589,247,550,797,27,824
臺北市,大安區,群英里,1335,1473,223,581,804,30,834
臺北市,大安區,虎嘯里,1336,1479,509,304,813,33,846
臺北市,大安區,虎嘯里,1337,833,197,310,507,18,525
臺北市,大安區,虎嘯里,1338,999,227,326,553,28,581
臺北市,大安區,臥龍里,1339,1757,400,617,1017,30,1047
臺北市,大安區,龍淵里,1340,1573,343,575,918,27,945
臺北市,大安區,龍淵里,1341,1587,368,577,945,43,988
臺北市,大安區,龍淵里,1342,1496,369,503,872,40,912
臺北市,大安區,龍淵里,1343,1440,353,486,839,29,868
臺北市,大安區,龍淵里,1344,1578,381,541,922,38,960
臺北市,大安區,龍門里,1345,1223,331,383,714,28,742
臺北市,大安區,龍門里,1346,1119,293,364,657,17,674
臺北市,大安區,龍門里,1347,1252,297,458,755,23,778
臺北市,大安區,大學里,1348,1576,388,531,919,28,947
臺北市,大安區,大學里,1349,1425,356,451,807,26,833
臺北市,大安區,大學里,1350,1450,324,450,774,26,800
臺北市,大安區,大學里,1351,1444,307,493,800,24,824
臺北市,大安區,大學里,1352,1337,367,465,832,24,856
臺北市,大安區,芳和里,1353,1417,335,438,773,22,795
臺北市,大安區,芳和里,1354,1250,295,409,704,37,741
臺北市,大安區,芳和里,1355,1176,266,383,649,37,686
臺北市,大安區,芳和里,1356,1257,293,454,747,36,783
臺北市,大安區,黎元里,1357,1257,294,431,725,27,752
臺北市,大安區,黎元里,1358,1148,298,380,678,25,703
臺北市,大安區,黎元里,1359,1418,354,449,803,31,834
臺北市,大安區,黎元里,1360,1028,247,336,583,21,604
臺北市,大安區,黎孝里,1361,1445,388,466,854,24,878
臺北市,大安區,黎孝里,1362,1361,283,489,772,40,812
臺北市,大安區,黎孝里,1363,1343,426,371,797,33,830
臺北市,大安區,黎孝里,1364,1267,319,409,728,35,763
臺北市,大安區,黎孝里,1365,1380,291,444,735,25,760
臺北市,大安區,黎和里,1366,1524,335,503,838,36,874
臺北市,大安區,黎和里,1367,1470,322,532,854,32,886
臺北市,大安區,黎和里,1368,1318,241,441,682,39,721
臺北市,大安區,建安里,1369,1430,319,424,743,30,773
臺北市,大安區,建安里,1370,1386,314,458,772,33,805
臺北市,大安區,建安里,1371,1438,289,471,760,15,775
臺北市,大安區,建倫里,1372,1270,260,400,660,15,675
臺北市,大安區,建倫里,1373,1395,317,440,757,26,783
臺北市,大安區,建倫里,1374,1292,267,450,717,34,751
臺北市,大安區,建倫里,1375,1310,300,411,711,20,731
臺北市,大安區,敦安里,1376,1319,328,407,735,20,755
臺北市,大安區,敦安里,1377,1355,359,431,790,21,811
臺北市,大安區,敦安里,1378,1312,283,412,695,17,712
臺北市,大安區,敦安里,1379,1335,323,431,754,17,771
臺北市,大安區,正聲里,1380,1489,284,488,772,23,795
臺北市,大安區,正聲里,1381,1307,286,470,756,24,780
臺北市,大安區,正聲里,1382,1328,276,417,693,19,712
臺北市,大安區,敦煌里,1383,1277,285,426,711,7,718
臺北市,大安區,敦煌里,1384,1314,301,432,733,30,763
臺北市,大安區,敦煌里,1385,1270,332,418,750,25,775
臺北市,大安區,敦煌里,1386,1308,317,421,738,26,764
臺北市,大安區,華聲里,1387,1138,276,393,669,18,687
臺北市,大安區,華聲里,1388,1333,273,449,722,24,746
臺北市,大安區,華聲里,1389,1176,285,390,675,25,700
臺北市,大安區,車層里,1390,1311,323,386,709,34,743
臺北市,大安區,車層里,1391,1295,277,422,699,29,728
臺北市,大安區,車層里,1392,1421,310,501,811,29,840
臺北市,大安區,車層里,1393,1409,328,441,769,26,795
臺北市,大安區,光信里,1394,1434,307,517,824,22,846
臺北市,大安區,光信里,1395,1449,337,417,754,28,782
臺北市,大安區,光信里,1396,1284,337,407,744,17,761
臺北市,大安區,光信里,1397,1248,276,433,709,17,726
臺北市,大安區,光信里,1398,1119,304,412,716,23,739
臺北市,大安區,學府里,1399,883,175,332,507,29,536
臺北市,大安區,學府里,1400,630,137,206,343,27,370
臺北市,大安區,學府里,1401,814,201,266,467,22,489
臺北市,文山區,景行里,1402,1539,373,470,843,26,869
臺北市,文山區,景行里,1403,1548,345,470,815,30,845
臺北市,文山區,景行里,1404,1493,365,505,870,42,912
臺北市,文山區,景行里,1405,1648,426,536,962,41,1003
臺北市,文山區,景東里,1406,1544,344,515,859,43,902
臺北市,文山區,景東里,1407,1557,431,445,876,33,909
臺北市,文山區,景東里,1408,1514,285,529,814,39,853
臺北市,文山區,景東里,1409,1540,393,557,950,39,989
臺北市,文山區,景美里,1410,1466,353,526,879,34,913
臺北市,文山區,景美里,1411,1444,340,530,870,29,899
臺北市,文山區,景美里,1412,1455,345,494,839,48,887
臺北市,文山區,景慶里,1413,1440,295,478,773,39,812
臺北市,文山區,景慶里,1414,1398,344,485,829,38,867
臺北市,文山區,景慶里,1415,1412,404,462,866,24,890
臺北市,文山區,景慶里,1416,1426,354,442,796,45,841
臺北市,文山區,景仁里,1417,1437,325,488,813,45,858
臺北市,文山區,景仁里,1418,1340,280,489,769,40,809
臺北市,文山區,景仁里,1419,1568,327,569,896,23,919
臺北市,文山區,景華里,1420,1372,282,510,792,20,812
臺北市,文山區,景華里,1421,1046,238,359,597,26,623
臺北市,文山區,景華里,1422,1274,290,445,735,36,771
臺北市,文山區,景華里,1423,1324,302,457,759,26,785
臺北市,文山區,萬有里,1424,1722,404,563,967,29,996
臺北市,文山區,萬有里,1425,1737,368,638,1006,50,1056
臺北市,文山區,萬有里,1426,1370,304,546,850,21,871
臺北市,文山區,萬祥里,1427,1495,348,510,858,30,888
臺北市,文山區,萬祥里,1428,1328,311,468,779,34,813
臺北市,文山區,萬祥里,1429,1138,294,402,696,22,718
臺北市,文山區,萬隆里,1430,1471,323,581,904,28,932
臺北市,文山區,萬隆里,1431,1144,262,432,694,19,713
臺北市,文山區,萬隆里,1432,1176,262,454,716,39,755
臺北市,文山區,萬隆里,1433,1212,312,429,741,37,778
臺北市,文山區,萬隆里,1434,1214,287,453,740,31,771
臺北市,文山區,萬年里,1435,1170,311,337,648,28,676
臺北市,文山區,萬年里,1436,1308,332,441,773,38,811
臺北市,文山區,萬年里,1437,1190,303,400,703,34,737
臺北市,文山區,萬年里,1438,1110,232,407,639,33,672
臺北市,文山區,萬和里,1439,1512,313,567,880,26,906
臺北市,文山區,萬和里,1440,1387,217,598,815,49,864
臺北市,文山區,萬盛里,1441,1355,306,473,779,38,817
臺北市,文山區,萬盛里,1442,1370,330,459,789,43,832
臺北市,文山區,萬盛里,1443,1484,307,544,851,39,890
臺北市,文山區,興豐里,1444,1786,411,601,1012,45,1057
臺北市,文山區,興豐里,1445,1260,228,498,726,45,771
臺北市,文山區,興豐里,1446,1194,301,458,759,28,787
臺北市,文山區,興邦里,1447,1444,316,526,842,35,877
臺北市,文山區,興邦里,1448,1495,281,593,874,34,908
臺北市,文山區,興邦里,1449,1446,240,616,856,34,890
臺北市,文山區,興光里,1450,1450,373,441,814,42,856
臺北市,文山區,興光里,1451,1486,288,594,882,33,915
臺北市,文山區,興家里,1452,1259,272,484,756,23,779
臺北市,文山區,興家里,1453,1317,300,495,795,14,809
臺北市,文山區,興家里,1454,1321,629,468,1097,34,1131
臺北市,文山區,興家里,1455,1475,266,570,836,36,872
臺北市,文山區,興家里,1456,1271,251,466,717,27,744
臺北市,文山區,興得里,1457,1609,385,543,928,42,970
臺北市,文山區,興得里,1458,1501,294,529,823,29,852
臺北市,文山區,興得里,1459,997,198,330,528,25,553
臺北市,文山區,興得里,1460,1052,257,398,655,32,687
臺北市,文山區,興業里,1461,1247,245,489,734,34,768
臺北市,文山區,興業里,1462,1167,338,343,681,43,724
臺北市,文山區,興業里,1463,1280,279,483,762,29,791
臺北市,文山區,興業里,1464,1153,242,448,690,31,721
臺北市,文山區,興安里,1465,1557,320,594,914,41,955
臺北市,文山區,興安里,1466,1444,273,560,833,31,864
臺北市,文山區,興安里,1467,1459,323,589,912,33,945
臺北市,文山區,興安里,1468,1357,289,542,831,29,860
臺北市,文山區,興福里,1469,1194,314,454,768,33,801
臺北市,文山區,興福里,1470,1184,321,408,729,35,764
臺北市,文山區,興福里,1471,1119,286,410,696,26,722
臺北市,文山區,興福里,1472,1350,323,506,829,31,860
臺北市,文山區,興旺里,1473,1502,286,542,828,35,863
臺北市,文山區,興旺里,1474,1511,295,586,881,37,918
臺北市,文山區,興旺里,1475,1481,322,590,912,28,940
臺北市,文山區,興旺里,1476,1477,507,408,915,27,942
臺北市,文山區,興旺里,1477,1294,266,510,776,33,809
臺北市,文山區,興泰里,1478,1040,247,443,690,22,712
臺北市,文山區,興泰里,1479,1323,348,460,808,32,840
臺北市,文山區,興泰里,1480,1153,260,423,683,34,717
臺北市,文山區,興昌里,1481,1525,299,574,873,28,901
臺北市,文山區,興昌里,1482,1412,300,470,770,69,839
臺北市,文山區,興昌里,1483,1473,349,550,899,40,939
臺北市,文山區,興昌里,1484,1486,369,521,890,33,923
臺北市,文山區,試院里,1485,1616,295,674,969,46,1015
臺北市,文山區,試院里,1486,1489,318,593,911,40,951
臺北市,文山區,試院里,1487,1414,295,523,818,32,850
臺北市,文山區,試院里,1488,1494,338,592,930,36,966
臺北市,文山區,華興里,1489,1547,333,586,919,42,961
臺北市,文山區,華興里,1490,1587,368,556,924,47,971
臺北市,文山區,華興里,1491,1515,348,598,946,27,973
臺北市,文山區,華興里,1492,1573,365,584,949,41,990
臺北市,文山區,華興里,1493,1542,402,561,963,32,995
臺北市,文山區,明義里,1494,1465,310,459,769,41,810
臺北市,文山區,明義里,1495,699,156,164,320,27,347
臺北市,文山區,明義里,1496,1372,265,411,676,39,715
臺北市,文山區,明興里,1497,1448,298,415,713,40,753
臺北市,文山區,明興里,1498,1548,332,540,872,44,916
臺北市,文山區,明興里,1499,1501,322,545,867,34,901
臺北市,文山區,明興里,1500,1560,348,582,930,26,956
臺北市,文山區,木柵里,1501,1567,269,631,900,30,930
臺北市,文山區,木柵里,1502,1554,321,566,887,34,921
臺北市,文山區,木柵里,1503,1544,309,566,875,42,917
臺北市,文山區,木柵里,1504,1528,283,616,899,36,935
臺北市,文山區,木柵里,1505,1543,277,654,931,34,965
臺北市,文山區,木新里,1506,2754,401,533,934,32,966
臺北市,文山區,木新里,1507,1709,357,490,847,45,892
臺北市,文山區,木新里,1508,1515,343,481,824,46,870
臺北市,文山區,木新里,1509,1571,306,507,813,40,853
臺北市,文山區,木新里,1510,1578,380,505,885,33,918
臺北市,文山區,順興里,1511,1454,317,469,786,39,825
臺北市,文山區,順興里,1512,1436,311,568,879,46,925
臺北市,文山區,順興里,1513,1402,349,500,849,33,882
臺北市,文山區,順興里,1514,1117,293,377,670,32,702
臺北市,文山區,順興里,1515,1094,215,395,610,42,652
臺北市,文山區,忠順里,1516,1070,208,435,643,45,688
臺北市,文山區,忠順里,1517,1319,281,546,827,27,854
臺北市,文山區,忠順里,1518,1226,255,507,762,34,796
臺北市,文山區,樟林里,1519,1385,279,381,660,37,697
臺北市,文山區,樟林里,1520,1416,310,529,839,40,879
臺北市,文山區,樟林里,1521,1412,324,541,865,41,906
臺北市,文山區,樟林里,1522,1535,342,509,851,43,894
臺北市,文山區,樟林里,1523,1654,344,666,1010,40,1050
臺北市,文山區,樟新里,1524,1156,283,434,717,16,733
臺北市,文山區,樟新里,1525,1231,277,474,751,32,783
臺北市,文山區,樟新里,1526,1218,277,426,703,29,732
臺北市,文山區,樟新里,1527,1176,262,477,739,21,760
臺北市,文山區,樟文里,1528,1392,321,523,844,10,854
臺北市,文山區,樟文里,1529,1323,221,426,647,42,689
臺北市,文山區,樟文里,1530,1297,295,430,725,36,761
臺北市,文山區,樟文里,1531,1296,316,470,786,32,818
臺北市,文山區,樟腳里,1532,1613,354,545,899,48,947
臺北市,文山區,樟腳里,1533,1697,399,600,999,36,1035
臺北市,文山區,樟腳里,1534,1579,327,575,902,47,949
臺北市,文山區,樟樹里,1535,1320,336,476,812,36,848
臺北市,文山區,樟樹里,1536,1438,323,526,849,24,873
臺北市,文山區,樟樹里,1537,1465,323,479,802,19,821
臺北市,文山區,萬芳里,1538,1646,380,574,954,38,992
臺北市,文山區,萬芳里,1539,1286,268,488,756,31,787
臺北市,文山區,萬芳里,1540,1219,253,465,718,35,753
臺北市,文山區,萬芳里,1541,1292,291,489,780,34,814
臺北市,文山區,萬芳里,1542,1489,318,495,813,45,858
臺北市,文山區,萬美里,1543,1611,373,579,952,38,990
臺北市,文山區,萬美里,1544,1549,300,485,785,33,818
臺北市,文山區,萬美里,1545,1678,319,584,903,43,946
臺北市,文山區,萬美里,1546,1660,362,561,923,31,954
臺北市,文山區,博嘉里,1547,1816,367,519,886,33,919
臺北市,文山區,博嘉里,1548,985,231,315,546,23,569
臺北市,文山區,博嘉里,1549,1314,248,544,792,21,813
臺北市,文山區,博嘉里,1550,1018,237,403,640,28,668
臺北市,文山區,萬興里,1551,1578,337,583,920,55,975
臺北市,文山區,萬興里,1552,1457,310,523,833,25,858
臺北市,文山區,萬興里,1553,1326,299,498,797,31,828
臺北市,文山區,萬興里,1554,1393,323,509,832,34,866
臺北市,文山區,萬興里,1555,1377,334,440,774,28,802
臺北市,文山區,政大里,1556,1448,344,500,844,29,873
臺北市,文山區,政大里,1557,1447,319,575,894,26,920
臺北市,文山區,政大里,1558,1739,427,661,1088,47,1135
臺北市,文山區,政大里,1559,1457,315,540,855,27,882
臺北市,文山區,指南里,1560,1288,309,454,763,33,796
臺北市,文山區,指南里,1561,1301,269,407,676,45,721
臺北市,文山區,指南里,1562,865,249,193,442,38,480
臺北市,文山區,老泉里,1563,789,225,201,426,23,449
高雄市,桃源區,梅山里,1,264,40,70,110,0,110
高雄市,桃源區,拉芙蘭里,2,233,52,109,161,11,172
高雄市,桃源區,復興里,3,279,47,137,184,9,193
高雄市,桃源區,勤和里,4,223,30,82,112,5,117
高雄市,桃源區,桃源里,5,783,88,285,373,14,387
高雄市,桃源區,高中里,6,632,90,174,264,7,271
高雄市,桃源區,建山里,7,612,133,257,390,26,416
高雄市,桃源區,寶山里,8,472,68,175,243,17,260
高雄市,那瑪夏區,達卡努瓦里,9,741,120,225,345,15,360
高雄市,那瑪夏區,達卡努瓦里,10,585,121,258,379,43,422
高雄市,那瑪夏區,瑪雅里,11,609,109,322,431,39,470
高雄市,那瑪夏區,南沙魯里,12,489,145,127,272,11,283
高雄市,甲仙區,東安里,13,472,64,114,178,4,182
高雄市,甲仙區,西安里,14,882,178,338,516,42,558
高雄市,甲仙區,和安里,15,668,150,195,345,24,369
高雄市,甲仙區,大田里,16,1581,308,408,716,84,800
高雄市,甲仙區,寶隆里,17,673,150,79,229,7,236
高雄市,甲仙區,關山里,18,607,126,145,271,27,298
高雄市,甲仙區,小林里,19,534,157,111,268,14,282
高雄市,六龜區,新威里,20,760,205,169,374,18,392
高雄市,六龜區,新興里,21,666,134,145,279,29,308
高雄市,六龜區,新寮里,22,704,172,209,381,31,412
高雄市,六龜區,新發里,23,1003,228,249,477,37,514
高雄市,六龜區,荖濃里,24,1382,251,327,578,90,668
高雄市,六龜區,六龜里,25,986,168,188,356,63,419
高雄市,六龜區,義寶里,26,1046,236,274,510,36,546
高雄市,六龜區,興龍里,27,812,198,152,350,34,384
高雄市,六龜區,中興里,28,1431,229,396,625,38,663
高雄市,六龜區,寶來里,29,912,188,260,448,40,488
高雄市,六龜區,文武里,30,1472,242,314,556,35,591
高雄市,六龜區,大津里,31,327,63,69,132,14,146
高雄市,杉林區,杉林里,32,640,164,144,308,21,329
高雄市,杉林區,木梓里,33,696,145,167,312,21,333
高雄市,杉林區,集來里,34,1284,290,208,498,35,533
高雄市,杉林區,新庄里,35,1027,184,245,429,31,460
高雄市,杉林區,新庄里,36,482,107,117,224,23,247
高雄市,杉林區,上平里,37,1627,390,452,842,69,911
高雄市,杉林區,月眉里,38,1630,328,406,734,23,757
高雄市,杉林區,大愛里,39,973,226,176,402,15,417
高雄市,杉林區,大愛里,40,987,147,252,399,17,416
高雄市,杉林區,月美里,41,1261,313,321,634,41,675
高雄市,內門區,溝坪里,42,969,207,213,420,44,464
高雄市,內門區,金竹里,43,652,175,117,292,11,303
高雄市,內門區,永富里,44,961,244,231,475,39,514
高雄市,內門區,永吉里,45,426,89,115,204,8,212
高雄市,內門區,永興里,46,398,72,96,168,16,184
高雄市,內門區,石坑里,47,508,97,128,225,16,241
高雄市,內門區,內門里,48,980,235,308,543,34,577
高雄市,內門區,內豊里,49,1225,249,255,504,39,543
高雄市,內門區,觀亭里,50,1722,470,414,884,80,964
高雄市,內門區,中埔里,51,560,128,132,260,16,276
高雄市,內門區,內東里,52,801,205,156,361,21,382
高雄市,內門區,內南里,53,423,104,101,205,18,223
高雄市,內門區,東埔里,54,497,113,107,220,18,238
高雄市,內門區,三平里,55,677,162,151,313,22,335
高雄市,內門區,木柵里,56,593,127,93,220,12,232
高雄市,內門區,內興里,57,597,184,75,259,30,289
高雄市,內門區,瑞山里,58,343,81,79,160,3,163
高雄市,內門區,光興里,59,670,162,185,347,30,377
高雄市,旗山區,太平里,60,1060,291,319,610,29,639
高雄市,旗山區,太平里,61,1125,257,303,560,35,595
高雄市,旗山區,大德里,62,1100,297,350,647,34,681
高雄市,旗山區,大德里,63,1238,354,393,747,17,764
高雄市,旗山區,湄洲里,64,933,254,293,547,19,566
高雄市,旗山區,湄洲里,65,727,199,194,393,8,401
高雄市,旗山區,圓富里,66,1071,325,266,591,19,610
高雄市,旗山區,圓富里,67,744,189,185,374,23,397
高雄市,旗山區,中正里,68,1100,280,275,555,19,574
高雄市,旗山區,中正里,69,369,72,113,185,9,194
高雄市,旗山區,大林里,70,888,218,181,399,20,419
高雄市,旗山區,大林里,71,510,120,107,227,13,240
高雄市,旗山區,上洲里,72,1042,317,294,611,43,654
高雄市,旗山區,新光里,73,791,215,213,428,21,449
高雄市,旗山區,南勝里,74,939,290,240,530,51,581
高雄市,旗山區,南勝里,75,1218,320,298,618,41,659
高雄市,旗山區,中寮里,76,178,54,37,91,13,104
高雄市,旗山區,東平里,77,946,255,314,569,28,597
高雄市,旗山區,東平里,78,1025,318,246,564,29,593
高雄市,旗山區,東昌里,79,1040,279,329,608,28,636
高雄市,旗山區,竹峰里,80,900,275,288,563,25,588
高雄市,旗山區,竹峰里,81,663,162,190,352,18,370
高雄市,旗山區,瑞吉里,82,954,243,264,507,38,545
高雄市,旗山區,瑞吉里,83,1060,323,259,582,23,605
高雄市,旗山區,永和里,84,1110,335,316,651,31,682
高雄市,旗山區,永和里,85,1062,310,282,592,43,635
高雄市,旗山區,永和里,86,1151,344,320,664,20,684
高雄市,旗山區,三協里,87,266,83,65,148,18,166
高雄市,旗山區,三協里,88,633,172,201,373,20,393
高雄市,旗山區,三協里,89,1307,346,314,660,33,693
高雄市,旗山區,鯤洲里,90,754,268,145,413,18,431
高雄市,旗山區,大山里,91,1296,515,200,715,62,777
高雄市,旗山區,中洲里,92,839,228,175,403,13,416
高雄市,旗山區,南洲里,93,1329,404,349,753,39,792
高雄市,旗山區,廣福里,94,628,150,200,350,22,372
高雄市,美濃區,福安里,95,1175,290,347,637,57,694
高雄市,美濃區,福安里,96,1438,320,394,714,26,740
高雄市,美濃區,合和里,97,989,203,292,495,22,517
高雄市,美濃區,合和里,98,1427,307,471,778,44,822
高雄市,美濃區,祿興里,99,1309,332,384,716,28,744
高雄市,美濃區,祿興里,100,1263,293,427,720,53,773
高雄市,美濃區,中壇里,101,997,239,344,583,29,612
高雄市,美濃區,中壇里,102,1064,236,350,586,32,618
高雄市,美濃區,德興里,103,1498,287,505,792,51,843
高雄市,美濃區,龍山里,104,1119,244,354,598,63,661
高雄市,美濃區,龍山里,105,1031,215,340,555,51,606
高雄市,美濃區,獅山里,106,1437,298,418,716,63,779
高雄市,美濃區,獅山里,107,1071,260,319,579,29,608
高雄市,美濃區,龍肚里,108,687,157,220,377,16,393
高雄市,美濃區,龍肚里,109,775,154,195,349,21,370
高雄市,美濃區,廣德里,110,1353,307,342,649,54,703
高雄市,美濃區,興隆里,111,1191,307,284,591,30,621
高雄市,美濃區,中圳里,112,906,215,232,447,29,476
高雄市,美濃區,中圳里,113,1178,257,397,654,42,696
高雄市,美濃區,東門里,114,1252,265,358,623,20,643
高雄市,美濃區,泰安里,115,1549,302,536,838,52,890
高雄市,美濃區,瀰濃里,116,1088,242,297,539,35,574
高雄市,美濃區,瀰濃里,117,1116,254,352,606,32,638
高雄市,美濃區,清水里,118,977,221,280,501,25,526
高雄市,美濃區,清水里,119,816,222,254,476,41,517
高雄市,美濃區,吉洋里,120,955,197,275,472,19,491
高雄市,美濃區,吉洋里,121,943,229,283,512,42,554
高雄市,美濃區,吉和里,122,1371,300,429,729,32,761
高雄市,美濃區,吉東里,123,919,241,252,493,29,522
高雄市,美濃區,吉東里,124,915,240,304,544,20,564
高雄市,美濃區,廣林里,125,828,200,219,419,50,469
高雄市,美濃區,廣林里,126,674,149,142,291,34,325
高雄市,茂林區,多納里,127,507,102,241,343,13,356
高雄市,茂林區,萬山里,128,382,97,162,259,13,272
高雄市,茂林區,茂林里,129,726,138,335,473,21,494
高雄市,茄萣區,福德里,130,976,287,216,503,13,516
高雄市,茄萣區,萬福里,131,887,263,188,451,37,488
高雄市,茄萣區,白雲里,132,1710,445,455,900,23,923
高雄市,茄萣區,嘉賜里,133,1280,313,274,587,27,614
高雄市,茄萣區,嘉賜里,134,1314,393,373,766,20,786
高雄市,茄萣區,嘉賜里,135,1157,378,350,728,20,748
高雄市,茄萣區,嘉安里,136,1785,470,464,934,65,999
高雄市,茄萣區,嘉樂里,137,838,240,204,444,48,492
高雄市,茄萣區,嘉樂里,138,1249,404,372,776,45,821
高雄市,茄萣區,嘉泰里,139,1116,317,256,573,49,622
高雄市,茄萣區,嘉福里,140,978,244,243,487,33,520
高雄市,茄萣區,和協里,141,1125,289,249,538,22,560
高雄市,茄萣區,嘉定里,142,1139,350,244,594,39,633
高雄市,茄萣區,保定里,143,1363,398,322,720,58,778
高雄市,茄萣區,保定里,144,1598,499,397,896,58,954
高雄市,茄萣區,大定里,145,1111,275,302,577,28,605
高雄市,茄萣區,光定里,146,925,224,192,416,28,444
高雄市,茄萣區,吉定里,147,1148,354,258,612,30,642
高雄市,茄萣區,崎漏里,148,1353,335,337,672,29,701
高雄市,茄萣區,崎漏里,149,1331,354,335,689,48,737
高雄市,茄萣區,崎漏里,150,1829,434,427,861,55,916
高雄市,湖內區,海山里,151,1112,346,240,586,27,613
高雄市,湖內區,劉家里,152,1017,293,265,558,38,596
高雄市,湖內區,太爺里,153,796,245,185,430,27,457
高雄市,湖內區,公?里,154,1079,345,306,651,18,669
高雄市,湖內區,公?里,155,1115,320,321,641,29,670
高雄市,湖內區,葉厝里,156,1311,380,330,710,23,733
高雄市,湖內區,葉厝里,157,1319,363,321,684,24,708
高雄市,湖內區,大湖里,158,1244,378,375,753,44,797
高雄市,湖內區,大湖里,159,1227,346,402,748,40,788
高雄市,湖內區,大湖里,160,1163,314,365,679,38,717
高雄市,湖內區,田尾里,161,981,282,295,577,24,601
高雄市,湖內區,湖內里,162,780,234,184,418,22,440
高雄市,湖內區,湖內里,163,832,224,234,458,30,488
高雄市,湖內區,湖內里,164,1017,316,298,614,26,640
高雄市,湖內區,湖內里,165,1051,315,300,615,11,626
高雄市,湖內區,海埔里,166,941,320,216,536,21,557
高雄市,湖內區,海埔里,167,863,247,214,461,38,499
高雄市,湖內區,文賢里,168,1160,331,274,605,30,635
高雄市,湖內區,中賢里,169,1090,257,223,480,12,492
高雄市,湖內區,中賢里,170,1122,344,273,617,42,659
高雄市,湖內區,逸賢里,171,1123,330,230,560,26,586
高雄市,湖內區,忠興里,172,684,195,191,386,22,408
高雄市,湖內區,湖東里,173,1249,278,335,613,24,637
高雄市,湖內區,湖東里,174,1453,330,364,694,31,725
高雄市,路竹區,竹滬里,175,1026,290,259,549,27,576
高雄市,路竹區,竹滬里,176,1069,324,271,595,43,638
高雄市,路竹區,竹滬里,177,1127,316,327,643,53,696
高雄市,路竹區,頂寮里,178,1179,300,328,628,49,677
高雄市,路竹區,新達里,179,1237,349,299,648,54,702
高雄市,路竹區,後鄉里,180,1096,309,314,623,38,661
高雄市,路竹區,北嶺里,181,1272,399,369,768,39,807
高雄市,路竹區,社西里,182,1182,308,356,664,37,701
高雄市,路竹區,社西里,183,1127,304,320,624,37,661
高雄市,路竹區,甲北里,184,956,261,285,546,33,579
高雄市,路竹區,甲北里,185,1132,297,335,632,43,675
高雄市,路竹區,甲南里,186,1025,275,307,582,78,660
高雄市,路竹區,甲南里,187,1007,255,300,555,20,575
高雄市,路竹區,甲南里,188,1301,335,345,680,53,733
高雄市,路竹區,下坑里,189,885,244,257,501,26,527
高雄市,路竹區,下坑里,190,837,185,217,402,19,421
高雄市,路竹區,下坑里,191,930,279,244,523,42,565
高雄市,路竹區,竹園里,192,781,199,190,389,28,417
高雄市,路竹區,竹園里,193,1023,314,250,564,48,612
高雄市,路竹區,竹東里,194,1763,498,519,1017,57,1074
高雄市,路竹區,竹東里,195,1637,441,464,905,40,945
高雄市,路竹區,竹西里,196,1070,297,309,606,24,630
高雄市,路竹區,竹西里,197,1177,331,364,695,32,727
高雄市,路竹區,文北里,198,1007,280,277,557,44,601
高雄市,路竹區,文北里,199,1026,301,250,551,50,601
高雄市,路竹區,文北里,200,1017,283,295,578,30,608
高雄市,路竹區,文南里,201,1264,356,358,714,32,746
高雄市,路竹區,文南里,202,1089,316,336,652,34,686
高雄市,路竹區,三爺里,203,851,264,225,489,25,514
高雄市,路竹區,鴨寮里,204,1011,323,304,627,21,648
高雄市,路竹區,鴨寮里,205,937,298,293,591,29,620
高雄市,路竹區,社東里,206,820,211,202,413,11,424
高雄市,路竹區,社東里,207,910,283,277,560,18,578
高雄市,路竹區,社中里,208,867,246,212,458,38,496
高雄市,路竹區,竹南里,209,937,280,254,534,33,567
高雄市,路竹區,竹南里,210,900,264,257,521,19,540
高雄市,路竹區,竹南里,211,900,268,257,525,40,565
高雄市,路竹區,社南里,212,918,262,277,539,27,566
高雄市,路竹區,社南里,213,870,252,285,537,32,569
高雄市,路竹區,社南里,214,1150,333,370,703,22,725
高雄市,路竹區,社南里,215,1537,402,543,945,40,985
高雄市,阿蓮區,石安里,216,1299,370,274,644,24,668
高雄市,阿蓮區,中路里,217,1107,349,271,620,31,651
高雄市,阿蓮區,中路里,218,898,293,186,479,17,496
高雄市,阿蓮區,?山里,219,1259,364,293,657,49,706
高雄市,阿蓮區,港後里,220,1579,283,518,801,32,833
高雄市,阿蓮區,港後里,221,564,167,167,334,6,340
高雄市,阿蓮區,崗山里,222,768,226,232,458,41,499
高雄市,阿蓮區,阿蓮里,223,1092,349,267,616,37,653
高雄市,阿蓮區,阿蓮里,224,1099,310,290,600,36,636
高雄市,阿蓮區,阿蓮里,225,1134,286,356,642,23,665
高雄市,阿蓮區,阿蓮里,226,1561,413,394,807,24,831
高雄市,阿蓮區,清蓮里,227,1533,446,378,824,83,907
高雄市,阿蓮區,清蓮里,228,1116,182,380,562,22,584
高雄市,阿蓮區,和蓮里,229,1054,325,259,584,22,606
高雄市,阿蓮區,和蓮里,230,1260,371,294,665,28,693
高雄市,阿蓮區,青旗里,231,1504,359,392,751,56,807
高雄市,阿蓮區,復安里,232,848,247,183,430,15,445
高雄市,阿蓮區,復安里,233,823,194,234,428,22,450
高雄市,阿蓮區,玉庫里,234,1021,340,254,594,11,605
高雄市,阿蓮區,南蓮里,235,1715,429,456,885,48,933
高雄市,阿蓮區,南蓮里,236,1300,332,341,673,31,704
高雄市,田寮區,鹿埔里,237,369,79,86,165,7,172
高雄市,田寮區,南安里,238,656,159,121,280,20,300
高雄市,田寮區,南安里,239,406,99,49,148,6,154
高雄市,田寮區,大同里,240,380,112,72,184,15,199
高雄市,田寮區,田寮里,241,379,116,93,209,7,216
高雄市,田寮區,七星里,242,625,219,115,334,30,364
高雄市,田寮區,崇德里,243,946,250,229,479,21,500
高雄市,田寮區,西德里,244,794,187,177,364,33,397
高雄市,田寮區,三和里,245,382,82,73,155,15,170
高雄市,田寮區,古亭里,246,513,119,65,184,21,205
高雄市,田寮區,新興里,247,601,211,119,330,10,340
高雄市,田寮區,新興里,248,620,205,145,350,29,379
高雄市,永安區,永安里,249,756,237,256,493,18,511
高雄市,永安區,永安里,250,818,249,241,490,33,523
高雄市,永安區,永華里,251,866,274,305,579,22,601
高雄市,永安區,永華里,252,951,283,306,589,33,622
高雄市,永安區,新港里,253,992,304,305,609,32,641
高雄市,永安區,新港里,254,682,197,149,346,14,360
高雄市,永安區,新港里,255,665,192,205,397,20,417
高雄市,永安區,鹽田里,256,371,120,82,202,9,211
高雄市,永安區,保寧里,257,1114,328,362,690,47,737
高雄市,永安區,保寧里,258,1418,376,483,859,29,888
高雄市,永安區,維新里,259,1477,448,467,915,63,978
高雄市,永安區,維新里,260,1891,566,583,1149,46,1195
高雄市,岡山區,岡山里,261,1345,402,469,871,31,902
高雄市,岡山區,岡山里,262,1045,274,223,497,27,524
高雄市,岡山區,岡山里,263,1051,298,328,626,19,645
高雄市,岡山區,岡山里,264,917,294,275,569,16,585
高雄市,岡山區,壽天里,265,934,295,297,592,24,616
高雄市,岡山區,壽天里,266,1097,304,367,671,31,702
高雄市,岡山區,壽天里,267,1208,307,473,780,28,808
高雄市,岡山區,平安里,268,1159,360,374,734,42,776
高雄市,岡山區,維仁里,269,1018,304,310,614,27,641
高雄市,岡山區,大遼里,270,1316,425,305,730,21,751
高雄市,岡山區,程香里,271,1345,327,447,774,29,803
高雄市,岡山區,程香里,272,1295,341,445,786,28,814
高雄市,岡山區,程香里,273,1425,350,460,810,39,849
高雄市,岡山區,後紅里,274,1328,386,366,752,43,795
高雄市,岡山區,後紅里,275,1382,333,513,846,17,863
高雄市,岡山區,後紅里,276,1381,281,561,842,11,853
高雄市,岡山區,碧紅里,277,1282,362,381,743,42,785
高雄市,岡山區,碧紅里,278,1240,321,389,710,17,727
高雄市,岡山區,碧紅里,279,1327,370,405,775,30,805
高雄市,岡山區,竹圍里,280,1736,424,515,939,32,971
高雄市,岡山區,竹圍里,281,1566,437,483,920,36,956
高雄市,岡山區,竹圍里,282,1779,430,491,921,19,940
高雄市,岡山區,竹圍里,283,1593,619,317,936,33,969
高雄市,岡山區,台上里,284,1480,444,457,901,29,930
高雄市,岡山區,台上里,285,1364,347,463,810,20,830
高雄市,岡山區,台上里,286,1410,418,425,843,28,871
高雄市,岡山區,台上里,287,1148,360,394,754,37,791
高雄市,岡山區,為隨里,288,625,238,169,407,19,426
高雄市,岡山區,灣裡里,289,969,267,312,579,24,603
高雄市,岡山區,灣裡里,290,861,268,273,541,15,556
高雄市,岡山區,本洲里,291,823,259,217,476,19,495
高雄市,岡山區,本洲里,292,889,307,257,564,38,602
高雄市,岡山區,前峰里,293,1283,346,402,748,32,780
高雄市,岡山區,前峰里,294,1512,369,465,834,32,866
高雄市,岡山區,壽峰里,295,983,297,335,632,41,673
高雄市,岡山區,壽峰里,296,1262,329,395,724,34,758
高雄市,岡山區,仁壽里,297,1096,331,333,664,28,692
高雄市,岡山區,仁壽里,298,1066,316,311,627,28,655
高雄市,岡山區,仁壽里,299,1188,254,389,643,30,673
高雄市,岡山區,後協里,300,1360,376,465,841,26,867
高雄市,岡山區,後協里,301,1363,391,457,848,27,875
高雄市,岡山區,後協里,302,1352,321,513,834,47,881
高雄市,岡山區,後協里,303,1460,335,505,840,29,869
高雄市,岡山區,協和里,304,1272,328,426,754,33,787
高雄市,岡山區,協和里,305,1080,267,397,664,35,699
高雄市,岡山區,協和里,306,1255,370,380,750,39,789
高雄市,岡山區,協榮里,307,938,258,336,594,35,629
高雄市,岡山區,協榮里,308,1237,313,451,764,34,798
高雄市,岡山區,劉厝里,309,1413,449,362,811,19,830
高雄市,岡山區,白米里,310,765,279,214,493,11,504
高雄市,岡山區,白米里,311,1043,282,391,673,21,694
高雄市,岡山區,石潭里,312,844,250,219,469,28,497
高雄市,岡山區,石潭里,313,993,324,374,698,38,736
高雄市,岡山區,福興里,314,1038,312,317,629,47,676
高雄市,岡山區,嘉興里,315,1070,362,258,620,48,668
高雄市,岡山區,嘉興里,316,1023,376,293,669,38,707
高雄市,岡山區,嘉興里,317,1349,430,373,803,21,824
高雄市,岡山區,嘉峰里,318,1452,346,415,761,46,807
高雄市,岡山區,嘉峰里,319,301,124,80,204,7,211
高雄市,岡山區,潭底里,320,756,288,199,487,35,522
高雄市,岡山區,華崗里,321,733,229,163,392,15,407
高雄市,岡山區,華崗里,322,854,330,221,551,56,607
高雄市,岡山區,三和里,323,866,277,200,477,18,495
高雄市,岡山區,大莊里,324,978,247,289,536,39,575
高雄市,岡山區,忠孝里,325,1336,186,595,781,37,818
高雄市,岡山區,忠孝里,326,1218,150,613,763,9,772
高雄市,岡山區,忠孝里,327,341,114,143,257,4,261
高雄市,岡山區,仁義里,328,955,127,552,679,36,715
高雄市,岡山區,仁義里,329,940,119,520,639,15,654
高雄市,岡山區,信義里,330,851,232,316,548,28,576
高雄市,岡山區,信義里,331,762,182,342,524,11,535
高雄市,岡山區,和平里,332,318,115,121,236,6,242
高雄市,燕巢區,尖山里,333,1152,307,302,609,55,664
高雄市,燕巢區,瓊林里,334,1120,394,272,666,20,686
高雄市,燕巢區,瓊林里,335,974,322,290,612,36,648
高雄市,燕巢區,安招里,336,1019,298,275,573,19,592
高雄市,燕巢區,安招里,337,1058,275,294,569,42,611
高雄市,燕巢區,安招里,338,1017,300,205,505,22,527
高雄市,燕巢區,安招里,339,259,13,28,41,1,42
高雄市,燕巢區,角宿里,340,926,262,318,580,39,619
高雄市,燕巢區,角宿里,341,624,189,141,330,21,351
高雄市,燕巢區,角宿里,342,1102,324,377,701,24,725
高雄市,燕巢區,鳳雄里,343,1072,307,262,569,22,591
高雄市,燕巢區,鳳雄里,344,1361,389,376,765,47,812
高雄市,燕巢區,金山里,345,472,118,152,270,21,291
高雄市,燕巢區,東燕里,346,1197,300,318,618,37,655
高雄市,燕巢區,東燕里,347,1134,334,343,677,61,738
高雄市,燕巢區,南燕里,348,1148,410,237,647,12,659
高雄市,燕巢區,南燕里,349,1207,267,347,614,48,662
高雄市,燕巢區,南燕里,350,1402,365,497,862,46,908
高雄市,燕巢區,西燕里,351,1000,299,277,576,41,617
高雄市,燕巢區,西燕里,352,1110,301,351,652,44,696
高雄市,燕巢區,西燕里,353,1291,326,384,710,41,751
高雄市,燕巢區,橫山里,354,797,278,190,468,29,497
高雄市,燕巢區,橫山里,355,1098,268,277,545,30,575
高雄市,燕巢區,深水里,356,1393,341,375,716,39,755
高雄市,燕巢區,深水里,357,1079,226,276,502,19,521
高雄市,彌陀區,光和里,358,1246,327,386,713,48,761
高雄市,彌陀區,彌靖里,359,885,230,292,522,30,552
高雄市,彌陀區,彌靖里,360,955,276,324,600,51,651
高雄市,彌陀區,彌仁里,361,534,153,142,295,30,325
高雄市,彌陀區,彌壽里,362,738,189,249,438,22,460
高雄市,彌陀區,彌陀里,363,855,251,311,562,28,590
高雄市,彌陀區,彌陀里,364,877,291,260,551,30,581
高雄市,彌陀區,舊港里,365,781,253,208,461,33,494
高雄市,彌陀區,舊港里,366,808,265,236,501,14,515
高雄市,彌陀區,文安里,367,904,234,221,455,26,481
高雄市,彌陀區,文安里,368,825,243,230,473,37,510
高雄市,彌陀區,過港里,369,941,270,243,513,27,540
高雄市,彌陀區,鹽埕里,370,1013,300,280,580,27,607
高雄市,彌陀區,鹽埕里,371,1024,329,291,620,55,675
高雄市,彌陀區,海尾里,372,861,194,249,443,13,456
高雄市,彌陀區,漯底里,373,1163,354,332,686,49,735
高雄市,彌陀區,南寮里,374,1216,327,410,737,64,801
高雄市,彌陀區,南寮里,375,861,321,265,586,43,629
高雄市,梓官區,梓信里,376,1061,354,289,643,39,682
高雄市,梓官區,梓信里,377,1063,322,287,609,31,640
高雄市,梓官區,梓義里,378,969,438,151,589,25,614
高雄市,梓官區,梓義里,379,1078,320,243,563,18,581
高雄市,梓官區,梓和里,380,838,292,214,506,28,534
高雄市,梓官區,梓和里,381,611,216,181,397,19,416
高雄市,梓官區,梓和里,382,782,262,221,483,18,501
高雄市,梓官區,梓平里,383,1451,488,425,913,43,956
高雄市,梓官區,中崙里,384,1144,331,315,646,17,663
高雄市,梓官區,同安里,385,975,263,253,516,19,535
高雄市,梓官區,大舍里,386,1317,421,345,766,34,800
高雄市,梓官區,大舍里,387,1218,317,400,717,50,767
高雄市,梓官區,大舍里,388,1073,313,312,625,29,654
高雄市,梓官區,赤崁里,389,1112,302,291,593,18,611
高雄市,梓官區,赤崁里,390,715,222,173,395,21,416
高雄市,梓官區,赤東里,391,1311,374,312,686,45,731
高雄市,梓官區,赤東里,392,939,306,229,535,28,563
高雄市,梓官區,赤西里,393,824,222,269,491,27,518
高雄市,梓官區,禮蚵里,394,1052,380,272,652,55,707
高雄市,梓官區,禮蚵里,395,1020,298,303,601,53,654
高雄市,梓官區,智蚵里,396,1260,372,336,708,22,730
高雄市,梓官區,智蚵里,397,1595,399,454,853,30,883
高雄市,梓官區,信蚵里,398,829,239,230,469,30,499
高雄市,梓官區,信蚵里,399,1532,370,464,834,19,853
高雄市,梓官區,茄苳里,400,1195,355,387,742,38,780
高雄市,梓官區,茄苳里,401,1143,317,358,675,42,717
高雄市,梓官區,典寶里,402,1186,386,325,711,38,749
高雄市,梓官區,典寶里,403,1732,364,475,839,38,877
高雄市,橋頭區,橋頭里,404,1005,361,295,656,27,683
高雄市,橋頭區,橋頭里,405,1073,356,315,671,28,699
高雄市,橋頭區,橋南里,406,1129,414,323,737,21,758
高雄市,橋頭區,仕隆里,407,1244,424,332,756,47,803
高雄市,橋頭區,仕隆里,408,1091,373,287,660,19,679
高雄市,橋頭區,仕豐里,409,1329,458,415,873,25,898
高雄市,橋頭區,仕豐里,410,1140,379,315,694,30,724
高雄市,橋頭區,芋寮里,411,1220,497,240,737,31,768
高雄市,橋頭區,東林里,412,1047,378,316,694,20,714
高雄市,橋頭區,東林里,413,1315,432,317,749,51,800
高雄市,橋頭區,西林里,414,691,253,155,408,23,431
高雄市,橋頭區,西林里,415,720,314,151,465,24,489
高雄市,橋頭區,白樹里,416,1192,357,350,707,39,746
高雄市,橋頭區,白樹里,417,1318,423,409,832,25,857
高雄市,橋頭區,白樹里,418,761,206,255,461,32,493
高雄市,橋頭區,筆秀里,419,973,317,262,579,25,604
高雄市,橋頭區,筆秀里,420,587,183,167,350,15,365
高雄市,橋頭區,新莊里,421,812,275,233,508,30,538
高雄市,橋頭區,新莊里,422,343,114,106,220,10,230
高雄市,橋頭區,新莊里,423,1266,343,462,805,27,832
高雄市,橋頭區,甲北里,424,1128,370,321,691,57,748
高雄市,橋頭區,甲北里,425,884,243,283,526,46,572
高雄市,橋頭區,甲南里,426,1187,307,349,656,43,699
高雄市,橋頭區,甲南里,427,1259,390,351,741,41,782
高雄市,橋頭區,頂鹽里,428,1361,376,354,730,32,762
高雄市,橋頭區,中崎里,429,671,232,130,362,21,383
高雄市,橋頭區,仕和里,430,1215,501,257,758,30,788
高雄市,橋頭區,仕和里,431,1255,451,327,778,39,817
高雄市,橋頭區,仕和里,432,1219,396,362,758,32,790
高雄市,橋頭區,德松里,433,1372,494,329,823,24,847
高雄市,橋頭區,三德里,434,758,326,161,487,8,495
高雄市,楠梓區,清豐里,435,1309,408,413,821,27,848
高雄市,楠梓區,清豐里,436,1408,417,421,838,23,861
高雄市,楠梓區,清豐里,437,1851,514,559,1073,40,1113
高雄市,楠梓區,清豐里,438,1578,519,441,960,27,987
高雄市,楠梓區,清豐里,439,1715,455,508,963,15,978
高雄市,楠梓區,清豐里,440,1611,417,467,884,15,899
高雄市,楠梓區,清豐里,441,2024,488,581,1069,44,1113
高雄市,楠梓區,清豐里,442,1890,453,525,978,29,1007
高雄市,楠梓區,清豐里,443,1762,359,529,888,30,918
高雄市,楠梓區,清豐里,444,1888,466,551,1017,33,1050
高雄市,楠梓區,清豐里,445,1822,484,511,995,48,1043
高雄市,楠梓區,清豐里,446,1846,444,579,1023,33,1056
高雄市,楠梓區,東寧里,447,1268,358,403,761,44,805
高雄市,楠梓區,東寧里,448,1240,360,444,804,34,838
高雄市,楠梓區,東寧里,449,1432,410,452,862,30,892
高雄市,楠梓區,五常里,450,1490,434,443,877,35,912
高雄市,楠梓區,五常里,451,1464,409,465,874,31,905
高雄市,楠梓區,五常里,452,1435,374,404,778,44,822
高雄市,楠梓區,五常里,453,1602,423,440,863,34,897
高雄市,楠梓區,享平里,454,1500,447,387,834,41,875
高雄市,楠梓區,享平里,455,1591,439,452,891,42,933
高雄市,楠梓區,惠楠里,456,1669,351,283,634,37,671
高雄市,楠梓區,惠楠里,457,1469,388,484,872,38,910
高雄市,楠梓區,中陽里,458,1559,469,384,853,46,899
高雄市,楠梓區,中陽里,459,1638,474,436,910,37,947
高雄市,楠梓區,惠民里,460,1960,561,574,1135,50,1185
高雄市,楠梓區,惠民里,461,1912,532,573,1105,65,1170
高雄市,楠梓區,惠豐里,462,1559,366,507,873,41,914
高雄市,楠梓區,惠豐里,463,1423,320,454,774,34,808
高雄市,楠梓區,惠豐里,464,1696,571,414,985,16,1001
高雄市,楠梓區,錦屏里,465,1493,550,291,841,53,894
高雄市,楠梓區,錦屏里,466,1527,486,400,886,50,936
高雄市,楠梓區,玉屏里,467,1020,395,240,635,29,664
高雄市,楠梓區,玉屏里,468,1197,425,272,697,43,740
高雄市,楠梓區,金田里,469,1528,518,312,830,35,865
高雄市,楠梓區,金田里,470,1918,547,425,972,33,1005
高雄市,楠梓區,稔田里,471,1458,514,338,852,44,896
高雄市,楠梓區,瑞屏里,472,1790,566,510,1076,43,1119
高雄市,楠梓區,瑞屏里,473,1845,529,579,1108,44,1152
高雄市,楠梓區,翠屏里,474,2037,478,723,1201,55,1256
高雄市,楠梓區,翠屏里,475,1964,426,641,1067,45,1112
高雄市,楠梓區,翠屏里,476,2006,445,687,1132,25,1157
高雄市,楠梓區,翠屏里,477,1951,470,605,1075,35,1110
高雄市,楠梓區,翠屏里,478,1951,451,612,1063,51,1114
高雄市,楠梓區,翠屏里,479,2008,410,733,1143,56,1199
高雄市,楠梓區,翠屏里,480,1923,495,642,1137,39,1176
高雄市,楠梓區,翠屏里,481,1921,684,442,1126,28,1154
高雄市,楠梓區,宏南里,482,832,194,368,562,20,582
高雄市,楠梓區,宏毅里,483,1156,323,359,682,18,700
高雄市,楠梓區,宏毅里,484,1125,373,324,697,35,732
高雄市,楠梓區,宏榮里,485,1060,334,342,676,22,698
高雄市,楠梓區,宏榮里,486,1502,328,566,894,38,932
高雄市,楠梓區,廣昌里,487,1404,384,430,814,44,858
高雄市,楠梓區,廣昌里,488,1552,324,460,784,45,829
高雄市,楠梓區,久昌里,489,1460,376,353,729,46,775
高雄市,楠梓區,久昌里,490,1315,299,298,597,34,631
高雄市,楠梓區,大昌里,491,1062,295,341,636,39,675
高雄市,楠梓區,大昌里,492,1078,267,354,621,40,661
高雄市,楠梓區,福昌里,493,914,313,277,590,35,625
高雄市,楠梓區,福昌里,494,1064,340,337,677,41,718
高雄市,楠梓區,盛昌里,495,1705,427,584,1011,50,1061
高雄市,楠梓區,盛昌里,496,1728,426,584,1010,32,1042
高雄市,楠梓區,盛昌里,497,1917,421,690,1111,50,1161
高雄市,楠梓區,泰昌里,498,1439,370,425,795,43,838
高雄市,楠梓區,興昌里,499,1287,404,403,807,30,837
高雄市,楠梓區,興昌里,500,1504,401,525,926,43,969
高雄市,楠梓區,興昌里,501,1405,379,542,921,37,958
高雄市,楠梓區,建昌里,502,1287,362,377,739,51,790
高雄市,楠梓區,建昌里,503,1295,340,444,784,30,814
高雄市,楠梓區,宏昌里,504,1483,391,520,911,32,943
高雄市,楠梓區,宏昌里,505,1649,489,573,1062,43,1105
高雄市,楠梓區,和昌里,506,998,297,319,616,41,657
高雄市,楠梓區,和昌里,507,1025,279,359,638,43,681
高雄市,楠梓區,慶昌里,508,1671,364,704,1068,50,1118
高雄市,楠梓區,慶昌里,509,1453,427,469,896,60,956
高雄市,楠梓區,隆昌里,510,1673,497,488,985,47,1032
高雄市,楠梓區,隆昌里,511,1653,386,555,941,43,984
高雄市,楠梓區,秀昌里,512,1034,290,319,609,34,643
高雄市,楠梓區,秀昌里,513,1127,288,451,739,38,777
高雄市,楠梓區,裕昌里,514,1575,452,435,887,48,935
高雄市,楠梓區,裕昌里,515,1559,383,530,913,45,958
高雄市,楠梓區,裕昌里,516,1378,358,417,775,32,807
高雄市,楠梓區,國昌里,517,1714,457,566,1023,47,1070
高雄市,楠梓區,國昌里,518,1721,459,559,1018,52,1070
高雄市,楠梓區,加昌里,519,1628,393,568,961,36,997
高雄市,楠梓區,加昌里,520,1590,421,598,1019,65,1084
高雄市,楠梓區,加昌里,521,1628,395,554,949,49,998
高雄市,楠梓區,加昌里,522,1739,436,665,1101,35,1136
高雄市,楠梓區,加昌里,523,1642,396,616,1012,47,1059
高雄市,楠梓區,仁昌里,524,1766,370,584,954,48,1002
高雄市,楠梓區,仁昌里,525,1482,307,495,802,62,864
高雄市,楠梓區,仁昌里,526,1749,334,559,893,29,922
高雄市,楠梓區,藍田里,527,1591,438,506,944,24,968
高雄市,楠梓區,藍田里,528,1545,441,536,977,27,1004
高雄市,楠梓區,藍田里,529,1651,430,622,1052,26,1078
高雄市,楠梓區,藍田里,530,1646,440,570,1010,32,1042
高雄市,楠梓區,中興里,531,1496,490,439,929,40,969
高雄市,楠梓區,中和里,532,1403,448,348,796,51,847
高雄市,楠梓區,中和里,533,1624,304,482,786,39,825
高雄市,左營區,進學里,534,2604,380,502,882,39,921
高雄市,左營區,尾西里,535,1037,324,280,604,45,649
高雄市,左營區,頂北里,536,542,201,149,350,14,364
高雄市,左營區,中北里,537,635,238,154,392,15,407
高雄市,左營區,中南里,538,518,178,107,285,18,303
高雄市,左營區,廟東里,539,813,331,168,499,21,520
高雄市,左營區,廟北里,540,889,329,201,530,38,568
高雄市,左營區,尾南里,541,731,246,183,429,42,471
高雄市,左營區,尾北里,542,1592,460,384,844,31,875
高雄市,左營區,尾北里,543,1709,503,522,1025,28,1053
高雄市,左營區,屏山里,544,1588,256,598,854,57,911
高雄市,左營區,祥和里,545,358,54,148,202,8,210
高雄市,左營區,永清里,546,666,120,326,446,10,456
高雄市,左營區,莒光里,547,1748,348,623,971,51,1022
高雄市,左營區,光輝里,548,1196,264,466,730,37,767
高雄市,左營區,光輝里,549,1240,331,435,766,41,807
高雄市,左營區,合群里,550,1402,156,674,830,41,871
高雄市,左營區,合群里,551,1173,110,613,723,27,750
高雄市,左營區,明建里,552,641,122,316,438,23,461
高雄市,左營區,頂西里,553,951,383,190,573,28,601
高雄市,左營區,聖后里,554,732,262,172,434,20,454
高雄市,左營區,聖西里,555,339,117,86,203,8,211
高雄市,左營區,聖南里,556,519,177,136,313,8,321
高雄市,左營區,城南里,557,514,196,124,320,22,342
高雄市,左營區,路東里,558,720,261,185,446,32,478
高雄市,左營區,?北里,559,411,176,75,251,18,269
高雄市,左營區,?南里,560,603,231,151,382,23,405
高雄市,左營區,埤西里,561,904,280,245,525,42,567
高雄市,左營區,埤北里,562,1318,270,424,694,32,726
高雄市,左營區,埤東里,563,966,284,263,547,13,560
高雄市,左營區,海勝里,564,1440,200,592,792,29,821
高雄市,左營區,海勝里,565,1990,268,800,1068,45,1113
高雄市,左營區,海勝里,566,1090,167,480,647,33,680
高雄市,左營區,海勝里,567,1272,169,571,740,58,798
高雄市,左營區,崇實里,568,1558,341,614,955,24,979
高雄市,左營區,崇實里,569,1501,369,582,951,17,968
高雄市,左營區,自助里,570,360,86,159,245,7,252
高雄市,左營區,果貿里,571,1335,114,648,762,28,790
高雄市,左營區,果貿里,572,1359,253,540,793,21,814
高雄市,左營區,果惠里,573,1487,265,615,880,51,931
高雄市,左營區,果峰里,574,1637,220,713,933,50,983
高雄市,左營區,新下里,575,1553,409,551,960,31,991
高雄市,左營區,新下里,576,1564,429,554,983,41,1024
高雄市,左營區,新下里,577,1788,461,679,1140,43,1183
高雄市,左營區,新下里,578,2028,471,733,1204,50,1254
高雄市,左營區,新下里,579,2037,544,661,1205,55,1260
高雄市,左營區,新下里,580,2101,520,772,1292,29,1321
高雄市,左營區,新下里,581,2018,515,731,1246,35,1281
高雄市,左營區,新上里,582,1925,593,601,1194,60,1254
高雄市,左營區,新上里,583,1989,566,591,1157,31,1188
高雄市,左營區,新上里,584,1780,504,489,993,22,1015
高雄市,左營區,新上里,585,1778,497,576,1073,29,1102
高雄市,左營區,新上里,586,1496,374,527,901,27,928
高雄市,左營區,新上里,587,1538,375,576,951,24,975
高雄市,左營區,新上里,588,2058,565,657,1222,49,1271
高雄市,左營區,新上里,589,1992,581,629,1210,25,1235
高雄市,左營區,新上里,590,2058,562,684,1246,43,1289
高雄市,左營區,新上里,591,2090,573,689,1262,28,1290
高雄市,左營區,新上里,592,2157,606,681,1287,24,1311
高雄市,左營區,新上里,593,2096,536,771,1307,23,1330
高雄市,左營區,新上里,594,2101,618,681,1299,47,1346
高雄市,左營區,新中里,595,1649,498,460,958,50,1008
高雄市,左營區,新中里,596,1516,508,366,874,38,912
高雄市,左營區,新中里,597,1678,522,522,1044,44,1088
高雄市,左營區,新光里,598,1898,533,613,1146,43,1189
高雄市,左營區,新光里,599,1837,548,581,1129,35,1164
高雄市,左營區,新光里,600,1922,492,597,1089,25,1114
高雄市,左營區,新光里,601,1785,501,610,1111,36,1147
高雄市,左營區,新光里,602,1886,435,679,1114,19,1133
高雄市,左營區,新光里,603,1895,457,689,1146,40,1186
高雄市,左營區,新光里,604,1831,475,666,1141,31,1172
高雄市,左營區,菜公里,605,2050,688,511,1199,42,1241
高雄市,左營區,菜公里,606,2251,645,834,1479,25,1504
高雄市,左營區,菜公里,607,2126,559,794,1353,22,1375
高雄市,左營區,菜公里,608,1928,483,600,1083,28,1111
高雄市,左營區,菜公里,609,2166,561,703,1264,28,1292
高雄市,左營區,菜公里,610,2031,444,735,1179,41,1220
高雄市,左營區,菜公里,611,1987,478,708,1186,46,1232
高雄市,左營區,菜公里,612,2166,600,772,1372,35,1407
高雄市,左營區,菜公里,613,1856,510,622,1132,34,1166
高雄市,左營區,菜公里,614,2289,692,710,1402,39,1441
高雄市,左營區,菜公里,615,1973,385,798,1183,37,1220
高雄市,左營區,菜公里,616,1818,429,649,1078,50,1128
高雄市,左營區,菜公里,617,1565,407,505,912,26,938
高雄市,左營區,菜公里,618,1608,402,631,1033,20,1053
高雄市,左營區,福山里,619,1812,477,673,1150,37,1187
高雄市,左營區,福山里,620,1821,444,605,1049,19,1068
高雄市,左營區,福山里,621,1907,509,627,1136,52,1188
高雄市,左營區,福山里,622,1812,406,649,1055,26,1081
高雄市,左營區,福山里,623,1833,445,700,1145,36,1181
高雄市,左營區,福山里,624,1850,517,604,1121,38,1159
高雄市,左營區,福山里,625,1738,465,555,1020,33,1053
高雄市,左營區,福山里,626,1864,478,701,1179,38,1217
高雄市,左營區,福山里,627,1887,491,680,1171,28,1199
高雄市,左營區,福山里,628,1870,459,598,1057,10,1067
高雄市,左營區,福山里,629,1866,424,691,1115,23,1138
高雄市,左營區,福山里,630,1862,455,648,1103,15,1118
高雄市,左營區,福山里,631,1816,453,643,1096,37,1133
高雄市,左營區,福山里,632,1833,482,653,1135,23,1158
高雄市,左營區,福山里,633,1676,421,599,1020,40,1060
高雄市,左營區,福山里,634,1843,619,495,1114,30,1144
高雄市,左營區,福山里,635,1872,446,686,1132,33,1165
高雄市,左營區,福山里,636,2259,484,815,1299,56,1355
高雄市,大社區,嘉誠里,637,950,280,228,508,43,551
高雄市,大社區,保社里,638,1306,356,322,678,30,708
高雄市,大社區,保社里,639,1856,358,473,831,21,852
高雄市,大社區,大社里,640,986,335,275,610,37,647
高雄市,大社區,大社里,641,1116,274,260,534,39,573
高雄市,大社區,大社里,642,1253,443,338,781,36,817
高雄市,大社區,大社里,643,1613,468,477,945,39,984
高雄市,大社區,保安里,644,1455,399,360,759,24,783
高雄市,大社區,保安里,645,1674,554,441,995,33,1028
高雄市,大社區,三奶里,646,1004,287,278,565,52,617
高雄市,大社區,三奶里,647,879,299,224,523,23,546
高雄市,大社區,三奶里,648,778,269,176,445,15,460
高雄市,大社區,觀音里,649,1110,350,309,659,29,688
高雄市,大社區,觀音里,650,1432,418,365,783,40,823
高雄市,大社區,觀音里,651,1466,457,428,885,31,916
高雄市,大社區,觀音里,652,1383,463,398,861,53,914
高雄市,大社區,神農里,653,1645,384,469,853,41,894
高雄市,大社區,神農里,654,1555,393,383,776,41,817
高雄市,大社區,神農里,655,1750,527,471,998,42,1040
高雄市,大社區,中里里,656,1111,346,285,631,41,672
高雄市,大社區,中里里,657,1133,342,316,658,43,701
高雄市,大社區,中里里,658,912,258,272,530,37,567
高雄市,大社區,翠屏里,659,745,215,154,369,11,380
高雄市,大社區,翠屏里,660,934,287,264,551,28,579
高雄市,仁武區,大灣里,661,1777,574,571,1145,46,1191
高雄市,仁武區,大灣里,662,2273,638,722,1360,55,1415
高雄市,仁武區,灣內里,663,1384,456,439,895,31,926
高雄市,仁武區,灣內里,664,1170,308,341,649,49,698
高雄市,仁武區,灣內里,665,1216,416,370,786,34,820
高雄市,仁武區,灣內里,666,1598,425,460,885,36,921
高雄市,仁武區,灣內里,667,2143,573,752,1325,40,1365
高雄市,仁武區,考潭里,668,1300,392,327,719,41,760
高雄市,仁武區,考潭里,669,1338,378,396,774,52,826
高雄市,仁武區,烏林里,670,1217,341,347,688,17,705
高雄市,仁武區,烏林里,671,1202,301,275,576,51,627
高雄市,仁武區,烏林里,672,1404,360,399,759,30,789
高雄市,仁武區,仁福里,673,830,259,195,454,31,485
高雄市,仁武區,仁武里,674,1802,422,383,805,35,840
高雄市,仁武區,仁武里,675,1877,510,485,995,36,1031
高雄市,仁武區,仁武里,676,1738,437,396,833,23,856
高雄市,仁武區,文武里,677,1549,488,377,865,49,914
高雄市,仁武區,文武里,678,1579,464,444,908,36,944
高雄市,仁武區,文武里,679,1406,415,380,795,23,818
高雄市,仁武區,文武里,680,1461,410,447,857,20,877
高雄市,仁武區,文武里,681,1311,394,397,791,32,823
高雄市,仁武區,文武里,682,1373,423,361,784,25,809
高雄市,仁武區,竹後里,683,1035,400,213,613,8,621
高雄市,仁武區,竹後里,684,1181,409,269,678,23,701
高雄市,仁武區,八卦里,685,1670,494,403,897,48,945
高雄市,仁武區,八卦里,686,1576,445,429,874,29,903
高雄市,仁武區,八卦里,687,1576,447,506,953,38,991
高雄市,仁武區,八卦里,688,1915,505,656,1161,31,1192
高雄市,仁武區,八卦里,689,1758,481,491,972,23,995
高雄市,仁武區,八卦里,690,1892,512,635,1147,41,1188
高雄市,仁武區,八卦里,691,2025,553,631,1184,48,1232
高雄市,仁武區,八卦里,692,2014,534,686,1220,43,1263
高雄市,仁武區,八卦里,693,1473,529,438,967,29,996
高雄市,仁武區,高楠里,694,979,336,241,577,21,598
高雄市,仁武區,高楠里,695,944,280,272,552,21,573
高雄市,仁武區,後安里,696,1153,371,287,658,54,712
高雄市,仁武區,後安里,697,1328,384,340,724,28,752
高雄市,仁武區,中華里,698,1657,465,474,939,57,996
高雄市,仁武區,五和里,699,1545,411,387,798,37,835
高雄市,仁武區,五和里,700,1417,444,412,856,36,892
高雄市,仁武區,五和里,701,1602,439,563,1002,33,1035
高雄市,仁武區,仁和里,702,1823,554,603,1157,40,1197
高雄市,仁武區,仁和里,703,1914,552,537,1089,30,1119
高雄市,仁武區,赤山里,704,1992,541,602,1143,41,1184
高雄市,仁武區,赤山里,705,2045,504,549,1053,27,1080
高雄市,仁武區,赤山里,706,1982,588,618,1206,25,1231
高雄市,仁武區,仁慈里,707,2167,584,586,1170,30,1200
高雄市,鳥松區,鳥松里,708,1678,451,517,968,30,998
高雄市,鳥松區,鳥松里,709,1682,427,456,883,49,932
高雄市,鳥松區,鳥松里,710,1225,397,359,756,40,796
高雄市,鳥松區,鳥松里,711,1322,338,359,697,40,737
高雄市,鳥松區,鳥松里,712,1215,340,379,719,26,745
高雄市,鳥松區,鳥松里,713,1779,486,480,966,38,1004
高雄市,鳥松區,鳥松里,714,1129,407,321,728,14,742
高雄市,鳥松區,夢裡里,715,1374,382,456,838,33,871
高雄市,鳥松區,夢裡里,716,1089,474,175,649,25,674
高雄市,鳥松區,夢裡里,717,2219,596,754,1350,33,1383
高雄市,鳥松區,大華里,718,1634,524,454,978,24,1002
高雄市,鳥松區,大華里,719,1553,409,538,947,49,996
高雄市,鳥松區,大華里,720,1572,440,540,980,31,1011
高雄市,鳥松區,大華里,721,1688,508,539,1047,33,1080
高雄市,鳥松區,大華里,722,1626,499,513,1012,22,1034
高雄市,鳥松區,大華里,723,1744,528,571,1099,46,1145
高雄市,鳥松區,?埔里,724,1230,348,309,657,33,690
高雄市,鳥松區,?埔里,725,1201,664,73,737,41,778
高雄市,鳥松區,?埔里,726,1117,359,371,730,25,755
高雄市,鳥松區,仁美里,727,1255,370,331,701,56,757
高雄市,鳥松區,仁美里,728,1432,354,404,758,30,788
高雄市,鳥松區,仁美里,729,1370,378,350,728,34,762
高雄市,鳥松區,仁美里,730,1364,384,442,826,34,860
高雄市,鳥松區,仁美里,731,1041,323,297,620,59,679
高雄市,鳥松區,大竹里,732,702,280,207,487,24,511
高雄市,鳥松區,華美里,733,1212,421,279,700,38,738
高雄市,鳥松區,華美里,734,1289,342,379,721,40,761
高雄市,鳥松區,華美里,735,1449,454,464,918,19,937
高雄市,大樹區,竹寮里,736,1386,396,374,770,30,800
高雄市,大樹區,竹寮里,737,1315,398,438,836,25,861
高雄市,大樹區,九曲里,738,2461,608,694,1302,58,1360
高雄市,大樹區,九曲里,739,1274,357,366,723,21,744
高雄市,大樹區,九曲里,740,1265,327,348,675,45,720
高雄市,大樹區,久堂里,741,1504,379,430,809,43,852
高雄市,大樹區,久堂里,742,1049,285,268,553,22,575
高雄市,大樹區,久堂里,743,1573,436,428,864,13,877
高雄市,大樹區,水安里,744,1121,341,245,586,25,611
高雄市,大樹區,水安里,745,1207,538,222,760,41,801
高雄市,大樹區,水寮里,746,1134,342,303,645,22,667
高雄市,大樹區,水寮里,747,1124,407,293,700,27,727
高雄市,大樹區,檨腳里,748,1259,373,305,678,42,720
高雄市,大樹區,檨腳里,749,1105,337,317,654,44,698
高雄市,大樹區,檨腳里,750,1128,341,284,625,31,656
高雄市,大樹區,興山里,751,1079,329,235,564,46,610
高雄市,大樹區,和山里,752,1025,304,233,537,40,577
高雄市,大樹區,姑山里,753,950,288,219,507,30,537
高雄市,大樹區,大坑里,754,1433,439,337,776,52,828
高雄市,大樹區,井腳里,755,794,241,176,417,18,435
高雄市,大樹區,井腳里,756,781,227,149,376,19,395
高雄市,大樹區,小坪里,757,1318,335,319,654,20,674
高雄市,大樹區,龍目里,758,736,245,156,401,31,432
高雄市,大樹區,龍目里,759,1047,316,203,519,15,534
高雄市,大樹區,大樹里,760,1271,407,305,712,48,760
高雄市,大樹區,大樹里,761,1186,310,292,602,35,637
高雄市,大樹區,三和里,762,1007,307,272,579,37,616
高雄市,大樹區,溪埔里,763,859,290,221,511,18,529
高雄市,大樹區,溪埔里,764,735,243,171,414,11,425
高雄市,大樹區,興田里,765,1046,372,246,618,40,658
高雄市,大樹區,興田里,766,880,148,482,630,24,654
高雄市,大樹區,統嶺里,767,720,206,186,392,12,404
高雄市,鼓山區,鼓峰里,768,959,224,295,519,16,535
高雄市,鼓山區,鼓峰里,769,1000,294,343,637,31,668
高雄市,鼓山區,雄峰里,770,910,195,332,527,16,543
高雄市,鼓山區,雄峰里,771,1085,257,435,692,29,721
高雄市,鼓山區,前峰里,772,1484,350,385,735,26,761
高雄市,鼓山區,前峰里,773,1393,347,493,840,20,860
高雄市,鼓山區,前峰里,774,1270,311,502,813,46,859
高雄市,鼓山區,光榮里,775,1055,378,246,624,24,648
高雄市,鼓山區,光榮里,776,1172,377,313,690,26,716
高雄市,鼓山區,光榮里,777,1175,410,337,747,25,772
高雄市,鼓山區,民族里,778,1274,431,347,778,32,810
高雄市,鼓山區,內惟里,779,1085,319,236,555,36,591
高雄市,鼓山區,建國里,780,1470,409,419,828,41,869
高雄市,鼓山區,建國里,781,974,331,294,625,36,661
高雄市,鼓山區,忠正里,782,1275,379,377,756,53,809
高雄市,鼓山區,忠正里,783,1206,389,322,711,40,751
高雄市,鼓山區,忠正里,784,1238,350,392,742,26,768
高雄市,鼓山區,自強里,785,721,75,410,485,11,496
高雄市,鼓山區,龍井里,786,1220,332,349,681,30,711
高雄市,鼓山區,正德里,787,1966,542,463,1005,30,1035
高雄市,鼓山區,平和里,788,1722,539,428,967,35,1002
高雄市,鼓山區,平和里,789,1720,492,466,958,29,987
高雄市,鼓山區,民強里,790,1287,429,350,779,52,831
高雄市,鼓山區,民強里,791,1369,340,289,629,23,652
高雄市,鼓山區,厚生里,792,1222,371,398,769,23,792
高雄市,鼓山區,厚生里,793,1770,578,454,1032,29,1061
高雄市,鼓山區,龍子里,794,1860,472,584,1056,29,1085
高雄市,鼓山區,龍子里,795,1857,506,557,1063,31,1094
高雄市,鼓山區,龍子里,796,1841,473,610,1083,31,1114
高雄市,鼓山區,龍子里,797,1830,494,599,1093,40,1133
高雄市,鼓山區,龍子里,798,1809,474,572,1046,44,1090
高雄市,鼓山區,龍子里,799,1894,484,667,1151,30,1181
高雄市,鼓山區,龍子里,800,1882,454,685,1139,22,1161
高雄市,鼓山區,龍子里,801,1894,535,644,1179,34,1213
高雄市,鼓山區,龍水里,802,1745,374,615,989,26,1015
高雄市,鼓山區,龍水里,803,1887,454,598,1052,18,1070
高雄市,鼓山區,龍水里,804,1891,525,671,1196,37,1233
高雄市,鼓山區,龍水里,805,1903,490,636,1126,44,1170
高雄市,鼓山區,龍水里,806,1998,574,626,1200,23,1223
高雄市,鼓山區,龍水里,807,1912,520,651,1171,23,1194
高雄市,鼓山區,龍水里,808,1923,524,653,1177,35,1212
高雄市,鼓山區,龍水里,809,1888,510,653,1163,26,1189
高雄市,鼓山區,龍水里,810,1873,511,667,1178,17,1195
高雄市,鼓山區,龍水里,811,1959,525,768,1293,21,1314
高雄市,鼓山區,龍水里,812,1897,452,755,1207,39,1246
高雄市,鼓山區,明誠里,813,2362,559,863,1422,34,1456
高雄市,鼓山區,明誠里,814,1850,455,655,1110,46,1156
高雄市,鼓山區,明誠里,815,1928,533,674,1207,18,1225
高雄市,鼓山區,明誠里,816,1937,463,660,1123,16,1139
高雄市,鼓山區,明誠里,817,2123,497,751,1248,34,1282
高雄市,鼓山區,明誠里,818,1861,504,652,1156,24,1180
高雄市,鼓山區,明誠里,819,1892,452,651,1103,23,1126
高雄市,鼓山區,明誠里,820,2147,546,734,1280,30,1310
高雄市,鼓山區,華豐里,821,1897,499,678,1177,20,1197
高雄市,鼓山區,華豐里,822,2041,547,682,1229,22,1251
高雄市,鼓山區,裕興里,823,1309,335,421,756,37,793
高雄市,鼓山區,裕興里,824,1867,498,616,1114,38,1152
高雄市,鼓山區,裕豐里,825,1152,292,470,762,28,790
高雄市,鼓山區,裕豐里,826,1404,314,561,875,41,916
高雄市,鼓山區,鼓岩里,827,1210,358,222,580,22,602
高雄市,鼓山區,樹德里,828,1135,384,310,694,22,716
高雄市,鼓山區,寶樹里,829,1831,344,302,646,43,689
高雄市,鼓山區,興宗里,830,1288,413,361,774,27,801
高雄市,鼓山區,光化里,831,1241,336,359,695,25,720
高雄市,鼓山區,山下里,832,1342,357,430,787,38,825
高雄市,鼓山區,河邊里,833,1422,458,417,875,44,919
高雄市,鼓山區,綠川里,834,1453,456,419,875,55,930
高雄市,鼓山區,登山里,835,616,187,188,375,30,405
高雄市,鼓山區,峰南里,836,834,256,227,483,33,516
高雄市,鼓山區,麗興里,837,969,301,263,564,29,593
高雄市,鼓山區,新民里,838,978,331,236,567,37,604
高雄市,鼓山區,延平里,839,760,311,179,490,25,515
高雄市,鼓山區,維生里,840,1248,409,312,721,34,755
高雄市,鼓山區,惠安里,841,1143,386,264,650,17,667
高雄市,鼓山區,壽山里,842,1358,415,285,700,41,741
高雄市,鼓山區,哨船頭里,843,1036,283,268,551,16,567
高雄市,鼓山區,桃源里,844,580,174,149,323,17,340
高雄市,鹽埕區,藍橋里,845,1304,445,380,825,25,850
高雄市,鹽埕區,慈愛里,846,357,116,96,212,16,228
高雄市,鹽埕區,博愛里,847,651,266,138,404,22,426
高雄市,鹽埕區,壽星里,848,1322,328,357,685,25,710
高雄市,鹽埕區,中山里,849,1056,335,341,676,28,704
高雄市,鹽埕區,教仁里,850,904,304,272,576,19,595
高雄市,鹽埕區,教仁里,851,1130,341,324,665,18,683
高雄市,鹽埕區,新樂里,852,840,253,262,515,16,531
高雄市,鹽埕區,中原里,853,616,246,181,427,15,442
高雄市,鹽埕區,光明里,854,1397,443,309,752,32,784
高雄市,鹽埕區,育仁里,855,766,275,194,469,12,481
高雄市,鹽埕區,河濱里,856,839,271,228,499,27,526
高雄市,鹽埕區,河濱里,857,805,286,231,517,11,528
高雄市,鹽埕區,沙地里,858,750,243,195,438,14,452
高雄市,鹽埕區,南端里,859,986,320,247,567,26,593
高雄市,鹽埕區,港都里,860,1068,340,265,605,9,614
高雄市,鹽埕區,江西里,861,1060,346,276,622,21,643
高雄市,鹽埕區,新豐里,862,805,223,232,455,25,480
高雄市,鹽埕區,府北里,863,1073,345,251,596,19,615
高雄市,鹽埕區,府北里,864,921,278,204,482,27,509
高雄市,鹽埕區,陸橋里,865,1171,371,305,676,19,695
高雄市,鹽埕區,瀨南里,866,594,218,138,356,8,364
高雄市,鹽埕區,新化里,867,592,212,168,380,14,394
高雄市,鹽埕區,江南里,868,610,223,123,346,9,355
高雄市,旗津區,旗下里,869,1177,430,276,706,59,765
高雄市,旗津區,永安里,870,1109,327,251,578,37,615
高雄市,旗津區,振興里,871,1642,497,342,839,21,860
高雄市,旗津區,慈愛里,872,1209,354,259,613,66,679
高雄市,旗津區,慈愛里,873,1112,339,216,555,30,585
高雄市,旗津區,復興里,874,1483,415,395,810,62,872
高雄市,旗津區,復興里,875,1460,461,217,678,29,707
高雄市,旗津區,中華里,876,1572,572,357,929,65,994
高雄市,旗津區,實踐里,877,1384,274,366,640,37,677
高雄市,旗津區,北汕里,878,1390,326,337,663,38,701
高雄市,旗津區,北汕里,879,1239,297,287,584,38,622
高雄市,旗津區,南汕里,880,2045,602,468,1070,73,1143
高雄市,旗津區,上竹里,881,893,299,175,474,21,495
高雄市,旗津區,上竹里,882,1866,589,357,946,60,1006
高雄市,旗津區,中洲里,883,1874,562,319,881,36,917
高雄市,旗津區,安順里,884,893,280,169,449,22,471
高雄市,旗津區,中興里,885,1215,400,316,716,34,750
高雄市,旗津區,中興里,886,1297,351,296,647,40,687
高雄市,三民區,鼎金里,887,1893,625,446,1071,45,1116
高雄市,三民區,鼎金里,888,1982,481,552,1033,59,1092
高雄市,三民區,鼎盛里,889,1661,415,522,937,48,985
高雄市,三民區,鼎盛里,890,1894,467,588,1055,19,1074
高雄市,三民區,鼎盛里,891,1839,466,558,1024,39,1063
高雄市,三民區,鼎盛里,892,2014,528,590,1118,42,1160
高雄市,三民區,鼎強里,893,1897,557,514,1071,64,1135
高雄市,三民區,鼎強里,894,2016,534,553,1087,32,1119
高雄市,三民區,鼎力里,895,1924,708,341,1049,30,1079
高雄市,三民區,鼎力里,896,1749,508,507,1015,43,1058
高雄市,三民區,鼎西里,897,1845,570,560,1130,63,1193
高雄市,三民區,鼎西里,898,1724,500,466,966,45,1011
高雄市,三民區,鼎西里,899,1889,522,561,1083,36,1119
高雄市,三民區,鼎西里,900,1622,505,441,946,37,983
高雄市,三民區,鼎中里,901,1870,595,530,1125,32,1157
高雄市,三民區,鼎中里,902,1523,482,454,936,40,976
高雄市,三民區,鼎泰里,903,2006,602,493,1095,42,1137
高雄市,三民區,鼎泰里,904,2076,508,770,1278,37,1315
高雄市,三民區,鼎泰里,905,2073,474,706,1180,27,1207
高雄市,三民區,鼎泰里,906,2045,497,681,1178,49,1227
高雄市,三民區,鼎泰里,907,2070,514,493,1007,47,1054
高雄市,三民區,鼎泰里,908,2035,521,695,1216,44,1260
高雄市,三民區,鼎泰里,909,2075,498,777,1275,31,1306
高雄市,三民區,鼎泰里,910,2053,473,737,1210,35,1245
高雄市,三民區,鼎泰里,911,2063,485,768,1253,56,1309
高雄市,三民區,鼎泰里,912,2143,522,788,1310,40,1350
高雄市,三民區,本館里,913,1746,507,549,1056,52,1108
高雄市,三民區,本館里,914,1735,473,468,941,21,962
高雄市,三民區,本館里,915,1655,470,419,889,41,930
高雄市,三民區,本館里,916,1583,449,464,913,37,950
高雄市,三民區,本館里,917,1800,462,535,997,33,1030
高雄市,三民區,本和里,918,1730,492,544,1036,23,1059
高雄市,三民區,本和里,919,1715,483,523,1006,21,1027
高雄市,三民區,本和里,920,1691,487,498,985,38,1023
高雄市,三民區,本和里,921,1865,456,609,1065,60,1125
高雄市,三民區,本文里,922,1073,345,338,683,23,706
高雄市,三民區,本文里,923,917,353,289,642,33,675
高雄市,三民區,本武里,924,1647,503,449,952,39,991
高雄市,三民區,本元里,925,1654,487,495,982,39,1021
高雄市,三民區,本元里,926,1639,464,529,993,52,1045
高雄市,三民區,本元里,927,1833,497,591,1088,33,1121
高雄市,三民區,本安里,928,1362,407,461,868,29,897
高雄市,三民區,本安里,929,1557,431,523,954,44,998
高雄市,三民區,本安里,930,1482,434,503,937,21,958
高雄市,三民區,本上里,931,1563,458,507,965,39,1004
高雄市,三民區,本上里,932,1497,397,503,900,43,943
高雄市,三民區,本上里,933,1523,440,548,988,12,1000
高雄市,三民區,本揚里,934,1293,414,441,855,22,877
高雄市,三民區,本揚里,935,1662,465,549,1014,28,1042
高雄市,三民區,本揚里,936,1441,390,458,848,27,875
高雄市,三民區,本揚里,937,1326,414,473,887,25,912
高雄市,三民區,本揚里,938,1476,453,512,965,22,987
高雄市,三民區,寶獅里,939,1968,526,544,1070,26,1096
高雄市,三民區,寶獅里,940,1618,418,458,876,27,903
高雄市,三民區,寶德里,941,1873,473,590,1063,36,1099
高雄市,三民區,寶德里,942,1487,426,441,867,38,905
高雄市,三民區,寶德里,943,1640,541,428,969,28,997
高雄市,三民區,寶泰里,944,1889,541,546,1087,26,1113
高雄市,三民區,寶泰里,945,1969,529,571,1100,25,1125
高雄市,三民區,寶興里,946,1466,463,404,867,54,921
高雄市,三民區,寶興里,947,1697,512,502,1014,39,1053
高雄市,三民區,寶興里,948,1663,587,405,992,37,1029
高雄市,三民區,寶興里,949,1649,443,512,955,34,989
高雄市,三民區,寶中里,950,1486,486,384,870,57,927
高雄市,三民區,寶中里,951,1495,415,435,850,20,870
高雄市,三民區,寶華里,952,1548,460,518,978,32,1010
高雄市,三民區,寶華里,953,1493,404,472,876,26,902
高雄市,三民區,寶國里,954,1445,403,493,896,20,916
高雄市,三民區,寶國里,955,1529,400,478,878,23,901
高雄市,三民區,寶國里,956,1506,429,447,876,26,902
高雄市,三民區,寶國里,957,1549,400,555,955,29,984
高雄市,三民區,寶國里,958,1620,461,538,999,35,1034
高雄市,三民區,寶民里,959,1550,472,494,966,39,1005
高雄市,三民區,寶民里,960,1488,401,511,912,34,946
高雄市,三民區,寶慶里,961,1335,387,427,814,30,844
高雄市,三民區,寶慶里,962,1332,376,413,789,35,824
高雄市,三民區,寶業里,963,1764,535,520,1055,44,1099
高雄市,三民區,寶業里,964,1811,465,598,1063,28,1091
高雄市,三民區,寶業里,965,1693,478,563,1041,43,1084
高雄市,三民區,寶盛里,966,1684,538,534,1072,42,1114
高雄市,三民區,寶盛里,967,1464,421,437,858,23,881
高雄市,三民區,寶盛里,968,1719,499,604,1103,29,1132
高雄市,三民區,寶安里,969,1749,512,531,1043,17,1060
高雄市,三民區,寶安里,970,1908,478,580,1058,36,1094
高雄市,三民區,寶安里,971,1573,398,524,922,54,976
高雄市,三民區,寶安里,972,1628,445,487,932,31,963
高雄市,三民區,寶龍里,973,1377,419,325,744,32,776
高雄市,三民區,寶龍里,974,1530,392,547,939,43,982
高雄市,三民區,寶龍里,975,1188,345,345,690,35,725
高雄市,三民區,寶珠里,976,2791,456,389,845,27,872
高雄市,三民區,寶珠里,977,1840,510,569,1079,41,1120
高雄市,三民區,寶珠里,978,1671,431,570,1001,48,1049
高雄市,三民區,寶玉里,979,1624,473,474,947,36,983
高雄市,三民區,寶玉里,980,1555,468,561,1029,33,1062
高雄市,三民區,寶玉里,981,1489,462,517,979,24,1003
高雄市,三民區,寶玉里,982,1662,461,558,1019,26,1045
高雄市,三民區,寶玉里,983,1639,424,530,954,16,970
高雄市,三民區,灣子里,984,1872,565,499,1064,46,1110
高雄市,三民區,灣子里,985,1968,488,623,1111,34,1145
高雄市,三民區,灣愛里,986,1471,401,328,729,57,786
高雄市,三民區,灣愛里,987,1534,424,435,859,39,898
高雄市,三民區,灣中里,988,1659,474,406,880,47,927
高雄市,三民區,灣中里,989,1815,473,474,947,32,979
高雄市,三民區,灣中里,990,1808,469,487,956,42,998
高雄市,三民區,灣華里,991,1224,346,321,667,32,699
高雄市,三民區,灣華里,992,1406,363,427,790,26,816
高雄市,三民區,灣勝里,993,945,288,250,538,29,567
高雄市,三民區,灣勝里,994,944,352,253,605,19,624
高雄市,三民區,灣利里,995,1669,547,451,998,42,1040
高雄市,三民區,灣利里,996,1473,547,366,913,42,955
高雄市,三民區,灣復里,997,1876,426,497,923,34,957
高雄市,三民區,灣復里,998,1682,341,311,652,29,681
高雄市,三民區,正興里,999,1791,523,443,966,20,986
高雄市,三民區,正興里,1000,1808,505,570,1075,33,1108
高雄市,三民區,正興里,1001,1798,504,485,989,26,1015
高雄市,三民區,正興里,1002,2030,509,666,1175,34,1209
高雄市,三民區,正興里,1003,2034,452,727,1179,23,1202
高雄市,三民區,正興里,1004,1998,467,697,1164,29,1193
高雄市,三民區,正順里,1005,1914,511,535,1046,34,1080
高雄市,三民區,正順里,1006,1965,554,536,1090,37,1127
高雄市,三民區,灣興里,1007,1885,541,500,1041,67,1108
高雄市,三民區,灣成里,1008,1220,352,430,782,20,802
高雄市,三民區,灣成里,1009,1057,341,263,604,47,651
高雄市,三民區,安康里,1010,1434,410,315,725,26,751
高雄市,三民區,安康里,1011,1350,362,328,690,37,727
高雄市,三民區,安寧里,1012,872,299,186,485,18,503
高雄市,三民區,安寧里,1013,954,287,237,524,19,543
高雄市,三民區,安吉里,1014,1689,480,431,911,16,927
高雄市,三民區,安吉里,1015,1390,388,420,808,23,831
高雄市,三民區,安吉里,1016,1336,408,394,802,39,841
高雄市,三民區,安發里,1017,1437,452,483,935,37,972
高雄市,三民區,安發里,1018,1452,467,415,882,22,904
高雄市,三民區,安發里,1019,1513,465,435,900,44,944
高雄市,三民區,安東里,1020,1467,537,389,926,49,975
高雄市,三民區,安東里,1021,1381,502,410,912,38,950
高雄市,三民區,安和里,1022,1117,415,255,670,33,703
高雄市,三民區,安和里,1023,1327,485,345,830,32,862
高雄市,三民區,達德里,1024,1304,425,363,788,33,821
高雄市,三民區,達明里,1025,1483,454,371,825,27,852
高雄市,三民區,達仁里,1026,1473,454,431,885,60,945
高雄市,三民區,達勇里,1027,980,300,282,582,27,609
高雄市,三民區,同德里,1028,1409,538,312,850,33,883
高雄市,三民區,同德里,1029,1230,398,341,739,39,778
高雄市,三民區,德智里,1030,1024,335,315,650,37,687
高雄市,三民區,德智里,1031,1130,364,322,686,29,715
高雄市,三民區,德仁里,1032,1889,500,493,993,26,1019
高雄市,三民區,安生里,1033,1427,483,368,851,22,873
高雄市,三民區,德東里,1034,791,258,247,505,16,521
高雄市,三民區,德行里,1035,1079,401,319,720,50,770
高雄市,三民區,精華里,1036,1492,461,406,867,54,921
高雄市,三民區,民享里,1037,1020,340,299,639,32,671
高雄市,三民區,民享里,1038,1001,320,314,634,9,643
高雄市,三民區,安宜里,1039,1581,554,431,985,28,1013
高雄市,三民區,安宜里,1040,1471,458,429,887,24,911
高雄市,三民區,安泰里,1041,1151,396,326,722,18,740
高雄市,三民區,安泰里,1042,1334,457,377,834,41,875
高雄市,三民區,安泰里,1043,1275,348,405,753,32,785
高雄市,三民區,安邦里,1044,1688,399,332,731,27,758
高雄市,三民區,安邦里,1045,1214,425,324,749,36,785
高雄市,三民區,安邦里,1046,1149,390,354,744,25,769
高雄市,三民區,十全里,1047,1667,552,428,980,46,1026
高雄市,三民區,十美里,1048,1786,511,472,983,32,1015
高雄市,三民區,德北里,1049,896,317,240,557,21,578
高雄市,三民區,德北里,1050,925,290,277,567,23,590
高雄市,三民區,立誠里,1051,684,263,186,449,31,480
高雄市,三民區,立業里,1052,981,376,258,634,35,669
高雄市,三民區,港東里,1053,1383,416,322,738,41,779
高雄市,三民區,港新里,1054,1382,429,400,829,39,868
高雄市,三民區,港西里,1055,808,274,199,473,18,491
高雄市,三民區,博愛里,1056,1197,398,357,755,19,774
高雄市,三民區,博惠里,1057,1344,403,385,788,29,817
高雄市,三民區,博惠里,1058,1344,457,382,839,37,876
高雄市,三民區,博惠里,1059,1359,429,407,836,12,848
高雄市,三民區,長明里,1060,1073,337,327,664,27,691
高雄市,三民區,建東里,1061,1186,325,328,653,26,679
高雄市,三民區,興德里,1062,1749,526,500,1026,35,1061
高雄市,三民區,鳳南里,1063,877,318,213,531,8,539
高雄市,三民區,鳳北里,1064,1402,507,381,888,45,933
高雄市,三民區,德西里,1065,769,249,250,499,17,516
高雄市,三民區,豐裕里,1066,1207,372,377,749,39,788
高雄市,三民區,豐裕里,1067,1270,407,287,694,25,719
高雄市,三民區,川東里,1068,1248,402,339,741,27,768
高雄市,三民區,裕民里,1069,1263,381,381,762,38,800
高雄市,三民區,力行里,1070,1101,375,318,693,20,713
高雄市,三民區,千歲里,1071,1116,391,336,727,23,750
高雄市,三民區,立德里,1072,1152,368,355,723,18,741
高雄市,三民區,千北里,1073,1057,398,246,644,32,676
高雄市,三民區,千秋里,1074,971,315,232,547,31,578
高雄市,三民區,千秋里,1075,1062,358,274,632,15,647
高雄市,前金區,三川里,1076,673,263,137,400,14,414
高雄市,前金區,草江里,1077,1022,283,353,636,17,653
高雄市,前金區,長城里,1078,1324,447,325,772,21,793
高雄市,前金區,北金里,1079,839,287,215,502,21,523
高雄市,前金區,東金里,1080,975,330,250,580,33,613
高雄市,前金區,新生里,1081,1806,472,570,1042,40,1082
高雄市,前金區,新生里,1082,1781,538,563,1101,21,1122
高雄市,前金區,後金里,1083,717,228,223,451,18,469
高雄市,前金區,長興里,1084,1097,348,322,670,10,680
高雄市,前金區,青山里,1085,1633,487,458,945,25,970
高雄市,前金區,民生里,1086,759,267,245,512,18,530
高雄市,前金區,復元里,1087,948,292,310,602,33,635
高雄市,前金區,林投里,1088,1009,296,225,521,35,556
高雄市,前金區,國民里,1089,945,299,285,584,23,607
高雄市,前金區,社東里,1090,772,232,250,482,16,498
高雄市,前金區,社東里,1091,757,225,256,481,16,497
高雄市,前金區,社西里,1092,1047,322,337,659,23,682
高雄市,前金區,博孝里,1093,985,300,312,612,22,634
高雄市,前金區,長生里,1094,1674,446,515,961,16,977
高雄市,前金區,榮復里,1095,1088,303,347,650,15,665
高雄市,前金區,文西里,1096,893,304,278,582,36,618
高雄市,前金區,文東里,1097,1184,336,346,682,26,708
高雄市,新興區,浩然里,1098,828,231,256,487,14,501
高雄市,新興區,浩然里,1099,963,288,329,617,27,644
高雄市,新興區,振成里,1100,1075,304,308,612,21,633
高雄市,新興區,德生里,1101,1488,440,462,902,20,922
高雄市,新興區,德生里,1102,1438,387,462,849,31,880
高雄市,新興區,振華里,1103,1049,308,328,636,23,659
高雄市,新興區,正氣里,1104,1378,442,437,879,48,927
高雄市,新興區,德政里,1105,666,200,232,432,15,447
高雄市,新興區,仁聲里,1106,981,293,302,595,13,608
高雄市,新興區,德望里,1107,933,384,213,597,27,624
高雄市,新興區,德望里,1108,987,287,290,577,23,600
高雄市,新興區,華聲里,1109,988,337,296,633,18,651
高雄市,新興區,蕉園里,1110,735,251,236,487,13,500
高雄市,新興區,永寧里,1111,1317,387,411,798,26,824
高雄市,新興區,玉衡里,1112,800,239,226,465,5,470
高雄市,新興區,順昌里,1113,968,344,267,611,23,634
高雄市,新興區,順昌里,1114,913,268,296,564,20,584
高雄市,新興區,文昌里,1115,1389,455,439,894,21,915
高雄市,新興區,文昌里,1116,1228,414,402,816,24,840
高雄市,新興區,光耀里,1117,1211,440,300,740,30,770
高雄市,新興區,光耀里,1118,1101,329,380,709,15,724
高雄市,新興區,興昌里,1119,752,250,232,482,11,493
高雄市,新興區,興昌里,1120,873,309,284,593,32,625
高雄市,新興區,開平里,1121,1609,496,449,945,30,975
高雄市,新興區,開平里,1122,1736,526,566,1092,30,1122
高雄市,新興區,成功里,1123,1258,321,415,736,23,759
高雄市,新興區,新江里,1124,1105,380,301,681,23,704
高雄市,新興區,黎明里,1125,851,298,235,533,16,549
高雄市,新興區,愛平里,1126,1011,313,298,611,28,639
高雄市,新興區,南港里,1127,888,353,250,603,31,634
高雄市,新興區,南港里,1128,1005,347,279,626,20,646
高雄市,新興區,中東里,1129,1375,305,332,637,14,651
高雄市,新興區,中東里,1130,1388,396,440,836,31,867
高雄市,新興區,明莊里,1131,719,224,192,416,33,449
高雄市,新興區,大明里,1132,1077,326,298,624,45,669
高雄市,新興區,秋山里,1133,875,281,182,463,18,481
高雄市,新興區,長驛里,1134,936,275,249,524,21,545
高雄市,新興區,建興里,1135,944,302,242,544,29,573
高雄市,新興區,建華里,1136,833,246,244,490,17,507
高雄市,新興區,漢民里,1137,708,245,198,443,18,461
高雄市,新興區,榮治里,1138,741,195,235,430,15,445
高雄市,新興區,東坡里,1139,1235,404,279,683,23,706
高雄市,苓雅區,博仁里,1140,718,220,232,452,16,468
高雄市,苓雅區,苓洲里,1141,1492,379,481,860,29,889
高雄市,苓雅區,苓昇里,1142,1210,377,354,731,28,759
高雄市,苓雅區,苓中里,1143,1617,460,442,902,28,930
高雄市,苓雅區,苓雅里,1144,1428,393,478,871,37,908
高雄市,苓雅區,苓東里,1145,1444,420,371,791,24,815
高雄市,苓雅區,城北里,1146,1452,398,429,827,49,876
高雄市,苓雅區,城西里,1147,554,192,151,343,20,363
高雄市,苓雅區,城東里,1148,950,272,281,553,12,565
高雄市,苓雅區,城東里,1149,978,279,265,544,12,556
高雄市,苓雅區,意誠里,1150,1673,438,475,913,29,942
高雄市,苓雅區,意誠里,1151,2045,476,604,1080,41,1121
高雄市,苓雅區,鼓中里,1152,939,291,286,577,34,611
高雄市,苓雅區,田西里,1153,1284,335,357,692,28,720
高雄市,苓雅區,人和里,1154,908,298,261,559,24,583
高雄市,苓雅區,人和里,1155,838,252,226,478,16,494
高雄市,苓雅區,仁政里,1156,1267,362,414,776,19,795
高雄市,苓雅區,廣澤里,1157,994,337,312,649,31,680
高雄市,苓雅區,廣澤里,1158,774,261,202,463,16,479
高雄市,苓雅區,美田里,1159,1121,343,341,684,20,704
高雄市,苓雅區,華堂里,1160,1474,472,410,882,33,915
高雄市,苓雅區,華堂里,1161,1525,429,477,906,39,945
高雄市,苓雅區,日中里,1162,1147,386,314,700,34,734
高雄市,苓雅區,日中里,1163,1014,318,333,651,21,672
高雄市,苓雅區,普照里,1164,1496,499,412,911,26,937
高雄市,苓雅區,普照里,1165,1499,414,498,912,44,956
高雄市,苓雅區,和煦里,1166,1138,346,363,709,23,732
高雄市,苓雅區,和煦里,1167,839,312,260,572,17,589
高雄市,苓雅區,晴朗里,1168,2088,375,369,744,32,776
高雄市,苓雅區,普天里,1169,1648,473,542,1015,22,1037
高雄市,苓雅區,普天里,1170,1623,433,497,930,35,965
高雄市,苓雅區,林富里,1171,1932,576,655,1231,36,1267
高雄市,苓雅區,林圍里,1172,1127,328,447,775,17,792
高雄市,苓雅區,林圍里,1173,1156,370,430,800,18,818
高雄市,苓雅區,林安里,1174,1465,406,530,936,30,966
高雄市,苓雅區,光華里,1175,690,228,157,385,15,400
高雄市,苓雅區,林興里,1176,1283,619,114,733,52,785
高雄市,苓雅區,林華里,1177,1432,435,409,844,51,895
高雄市,苓雅區,林華里,1178,1313,395,409,804,19,823
高雄市,苓雅區,林西里,1179,1579,440,469,909,16,925
高雄市,苓雅區,林中里,1180,1385,441,402,843,50,893
高雄市,苓雅區,林中里,1181,1449,388,490,878,37,915
高雄市,苓雅區,林泉里,1182,1834,468,683,1151,36,1187
高雄市,苓雅區,林南里,1183,1436,439,471,910,23,933
高雄市,苓雅區,林南里,1184,1431,378,516,894,33,927
高雄市,苓雅區,中正里,1185,1248,366,435,801,29,830
高雄市,苓雅區,中正里,1186,1470,414,516,930,23,953
高雄市,苓雅區,尚義里,1187,1540,495,492,987,45,1032
高雄市,苓雅區,同慶里,1188,1374,390,488,878,21,899
高雄市,苓雅區,同慶里,1189,839,232,318,550,14,564
高雄市,苓雅區,凱旋里,1190,1022,294,389,683,29,712
高雄市,苓雅區,凱旋里,1191,1062,285,389,674,12,686
高雄市,苓雅區,安祥里,1192,1078,326,364,690,18,708
高雄市,苓雅區,安祥里,1193,1117,365,358,723,18,741
高雄市,苓雅區,奏捷里,1194,1516,429,540,969,37,1006
高雄市,苓雅區,福壽里,1195,1440,482,365,847,57,904
高雄市,苓雅區,福南里,1196,839,292,223,515,20,535
高雄市,苓雅區,福南里,1197,888,282,247,529,23,552
高雄市,苓雅區,五權里,1198,1101,363,352,715,26,741
高雄市,苓雅區,五權里,1199,1004,323,368,691,31,722
高雄市,苓雅區,民主里,1200,1427,436,441,877,27,904
高雄市,苓雅區,民主里,1201,1168,361,368,729,12,741
高雄市,苓雅區,民主里,1202,1184,339,436,775,29,804
高雄市,苓雅區,林德里,1203,974,272,341,613,25,638
高雄市,苓雅區,林德里,1204,849,248,240,488,10,498
高雄市,苓雅區,林貴里,1205,1821,503,613,1116,33,1149
高雄市,苓雅區,林榮里,1206,1306,341,461,802,32,834
高雄市,苓雅區,林榮里,1207,1185,357,393,750,28,778
高雄市,苓雅區,林榮里,1208,1415,412,433,845,27,872
高雄市,苓雅區,英明里,1209,962,313,310,623,30,653
高雄市,苓雅區,英明里,1210,964,290,277,567,35,602
高雄市,苓雅區,林靖里,1211,1524,372,542,914,38,952
高雄市,苓雅區,朝陽里,1212,1455,456,460,916,25,941
高雄市,苓雅區,福隆里,1213,1272,374,338,712,18,730
高雄市,苓雅區,福隆里,1214,1256,407,344,751,14,765
高雄市,苓雅區,福祥里,1215,1203,282,419,701,17,718
高雄市,苓雅區,福海里,1216,1062,288,389,677,23,700
高雄市,苓雅區,福康里,1217,850,311,230,541,31,572
高雄市,苓雅區,福康里,1218,1010,380,340,720,47,767
高雄市,苓雅區,福人里,1219,1118,337,324,661,20,681
高雄市,苓雅區,福人里,1220,937,284,317,601,17,618
高雄市,苓雅區,福地里,1221,1493,442,392,834,23,857
高雄市,苓雅區,福地里,1222,1183,334,393,727,31,758
高雄市,苓雅區,福居里,1223,1318,381,307,688,31,719
高雄市,苓雅區,福居里,1224,1362,425,375,800,34,834
高雄市,苓雅區,福東里,1225,1102,343,295,638,47,685
高雄市,苓雅區,福東里,1226,1481,406,463,869,34,903
高雄市,苓雅區,福西里,1227,878,294,259,553,32,585
高雄市,苓雅區,福西里,1228,908,273,250,523,11,534
高雄市,苓雅區,永康里,1229,1056,318,363,681,23,704
高雄市,苓雅區,永康里,1230,1091,295,342,637,19,656
高雄市,苓雅區,正文里,1231,976,315,309,624,20,644
高雄市,苓雅區,正文里,1232,1063,377,322,699,23,722
高雄市,苓雅區,正言里,1233,1484,395,510,905,43,948
高雄市,苓雅區,正言里,1234,1290,411,387,798,24,822
高雄市,苓雅區,正大里,1235,1740,467,578,1045,42,1087
高雄市,苓雅區,正大里,1236,1594,440,507,947,36,983
高雄市,苓雅區,正大里,1237,1648,438,515,953,20,973
高雄市,苓雅區,五福里,1238,1236,346,451,797,23,820
高雄市,苓雅區,五福里,1239,1211,370,370,740,29,769
高雄市,苓雅區,五福里,1240,1283,394,384,778,19,797
高雄市,苓雅區,正心里,1241,1804,553,577,1130,47,1177
高雄市,苓雅區,正心里,1242,1718,486,551,1037,47,1084
高雄市,苓雅區,正道里,1243,1297,381,420,801,34,835
高雄市,苓雅區,正道里,1244,1449,401,471,872,29,901
高雄市,苓雅區,正道里,1245,1307,400,395,795,28,823
高雄市,苓雅區,正義里,1246,1184,370,363,733,26,759
高雄市,苓雅區,正義里,1247,1250,417,382,799,41,840
高雄市,苓雅區,正仁里,1248,1248,348,377,725,22,747
高雄市,苓雅區,正仁里,1249,1283,364,422,786,25,811
高雄市,苓雅區,文昌里,1250,1121,380,358,738,18,756
高雄市,苓雅區,文昌里,1251,1258,394,390,784,19,803
高雄市,苓雅區,文昌里,1252,1339,421,415,836,21,857
高雄市,苓雅區,建軍里,1253,1986,553,560,1113,48,1161
高雄市,苓雅區,衛武里,1254,1028,296,327,623,24,647
高雄市,苓雅區,衛武里,1255,948,278,306,584,19,603
高雄市,鳳山區,鳳崗里,1256,1080,305,390,695,29,724
高雄市,鳳山區,縣衙里,1257,819,234,272,506,24,530
高雄市,鳳山區,曹公里,1258,851,234,267,501,45,546
高雄市,鳳山區,曹公里,1259,1075,308,356,664,19,683
高雄市,鳳山區,鎮西里,1260,1223,364,409,773,19,792
高雄市,鳳山區,鎮西里,1261,1207,366,359,725,26,751
高雄市,鳳山區,鎮西里,1262,1339,347,381,728,22,750
高雄市,鳳山區,鎮西里,1263,1188,300,319,619,22,641
高雄市,鳳山區,北門里,1264,1055,335,288,623,27,650
高雄市,鳳山區,北門里,1265,1109,299,310,609,44,653
高雄市,鳳山區,北門里,1266,756,260,233,493,27,520
高雄市,鳳山區,北門里,1267,1182,295,376,671,27,698
高雄市,鳳山區,鎮北里,1268,1496,448,406,854,51,905
高雄市,鳳山區,鎮北里,1269,2094,453,555,1008,42,1050
高雄市,鳳山區,鎮北里,1270,1672,388,500,888,28,916
高雄市,鳳山區,鎮北里,1271,1761,381,566,947,21,968
高雄市,鳳山區,鎮北里,1272,1450,407,429,836,44,880
高雄市,鳳山區,武松里,1273,1455,364,392,756,18,774
高雄市,鳳山區,武松里,1274,1234,338,379,717,37,754
高雄市,鳳山區,忠誠里,1275,1713,494,529,1023,49,1072
高雄市,鳳山區,忠誠里,1276,1698,443,486,929,27,956
高雄市,鳳山區,文英里,1277,1247,370,377,747,33,780
高雄市,鳳山區,文英里,1278,1087,320,330,650,31,681
高雄市,鳳山區,文英里,1279,1199,287,436,723,26,749
高雄市,鳳山區,文華里,1280,1559,215,635,850,49,899
高雄市,鳳山區,文華里,1281,1233,341,413,754,29,783
高雄市,鳳山區,文華里,1282,1277,363,404,767,40,807
高雄市,鳳山區,文華里,1283,1481,344,522,866,15,881
高雄市,鳳山區,文華里,1284,1154,326,421,747,21,768
高雄市,鳳山區,文華里,1285,1475,414,502,916,21,937
高雄市,鳳山區,文山里,1286,1247,312,362,674,26,700
高雄市,鳳山區,文山里,1287,1538,388,440,828,42,870
高雄市,鳳山區,文山里,1288,1097,335,303,638,27,665
高雄市,鳳山區,文山里,1289,1221,367,310,677,20,697
高雄市,鳳山區,文山里,1290,1075,303,397,700,35,735
高雄市,鳳山區,文德里,1291,1751,445,596,1041,38,1079
高雄市,鳳山區,文德里,1292,1758,456,597,1053,31,1084
高雄市,鳳山區,文德里,1293,1749,446,568,1014,38,1052
高雄市,鳳山區,文德里,1294,1746,407,578,985,20,1005
高雄市,鳳山區,文德里,1295,1712,409,559,968,35,1003
高雄市,鳳山區,文衡里,1296,1247,302,428,730,28,758
高雄市,鳳山區,文衡里,1297,1409,370,469,839,32,871
高雄市,鳳山區,文衡里,1298,1347,328,470,798,31,829
高雄市,鳳山區,文福里,1299,1771,432,574,1006,20,1026
高雄市,鳳山區,文福里,1300,1537,394,518,912,18,930
高雄市,鳳山區,文福里,1301,1605,360,592,952,18,970
高雄市,鳳山區,文福里,1302,1375,600,187,787,21,808
高雄市,鳳山區,文福里,1303,1393,352,505,857,29,886
高雄市,鳳山區,文福里,1304,1584,375,492,867,19,886
高雄市,鳳山區,成功里,1305,618,236,147,383,17,400
高雄市,鳳山區,縣口里,1306,423,134,139,273,4,277
高雄市,鳳山區,光明里,1307,1312,376,387,763,40,803
高雄市,鳳山區,和德里,1308,769,233,227,460,19,479
高雄市,鳳山區,和德里,1309,1213,320,466,786,16,802
高雄市,鳳山區,和興里,1310,1107,349,375,724,20,744
高雄市,鳳山區,和興里,1311,1188,347,374,721,28,749
高雄市,鳳山區,和興里,1312,1183,334,395,729,28,757
高雄市,鳳山區,和興里,1313,1264,378,379,757,40,797
高雄市,鳳山區,南興里,1314,882,270,268,538,22,560
高雄市,鳳山區,三民里,1315,1007,333,343,676,33,709
高雄市,鳳山區,新興里,1316,853,293,217,510,35,545
高雄市,鳳山區,新興里,1317,1660,223,224,447,34,481
高雄市,鳳山區,興仁里,1318,1124,300,385,685,23,708
高雄市,鳳山區,興仁里,1319,1112,331,325,656,42,698
高雄市,鳳山區,興仁里,1320,1182,300,352,652,26,678
高雄市,鳳山區,興中里,1321,875,258,335,593,34,627
高雄市,鳳山區,協和里,1322,1040,307,319,626,34,660
高雄市,鳳山區,協和里,1323,1094,252,449,701,19,720
高雄市,鳳山區,協和里,1324,1217,330,395,725,39,764
高雄市,鳳山區,忠義里,1325,974,303,339,642,23,665
高雄市,鳳山區,忠義里,1326,987,246,334,580,32,612
高雄市,鳳山區,忠義里,1327,1210,302,485,787,22,809
高雄市,鳳山區,忠義里,1328,1391,395,413,808,30,838
高雄市,鳳山區,忠孝里,1329,1241,310,320,630,24,654
高雄市,鳳山區,忠孝里,1330,1000,283,345,628,24,652
高雄市,鳳山區,忠孝里,1331,1092,306,357,663,25,688
高雄市,鳳山區,忠孝里,1332,1308,332,470,802,28,830
高雄市,鳳山區,忠孝里,1333,1031,286,333,619,36,655
高雄市,鳳山區,中和里,1334,1159,313,378,691,42,733
高雄市,鳳山區,中和里,1335,1127,247,387,634,44,678
高雄市,鳳山區,中和里,1336,1109,324,435,759,34,793
高雄市,鳳山區,誠義里,1337,1879,467,701,1168,31,1199
高雄市,鳳山區,誠義里,1338,1803,471,690,1161,36,1197
高雄市,鳳山區,生明里,1339,2045,385,690,1075,53,1128
高雄市,鳳山區,鎮東里,1340,1432,343,448,791,27,818
高雄市,鳳山區,鎮東里,1341,1033,271,307,578,20,598
高雄市,鳳山區,瑞竹里,1342,1253,344,399,743,57,800
高雄市,鳳山區,瑞竹里,1343,1217,315,404,719,24,743
高雄市,鳳山區,瑞竹里,1344,1267,285,492,777,46,823
高雄市,鳳山區,瑞竹里,1345,1251,322,397,719,25,744
高雄市,鳳山區,瑞興里,1346,1563,378,544,922,39,961
高雄市,鳳山區,瑞興里,1347,1888,399,723,1122,46,1168
高雄市,鳳山區,瑞興里,1348,1368,371,430,801,35,836
高雄市,鳳山區,東門里,1349,1588,388,474,862,32,894
高雄市,鳳山區,東門里,1350,1255,174,577,751,53,804
高雄市,鳳山區,東門里,1351,1264,344,374,718,46,764
高雄市,鳳山區,東門里,1352,1291,302,448,750,52,802
高雄市,鳳山區,誠德里,1353,1224,276,421,697,30,727
高雄市,鳳山區,誠德里,1354,1296,281,458,739,26,765
高雄市,鳳山區,誠信里,1355,826,218,305,523,36,559
高雄市,鳳山區,誠信里,1356,1229,228,517,745,37,782
高雄市,鳳山區,誠智里,1357,1467,301,575,876,29,905
高雄市,鳳山區,誠智里,1358,1218,296,416,712,37,749
高雄市,鳳山區,鳳東里,1359,2173,556,650,1206,45,1251
高雄市,鳳山區,鳳東里,1360,2255,458,834,1292,35,1327
高雄市,鳳山區,鳳東里,1361,1556,422,525,947,31,978
高雄市,鳳山區,埤頂里,1362,1521,383,444,827,38,865
高雄市,鳳山區,埤頂里,1363,1407,356,383,739,26,765
高雄市,鳳山區,埤頂里,1364,1542,332,564,896,42,938
高雄市,鳳山區,埤頂里,1365,1502,327,483,810,18,828
高雄市,鳳山區,中正里,1366,1320,276,508,784,49,833
高雄市,鳳山區,中正里,1367,1507,141,668,809,30,839
高雄市,鳳山區,中正里,1368,1284,154,633,787,40,827
高雄市,鳳山區,海光里,1369,1441,327,462,789,29,818
高雄市,鳳山區,海光里,1370,1485,336,542,878,51,929
高雄市,鳳山區,國泰里,1371,1205,329,367,696,37,733
高雄市,鳳山區,國泰里,1372,1284,333,387,720,20,740
高雄市,鳳山區,國泰里,1373,1326,378,416,794,39,833
高雄市,鳳山區,國光里,1374,1096,326,336,662,23,685
高雄市,鳳山區,國光里,1375,1182,340,386,726,47,773
高雄市,鳳山區,國光里,1376,1017,311,356,667,34,701
高雄市,鳳山區,國隆里,1377,1198,348,326,674,59,733
高雄市,鳳山區,國隆里,1378,1281,369,346,715,29,744
高雄市,鳳山區,國富里,1379,1358,399,464,863,22,885
高雄市,鳳山區,國富里,1380,1226,357,444,801,32,833
高雄市,鳳山區,武慶里,1381,1098,349,335,684,34,718
高雄市,鳳山區,武慶里,1382,1200,328,398,726,27,753
高雄市,鳳山區,武漢里,1383,942,300,212,512,26,538
高雄市,鳳山區,武漢里,1384,1206,325,383,708,24,732
高雄市,鳳山區,武漢里,1385,1159,316,420,736,26,762
高雄市,鳳山區,武漢里,1386,1401,439,418,857,28,885
高雄市,鳳山區,新甲里,1387,1525,404,455,859,21,880
高雄市,鳳山區,新甲里,1388,1345,407,378,785,27,812
高雄市,鳳山區,新武里,1389,1180,382,368,750,33,783
高雄市,鳳山區,新武里,1390,1106,311,316,627,20,647
高雄市,鳳山區,新泰里,1391,1442,343,519,862,48,910
高雄市,鳳山區,新泰里,1392,1376,358,468,826,36,862
高雄市,鳳山區,新泰里,1393,1243,324,413,737,26,763
高雄市,鳳山區,新樂里,1394,1361,377,438,815,15,830
高雄市,鳳山區,新樂里,1395,1416,420,432,852,39,891
高雄市,鳳山區,新樂里,1396,1536,460,522,982,30,1012
高雄市,鳳山區,新強里,1397,1388,381,381,762,33,795
高雄市,鳳山區,新強里,1398,1241,392,350,742,56,798
高雄市,鳳山區,新強里,1399,1394,395,459,854,33,887
高雄市,鳳山區,新強里,1400,1188,313,462,775,21,796
高雄市,鳳山區,海洋里,1401,1112,349,326,675,25,700
高雄市,鳳山區,海洋里,1402,1198,377,393,770,32,802
高雄市,鳳山區,海洋里,1403,1475,374,470,844,21,865
高雄市,鳳山區,新富里,1404,1216,392,306,698,29,727
高雄市,鳳山區,新富里,1405,1318,442,297,739,26,765
高雄市,鳳山區,新富里,1406,1465,391,465,856,16,872
高雄市,鳳山區,老爺里,1407,1314,410,331,741,21,762
高雄市,鳳山區,老爺里,1408,1649,424,439,863,20,883
高雄市,鳳山區,老爺里,1409,1601,437,419,856,69,925
高雄市,鳳山區,老爺里,1410,1155,336,431,767,18,785
高雄市,鳳山區,老爺里,1411,1050,318,284,602,51,653
高雄市,鳳山區,中民里,1412,1417,366,387,753,17,770
高雄市,鳳山區,中民里,1413,1525,403,444,847,50,897
高雄市,鳳山區,中民里,1414,1514,382,497,879,39,918
高雄市,鳳山區,中崙里,1415,1190,362,314,676,34,710
高雄市,鳳山區,中崙里,1416,1325,333,407,740,23,763
高雄市,鳳山區,中榮里,1417,1049,303,330,633,34,667
高雄市,鳳山區,中榮里,1418,1026,326,300,626,20,646
高雄市,鳳山區,中榮里,1419,1152,320,372,692,36,728
高雄市,鳳山區,中榮里,1420,1254,434,250,684,12,696
高雄市,鳳山區,過埤里,1421,1688,505,394,899,27,926
高雄市,鳳山區,過埤里,1422,1657,395,547,942,44,986
高雄市,鳳山區,過埤里,1423,1729,408,503,911,17,928
高雄市,鳳山區,過埤里,1424,1628,449,503,952,45,997
高雄市,鳳山區,過埤里,1425,1891,426,540,966,12,978
高雄市,鳳山區,過埤里,1426,1594,387,584,971,31,1002
高雄市,鳳山區,過埤里,1427,1342,354,508,862,13,875
高雄市,鳳山區,過埤里,1428,1448,425,505,930,20,950
高雄市,鳳山區,正義里,1429,1405,421,409,830,48,878
高雄市,鳳山區,正義里,1430,1097,376,303,679,44,723
高雄市,鳳山區,正義里,1431,1248,415,357,772,57,829
高雄市,鳳山區,正義里,1432,1225,376,346,722,49,771
高雄市,鳳山區,正義里,1433,1214,376,331,707,34,741
高雄市,鳳山區,保安里,1434,2032,519,666,1185,70,1255
高雄市,鳳山區,保安里,1435,1927,523,602,1125,39,1164
高雄市,鳳山區,保安里,1436,2097,576,688,1264,43,1307
高雄市,鳳山區,一甲里,1437,968,294,257,551,23,574
高雄市,鳳山區,一甲里,1438,1200,344,321,665,35,700
高雄市,鳳山區,一甲里,1439,1101,325,310,635,48,683
高雄市,鳳山區,二甲里,1440,1369,393,352,745,33,778
高雄市,鳳山區,二甲里,1441,1542,453,425,878,45,923
高雄市,鳳山區,二甲里,1442,1536,462,468,930,34,964
高雄市,鳳山區,龍成里,1443,1382,416,378,794,18,812
高雄市,鳳山區,龍成里,1444,1452,486,379,865,48,913
高雄市,鳳山區,鎮南里,1445,1058,284,328,612,41,653
高雄市,鳳山區,鎮南里,1446,976,301,294,595,43,638
高雄市,鳳山區,鎮南里,1447,1545,387,433,820,24,844
高雄市,鳳山區,鎮南里,1448,1143,348,303,651,31,682
高雄市,鳳山區,富甲里,1449,1301,190,165,355,15,370
高雄市,鳳山區,富甲里,1450,1250,290,341,631,29,660
高雄市,鳳山區,善美里,1451,1208,370,332,702,24,726
高雄市,鳳山區,善美里,1452,1202,340,354,694,51,745
高雄市,鳳山區,善美里,1453,1499,408,415,823,58,881
高雄市,鳳山區,善美里,1454,1522,378,434,812,35,847
高雄市,鳳山區,富榮里,1455,1125,324,383,707,36,743
高雄市,鳳山區,富榮里,1456,1307,372,404,776,26,802
高雄市,鳳山區,南和里,1457,1405,406,403,809,40,849
高雄市,鳳山區,南和里,1458,1252,344,375,719,41,760
高雄市,鳳山區,南成里,1459,1291,364,447,811,30,841
高雄市,鳳山區,南成里,1460,938,288,270,558,50,608
高雄市,鳳山區,南成里,1461,1783,523,516,1039,33,1072
高雄市,鳳山區,南成里,1462,1105,328,346,674,31,705
高雄市,鳳山區,南成里,1463,1392,433,350,783,62,845
高雄市,鳳山區,南成里,1464,1244,381,421,802,31,833
高雄市,鳳山區,天興里,1465,1154,342,310,652,32,684
高雄市,鳳山區,天興里,1466,1153,304,363,667,38,705
高雄市,鳳山區,天興里,1467,1148,319,295,614,14,628
高雄市,鳳山區,大德里,1468,1432,339,425,764,66,830
高雄市,鳳山區,大德里,1469,1429,400,216,616,28,644
高雄市,鳳山區,大德里,1470,1479,410,429,839,26,865
高雄市,鳳山區,五福里,1471,1026,356,284,640,28,668
高雄市,鳳山區,五福里,1472,993,361,266,627,57,684
高雄市,鳳山區,五福里,1473,947,98,478,576,46,622
高雄市,鳳山區,福興里,1474,1042,330,281,611,34,645
高雄市,鳳山區,福興里,1475,1098,363,284,647,28,675
高雄市,鳳山區,福興里,1476,1284,388,321,709,19,728
高雄市,鳳山區,福興里,1477,1242,364,307,671,34,705
高雄市,鳳山區,福興里,1478,1093,331,316,647,46,693
高雄市,鳳山區,福祥里,1479,1353,414,336,750,34,784
高雄市,鳳山區,福祥里,1480,1353,372,352,724,22,746
高雄市,鳳山區,福誠里,1481,1309,341,436,777,39,816
高雄市,鳳山區,福誠里,1482,1627,464,477,941,39,980
高雄市,鳳山區,福誠里,1483,1372,425,379,804,50,854
高雄市,前鎮區,草衙里,1484,1809,412,520,932,80,1012
高雄市,前鎮區,草衙里,1485,1835,511,457,968,44,1012
高雄市,前鎮區,草衙里,1486,1890,412,399,811,33,844
高雄市,前鎮區,草衙里,1487,2013,555,460,1015,36,1051
高雄市,前鎮區,草衙里,1488,1776,480,443,923,46,969
高雄市,前鎮區,明孝里,1489,1705,460,345,805,37,842
高雄市,前鎮區,明孝里,1490,672,206,186,392,30,422
高雄市,前鎮區,明正里,1491,1726,419,415,834,34,868
高雄市,前鎮區,明正里,1492,1597,519,406,925,24,949
高雄市,前鎮區,明正里,1493,1690,524,413,937,60,997
高雄市,前鎮區,明義里,1494,1080,290,355,645,45,690
高雄市,前鎮區,明義里,1495,1159,420,322,742,33,775
高雄市,前鎮區,仁愛里,1496,1314,436,289,725,42,767
高雄市,前鎮區,德昌里,1497,896,283,263,546,28,574
高雄市,前鎮區,德昌里,1498,1002,256,313,569,35,604
高雄市,前鎮區,平等里,1499,2765,540,489,1029,60,1089
高雄市,前鎮區,平昌里,1500,600,216,147,363,28,391
高雄市,前鎮區,明禮里,1501,1466,364,219,583,18,601
高雄市,前鎮區,信義里,1502,1449,487,348,835,39,874
高雄市,前鎮區,信德里,1503,991,305,252,557,26,583
高雄市,前鎮區,信德里,1504,1248,373,368,741,37,778
高雄市,前鎮區,明道里,1505,1066,383,252,635,48,683
高雄市,前鎮區,興化里,1506,706,247,162,409,21,430
高雄市,前鎮區,興仁里,1507,713,240,175,415,15,430
高雄市,前鎮區,前鎮里,1508,1344,456,279,735,31,766
高雄市,前鎮區,鎮東里,1509,856,291,223,514,26,540
高雄市,前鎮區,鎮東里,1510,873,290,198,488,31,519
高雄市,前鎮區,鎮榮里,1511,1114,360,258,618,36,654
高雄市,前鎮區,鎮榮里,1512,1112,340,246,586,19,605
高雄市,前鎮區,鎮昌里,1513,1044,315,270,585,32,617
高雄市,前鎮區,鎮昌里,1514,940,296,208,504,23,527
高雄市,前鎮區,鎮海里,1515,1342,360,320,680,49,729
高雄市,前鎮區,鎮海里,1516,1402,446,445,891,38,929
高雄市,前鎮區,鎮海里,1517,1320,353,450,803,22,825
高雄市,前鎮區,鎮陽里,1518,958,306,256,562,21,583
高雄市,前鎮區,興邦里,1519,1276,361,487,848,37,885
高雄市,前鎮區,興邦里,1520,1459,413,450,863,55,918
高雄市,前鎮區,鎮中里,1521,761,251,159,410,25,435
高雄市,前鎮區,鎮北里,1522,1093,352,290,642,18,660
高雄市,前鎮區,忠純里,1523,1521,226,714,940,31,971
高雄市,前鎮區,忠純里,1524,1557,254,687,941,28,969
高雄市,前鎮區,忠純里,1525,1821,369,599,968,27,995
高雄市,前鎮區,忠誠里,1526,1066,176,521,697,40,737
高雄市,前鎮區,忠誠里,1527,1046,160,501,661,19,680
高雄市,前鎮區,西山里,1528,1709,473,507,980,40,1020
高雄市,前鎮區,西山里,1529,1723,421,607,1028,37,1065
高雄市,前鎮區,民權里,1530,1202,364,407,771,24,795
高雄市,前鎮區,民權里,1531,1279,404,448,852,26,878
高雄市,前鎮區,民權里,1532,1513,348,606,954,23,977
高雄市,前鎮區,建隆里,1533,1260,330,432,762,23,785
高雄市,前鎮區,振興里,1534,1139,346,362,708,58,766
高雄市,前鎮區,振興里,1535,1140,333,405,738,28,766
高雄市,前鎮區,良和里,1536,1462,422,461,883,42,925
高雄市,前鎮區,良和里,1537,1359,348,482,830,26,856
高雄市,前鎮區,西甲里,1538,2037,538,504,1042,52,1094
高雄市,前鎮區,盛興里,1539,1410,340,463,803,10,813
高雄市,前鎮區,盛興里,1540,1307,347,402,749,21,770
高雄市,前鎮區,盛豐里,1541,1512,425,431,856,46,902
高雄市,前鎮區,盛豐里,1542,1491,418,453,871,45,916
高雄市,前鎮區,興中里,1543,1621,447,481,928,36,964
高雄市,前鎮區,興中里,1544,1522,374,422,796,26,822
高雄市,前鎮區,興東里,1545,1593,489,456,945,36,981
高雄市,前鎮區,興東里,1546,1885,538,600,1138,32,1170
高雄市,前鎮區,興東里,1547,1870,487,628,1115,56,1171
高雄市,前鎮區,忠孝里,1548,1388,363,464,827,23,850
高雄市,前鎮區,忠孝里,1549,1348,356,444,800,44,844
高雄市,前鎮區,復國里,1550,1341,402,347,749,50,799
高雄市,前鎮區,復國里,1551,1364,410,460,870,28,898
高雄市,前鎮區,竹內里,1552,1367,415,388,803,38,841
高雄市,前鎮區,竹內里,1553,1326,442,341,783,37,820
高雄市,前鎮區,竹東里,1554,1059,323,291,614,29,643
高雄市,前鎮區,竹東里,1555,1119,335,350,685,25,710
高雄市,前鎮區,竹南里,1556,1565,471,411,882,30,912
高雄市,前鎮區,竹南里,1557,1549,413,474,887,43,930
高雄市,前鎮區,竹南里,1558,1691,459,621,1080,27,1107
高雄市,前鎮區,竹南里,1559,1837,458,611,1069,21,1090
高雄市,前鎮區,竹北里,1560,1092,360,348,708,12,720
高雄市,前鎮區,竹北里,1561,1126,342,341,683,37,720
高雄市,前鎮區,竹西里,1562,1215,354,317,671,45,716
高雄市,前鎮區,竹西里,1563,1443,436,449,885,19,904
高雄市,前鎮區,竹西里,1564,1448,397,579,976,27,1003
高雄市,前鎮區,竹中里,1565,1648,422,546,968,59,1027
高雄市,前鎮區,竹中里,1566,1603,454,426,880,40,920
高雄市,前鎮區,瑞竹里,1567,1596,400,418,818,19,837
高雄市,前鎮區,瑞南里,1568,1450,413,367,780,21,801
高雄市,前鎮區,瑞南里,1569,1510,389,418,807,57,864
高雄市,前鎮區,瑞南里,1570,1647,592,384,976,67,1043
高雄市,前鎮區,瑞豐里,1571,1342,352,411,763,29,792
高雄市,前鎮區,瑞豐里,1572,1384,386,365,751,33,784
高雄市,前鎮區,瑞祥里,1573,1479,417,410,827,40,867
高雄市,前鎮區,瑞祥里,1574,1546,393,523,916,37,953
高雄市,前鎮區,瑞祥里,1575,1595,430,501,931,49,980
高雄市,前鎮區,瑞東里,1576,1201,338,382,720,35,755
高雄市,前鎮區,瑞東里,1577,1082,347,259,606,27,633
高雄市,前鎮區,瑞和里,1578,996,273,283,556,22,578
高雄市,前鎮區,瑞和里,1579,932,327,224,551,41,592
高雄市,前鎮區,瑞平里,1580,1146,327,334,661,36,697
高雄市,前鎮區,瑞平里,1581,1096,388,294,682,32,714
高雄市,前鎮區,瑞平里,1582,1332,382,461,843,21,864
高雄市,前鎮區,瑞隆里,1583,1175,383,317,700,33,733
高雄市,前鎮區,瑞隆里,1584,986,306,268,574,33,607
高雄市,前鎮區,瑞隆里,1585,1316,406,384,790,41,831
高雄市,前鎮區,瑞北里,1586,1559,432,378,810,47,857
高雄市,前鎮區,瑞北里,1587,1622,484,484,968,46,1014
高雄市,前鎮區,瑞西里,1588,1310,420,352,772,34,806
高雄市,前鎮區,瑞西里,1589,1299,488,307,795,47,842
高雄市,前鎮區,瑞崗里,1590,1191,362,402,764,38,802
高雄市,前鎮區,瑞崗里,1591,1375,414,365,779,23,802
高雄市,前鎮區,瑞興里,1592,1338,431,370,801,26,827
高雄市,前鎮區,瑞興里,1593,1175,414,275,689,21,710
高雄市,前鎮區,瑞誠里,1594,1357,385,379,764,21,785
高雄市,前鎮區,瑞誠里,1595,1187,397,373,770,40,810
高雄市,前鎮區,瑞文里,1596,1164,358,318,676,37,713
高雄市,前鎮區,瑞文里,1597,1219,452,324,776,29,805
高雄市,前鎮區,瑞華里,1598,1428,365,439,804,24,828
高雄市,前鎮區,瑞華里,1599,1495,467,378,845,60,905
高雄市,前鎮區,瑞華里,1600,1531,398,522,920,45,965
高雄市,前鎮區,瑞昌里,1601,1509,475,394,869,47,916
高雄市,前鎮區,瑞昌里,1602,1591,463,439,902,42,944
高雄市,小港區,小港里,1603,1108,328,380,708,30,738
高雄市,小港區,小港里,1604,1171,349,368,717,30,747
高雄市,小港區,港口里,1605,1557,471,514,985,18,1003
高雄市,小港區,港口里,1606,1668,393,511,904,22,926
高雄市,小港區,港正里,1607,1183,313,493,806,17,823
高雄市,小港區,港正里,1608,1372,351,500,851,21,872
高雄市,小港區,港墘里,1609,1737,524,502,1026,55,1081
高雄市,小港區,港明里,1610,1586,483,391,874,37,911
高雄市,小港區,港明里,1611,1558,376,438,814,40,854
高雄市,小港區,港后里,1612,1284,441,378,819,40,859
高雄市,小港區,港后里,1613,1249,380,366,746,36,782
高雄市,小港區,港南里,1614,2400,552,549,1101,45,1146
高雄市,小港區,港興里,1615,1181,387,340,727,34,761
高雄市,小港區,港興里,1616,1079,323,315,638,31,669
高雄市,小港區,鳳宮里,1617,1335,389,384,773,24,797
高雄市,小港區,鳳宮里,1618,1241,377,363,740,36,776
高雄市,小港區,店鎮里,1619,1513,438,411,849,33,882
高雄市,小港區,店鎮里,1620,1349,411,407,818,46,864
高雄市,小港區,店鎮里,1621,1483,430,403,833,43,876
高雄市,小港區,店鎮里,1622,1451,428,435,863,14,877
高雄市,小港區,大苓里,1623,1241,360,333,693,26,719
高雄市,小港區,大苓里,1624,1262,425,377,802,49,851
高雄市,小港區,二苓里,1625,1813,540,513,1053,59,1112
高雄市,小港區,二苓里,1626,1877,515,483,998,27,1025
高雄市,小港區,三苓里,1627,1391,422,397,819,17,836
高雄市,小港區,三苓里,1628,1453,483,435,918,32,950
高雄市,小港區,正苓里,1629,1374,394,416,810,25,835
高雄市,小港區,正苓里,1630,1348,358,406,764,33,797
高雄市,小港區,正苓里,1631,1334,372,426,798,46,844
高雄市,小港區,順苓里,1632,1433,444,392,836,27,863
高雄市,小港區,順苓里,1633,1448,399,379,778,28,806
高雄市,小港區,順苓里,1634,1488,402,506,908,57,965
高雄市,小港區,六苓里,1635,1278,387,380,767,41,808
高雄市,小港區,六苓里,1636,1306,407,477,884,37,921
高雄市,小港區,宏亮里,1637,1625,472,471,943,45,988
高雄市,小港區,宏亮里,1638,1640,464,542,1006,48,1054
高雄市,小港區,山東里,1639,1506,379,477,856,34,890
高雄市,小港區,山東里,1640,1438,234,522,756,45,801
高雄市,小港區,青島里,1641,1105,242,480,722,30,752
高雄市,小港區,青島里,1642,1167,263,384,647,19,666
高雄市,小港區,濟南里,1643,1420,373,510,883,24,907
高雄市,小港區,濟南里,1644,1380,358,510,868,49,917
高雄市,小港區,濟南里,1645,1239,331,393,724,19,743
高雄市,小港區,泰山里,1646,1563,640,304,944,35,979
高雄市,小港區,泰山里,1647,1644,477,475,952,45,997
高雄市,小港區,山明里,1648,1895,472,575,1047,54,1101
高雄市,小港區,山明里,1649,1748,503,459,962,46,1008
高雄市,小港區,山明里,1650,1579,447,471,918,57,975
高雄市,小港區,山明里,1651,2135,543,639,1182,30,1212
高雄市,小港區,山明里,1652,1728,462,524,986,44,1030
高雄市,小港區,山明里,1653,2022,524,544,1068,41,1109
高雄市,小港區,高松里,1654,1329,364,304,668,22,690
高雄市,小港區,高松里,1655,1320,405,363,768,20,788
高雄市,小港區,高松里,1656,1267,381,366,747,42,789
高雄市,小港區,松金里,1657,1298,378,397,775,61,836
高雄市,小港區,松金里,1658,1289,423,371,794,30,824
高雄市,小港區,松山里,1659,1534,477,459,936,28,964
高雄市,小港區,松山里,1660,1494,392,494,886,44,930
高雄市,小港區,大坪里,1661,1377,403,406,809,46,855
高雄市,小港區,大坪里,1662,1344,411,414,825,39,864
高雄市,小港區,坪頂里,1663,1508,463,402,865,36,901
高雄市,小港區,坪頂里,1664,1400,427,331,758,30,788
高雄市,小港區,坪頂里,1665,1457,395,474,869,37,906
高雄市,小港區,坪頂里,1666,1392,374,394,768,22,790
高雄市,小港區,孔宅里,1667,1983,569,514,1083,41,1124
高雄市,小港區,孔宅里,1668,1204,317,383,700,22,722
高雄市,小港區,孔宅里,1669,1300,308,422,730,32,762
高雄市,小港區,廈莊里,1670,1857,533,590,1123,48,1171
高雄市,小港區,廈莊里,1671,1566,409,486,895,28,923
高雄市,小港區,合作里,1672,1343,421,429,850,42,892
高雄市,小港區,合作里,1673,1236,421,357,778,49,827
高雄市,小港區,桂林里,1674,1564,538,421,959,58,1017
高雄市,小港區,桂林里,1675,1484,445,429,874,26,900
高雄市,小港區,桂林里,1676,1477,425,422,847,39,886
高雄市,小港區,桂林里,1677,1482,440,486,926,20,946
高雄市,小港區,桂林里,1678,1708,439,438,877,38,915
高雄市,小港區,中厝里,1679,1867,541,467,1008,95,1103
高雄市,小港區,中厝里,1680,1709,484,433,917,24,941
高雄市,小港區,鳳鳴里,1681,1425,355,388,743,47,790
高雄市,小港區,鳳鳴里,1682,1696,420,423,843,31,874
高雄市,小港區,龍鳳里,1683,1522,375,362,737,35,772
高雄市,小港區,龍鳳里,1684,1531,466,399,865,40,905
高雄市,小港區,鳳森里,1685,2215,611,556,1167,75,1242
高雄市,小港區,鳳林里,1686,1515,510,383,893,28,921
高雄市,小港區,鳳林里,1687,1535,465,381,846,29,875
高雄市,小港區,鳳興里,1688,1276,415,308,723,19,742
高雄市,小港區,鳳興里,1689,1217,349,296,645,31,676
高雄市,小港區,鳳源里,1690,1707,468,378,846,31,877
高雄市,小港區,鳳源里,1691,1920,539,453,992,54,1046
高雄市,大寮區,拷潭里,1692,727,243,147,390,20,410
高雄市,大寮區,拷潭里,1693,718,225,157,382,17,399
高雄市,大寮區,內坑里,1694,1340,333,351,684,32,716
高雄市,大寮區,內坑里,1695,1575,343,379,722,26,748
高雄市,大寮區,內坑里,1696,444,128,119,247,17,264
高雄市,大寮區,內坑里,1697,2374,470,553,1023,35,1058
高雄市,大寮區,大寮里,1698,1291,389,309,698,41,739
高雄市,大寮區,大寮里,1699,1400,390,385,775,48,823
高雄市,大寮區,大寮里,1700,1390,389,360,749,25,774
高雄市,大寮區,大寮里,1701,1401,403,337,740,48,788
高雄市,大寮區,大寮里,1702,1199,313,312,625,24,649
高雄市,大寮區,上寮里,1703,1210,352,266,618,19,637
高雄市,大寮區,上寮里,1704,1195,368,286,654,40,694
高雄市,大寮區,三隆里,1705,1166,368,269,637,22,659
高雄市,大寮區,三隆里,1706,1353,392,358,750,35,785
高雄市,大寮區,三隆里,1707,1052,300,299,599,49,648
高雄市,大寮區,三隆里,1708,1024,287,220,507,22,529
高雄市,大寮區,琉球里,1709,1189,381,301,682,16,698
高雄市,大寮區,琉球里,1710,1512,439,429,868,50,918
高雄市,大寮區,琉球里,1711,1633,465,383,848,48,896
高雄市,大寮區,翁園里,1712,1214,427,328,755,22,777
高雄市,大寮區,翁園里,1713,1258,422,354,776,67,843
高雄市,大寮區,翁園里,1714,1323,458,346,804,26,830
高雄市,大寮區,前庄里,1715,1253,334,412,746,32,778
高雄市,大寮區,前庄里,1716,1035,294,312,606,51,657
高雄市,大寮區,中庄里,1717,1106,302,324,626,29,655
高雄市,大寮區,中庄里,1718,1195,335,322,657,30,687
高雄市,大寮區,中庄里,1719,1051,356,283,639,24,663
高雄市,大寮區,中庄里,1720,1425,392,429,821,47,868
高雄市,大寮區,中庄里,1721,1635,396,494,890,37,927
高雄市,大寮區,中庄里,1722,1359,413,374,787,39,826
高雄市,大寮區,中庄里,1723,1361,352,413,765,54,819
高雄市,大寮區,中庄里,1724,1629,410,502,912,35,947
高雄市,大寮區,後庄里,1725,1518,375,470,845,43,888
高雄市,大寮區,後庄里,1726,1620,380,492,872,45,917
高雄市,大寮區,後庄里,1727,1648,430,441,871,23,894
高雄市,大寮區,後庄里,1728,1385,753,30,783,46,829
高雄市,大寮區,後庄里,1729,1435,375,421,796,18,814
高雄市,大寮區,義仁里,1730,1046,331,270,601,19,620
高雄市,大寮區,義仁里,1731,789,236,170,406,29,435
高雄市,大寮區,新厝里,1732,909,244,226,470,28,498
高雄市,大寮區,新厝里,1733,733,255,165,420,29,449
高雄市,大寮區,過溪里,1734,1553,391,409,800,57,857
高雄市,大寮區,過溪里,1735,922,254,242,496,30,526
高雄市,大寮區,潮寮里,1736,1012,313,233,546,52,598
高雄市,大寮區,潮寮里,1737,968,313,194,507,40,547
高雄市,大寮區,潮寮里,1738,1021,331,258,589,33,622
高雄市,大寮區,會結里,1739,1554,406,345,751,39,790
高雄市,大寮區,會社里,1740,1120,330,328,658,29,687
高雄市,大寮區,會社里,1741,1225,350,377,727,34,761
高雄市,大寮區,會社里,1742,1320,219,269,488,23,511
高雄市,大寮區,會社里,1743,1317,329,397,726,39,765
高雄市,大寮區,會社里,1744,1119,277,355,632,10,642
高雄市,大寮區,山頂里,1745,1190,352,343,695,28,723
高雄市,大寮區,山頂里,1746,1229,320,394,714,42,756
高雄市,大寮區,山頂里,1747,1178,293,430,723,30,753
高雄市,大寮區,山頂里,1748,1272,336,439,775,22,797
高雄市,大寮區,山頂里,1749,1413,380,401,781,20,801
高雄市,大寮區,山頂里,1750,1185,318,410,728,22,750
高雄市,大寮區,忠義里,1751,553,111,211,322,6,328
高雄市,大寮區,永芳里,1752,1121,315,296,611,51,662
高雄市,大寮區,永芳里,1753,1227,339,370,709,22,731
高雄市,大寮區,永芳里,1754,1058,326,349,675,46,721
高雄市,大寮區,永芳里,1755,1209,350,324,674,24,698
高雄市,大寮區,永芳里,1756,1100,325,332,657,21,678
高雄市,大寮區,永芳里,1757,1122,299,313,612,20,632
高雄市,大寮區,義和里,1758,983,343,263,606,44,650
高雄市,大寮區,義和里,1759,1192,339,282,621,19,640
高雄市,大寮區,溪寮里,1760,719,196,211,407,23,430
高雄市,大寮區,溪寮里,1761,829,259,252,511,16,527
高雄市,大寮區,江山里,1762,771,231,258,489,44,533
高雄市,大寮區,江山里,1763,1075,347,292,639,49,688
高雄市,大寮區,昭明里,1764,1280,404,333,737,60,797
高雄市,大寮區,昭明里,1765,1179,359,306,665,40,705
高雄市,大寮區,昭明里,1766,1210,333,330,663,28,691
高雄市,大寮區,光武里,1767,189,46,66,112,8,120
高雄市,大寮區,中興里,1768,1228,256,451,707,50,757
高雄市,大寮區,中興里,1769,1170,251,393,644,39,683
高雄市,大寮區,中興里,1770,1416,284,553,837,40,877
高雄市,大寮區,中興里,1771,1482,353,523,876,36,912
高雄市,大寮區,中興里,1772,1478,273,521,794,34,828
高雄市,林園區,東林里,1773,1262,393,342,735,46,781
高雄市,林園區,東林里,1774,1562,387,420,807,46,853
高雄市,林園區,林園里,1775,1078,318,305,623,23,646
高雄市,林園區,林園里,1776,979,280,315,595,37,632
高雄市,林園區,林園里,1777,1195,354,292,646,38,684
高雄市,林園區,溪州里,1778,1380,353,360,713,46,759
高雄市,林園區,溪州里,1779,1280,320,379,699,39,738
高雄市,林園區,溪州里,1780,1269,341,339,680,19,699
高雄市,林園區,潭頭里,1781,1568,338,341,679,17,696
高雄市,林園區,潭頭里,1782,1226,325,372,697,41,738
高雄市,林園區,中厝里,1783,1480,351,424,775,48,823
高雄市,林園區,中厝里,1784,1459,368,461,829,38,867
高雄市,林園區,中門里,1785,1593,459,377,836,45,881
高雄市,林園區,中門里,1786,895,267,231,498,51,549
高雄市,林園區,頂厝里,1787,1110,290,272,562,27,589
高雄市,林園區,頂厝里,1788,1348,390,324,714,26,740
高雄市,林園區,頂厝里,1789,912,283,237,520,32,552
高雄市,林園區,頂厝里,1790,1085,350,321,671,38,709
高雄市,林園區,港埔里,1791,955,277,246,523,37,560
高雄市,林園區,港埔里,1792,879,291,231,522,27,549
高雄市,林園區,西溪里,1793,1103,360,261,621,35,656
高雄市,林園區,西溪里,1794,1054,351,296,647,43,690
高雄市,林園區,西溪里,1795,1292,341,326,667,18,685
高雄市,林園區,港嘴里,1796,1683,439,385,824,15,839
高雄市,林園區,北汕里,1797,607,152,183,335,21,356
高雄市,林園區,北汕里,1798,1012,293,261,554,41,595
高雄市,林園區,林內里,1799,1046,314,270,584,36,620
高雄市,林園區,林內里,1800,914,184,239,423,21,444
高雄市,林園區,王公里,1801,1405,396,408,804,39,843
高雄市,林園區,王公里,1802,1299,360,396,756,48,804
高雄市,林園區,王公里,1803,1170,326,334,660,28,688
高雄市,林園區,林家里,1804,1299,349,277,626,31,657
高雄市,林園區,龔厝里,1805,1031,277,290,567,25,592
高雄市,林園區,龔厝里,1806,849,260,220,480,14,494
高雄市,林園區,鳳芸里,1807,838,293,169,462,37,499
高雄市,林園區,鳳芸里,1808,938,317,247,564,17,581
高雄市,林園區,中芸里,1809,1051,309,231,540,32,572
高雄市,林園區,中芸里,1810,786,266,186,452,32,484
高雄市,林園區,東汕里,1811,894,301,212,513,64,577
高雄市,林園區,西汕里,1812,749,201,133,334,14,348
高雄市,林園區,仁愛里,1813,1485,473,414,887,38,925
高雄市,林園區,仁愛里,1814,1478,447,402,849,62,911
高雄市,林園區,文賢里,1815,1345,376,431,807,49,856
高雄市,林園區,文賢里,1816,1038,400,164,564,17,581
高雄市,林園區,廣應里,1817,1203,366,306,672,29,701
高雄市,林園區,廣應里,1818,1138,352,292,644,24,668
高雄市,林園區,廣應里,1819,1025,246,266,512,17,529
高雄市,林園區,五福里,1820,1341,378,354,732,63,795
高雄市,林園區,五福里,1821,1218,311,257,568,22,590
高雄市,林園區,中汕里,1822,1147,334,218,552,22,574
高雄市,林園區,中汕里,1823,1176,350,228,578,20,598
新北市,石門區,德茂里,1,1121,261,291,552,32,584
新北市,石門區,富基里,2,1389,297,332,629,43,672
新北市,石門區,老梅里,3,933,230,235,465,35,500
新北市,石門區,老梅里,4,1244,269,313,582,42,624
新北市,石門區,山溪里,5,883,225,227,452,37,489
新北市,石門區,石門里,6,1564,347,482,829,33,862
新北市,石門區,尖鹿里,7,1500,333,427,760,41,801
新北市,石門區,乾華里,8,328,71,77,148,4,152
新北市,石門區,茂林里,9,651,167,222,389,16,405
新北市,石門區,草里里,10,915,152,223,375,38,413
新北市,三芝區,八賢里,11,312,81,62,143,7,150
新北市,三芝區,埔頭里,12,1421,298,372,670,33,703
新北市,三芝區,埔頭里,13,1557,330,442,772,42,814
新北市,三芝區,埔頭里,14,1828,427,476,903,52,955
新北市,三芝區,古庄里,15,1060,254,262,516,28,544
新北市,三芝區,新庄里,16,819,165,169,334,28,362
新北市,三芝區,埔坪里,17,1701,298,411,709,26,735
新北市,三芝區,埔坪里,18,1740,357,437,794,50,844
新北市,三芝區,埔坪里,19,1451,298,350,648,35,683
新北市,三芝區,埔坪里,20,1248,239,293,532,42,574
新北市,三芝區,茂長里,21,629,165,161,326,15,341
新北市,三芝區,橫山里,22,504,86,124,210,23,233
新北市,三芝區,錫板里,23,698,157,157,314,8,322
新北市,三芝區,後厝里,24,2069,405,569,974,28,1002
新北市,三芝區,福德里,25,784,169,225,394,27,421
新北市,三芝區,圓山里,26,522,123,116,239,25,264
新北市,三芝區,店子里,27,587,146,144,290,22,312
新北市,三芝區,興華里,28,1189,303,266,569,41,610
新北市,淡水區,中和里,29,544,150,127,277,13,290
新北市,淡水區,屯山里,30,1044,258,287,545,40,585
新北市,淡水區,賢孝里,31,1462,308,416,724,37,761
新北市,淡水區,興仁里,32,1525,348,406,754,53,807
新北市,淡水區,蕃薯里,33,986,206,244,450,27,477
新北市,淡水區,忠山里,34,806,189,241,430,31,461
新北市,淡水區,義山里,35,1173,257,364,621,42,663
新北市,淡水區,義山里,36,1343,246,360,606,40,646
新北市,淡水區,水源里,37,1153,266,239,505,21,526
新北市,淡水區,水源里,38,874,246,187,433,20,453
新北市,淡水區,忠寮里,39,1063,295,263,558,41,599
新北市,淡水區,樹興里,40,1309,276,365,641,32,673
新北市,淡水區,坪頂里,41,1290,309,351,660,36,696
新北市,淡水區,福德里,42,1675,350,593,943,18,961
新北市,淡水區,福德里,43,1589,333,520,853,34,887
新北市,淡水區,福德里,44,1624,342,571,913,30,943
新北市,淡水區,福德里,45,1241,274,374,648,27,675
新北市,淡水區,竹圍里,46,1317,302,385,687,48,735
新北市,淡水區,竹圍里,47,1225,276,410,686,25,711
新北市,淡水區,竹圍里,48,1426,313,449,762,37,799
新北市,淡水區,竹圍里,49,1610,328,583,911,31,942
新北市,淡水區,民權里,50,1982,629,452,1081,35,1116
新北市,淡水區,民權里,51,1924,392,473,865,43,908
新北市,淡水區,民生里,52,1822,381,506,887,32,919
新北市,淡水區,民生里,53,1232,362,338,700,48,748
新北市,淡水區,民生里,54,1588,393,453,846,69,915
新北市,淡水區,民生里,55,1784,354,532,886,21,907
新北市,淡水區,八勢里,56,1762,406,487,893,35,928
新北市,淡水區,八勢里,57,1546,309,493,802,24,826
新北市,淡水區,八勢里,58,1897,397,599,996,34,1030
新北市,淡水區,竿蓁里,59,1489,290,473,763,24,787
新北市,淡水區,竿蓁里,60,1679,349,493,842,26,868
新北市,淡水區,竿蓁里,61,1693,305,510,815,38,853
新北市,淡水區,竿蓁里,62,1674,374,470,844,21,865
新北市,淡水區,竿蓁里,63,1330,293,421,714,23,737
新北市,淡水區,竿蓁里,64,1467,155,597,752,18,770
新北市,淡水區,崁頂里,65,1837,343,603,946,33,979
新北市,淡水區,崁頂里,66,1924,248,387,635,17,652
新北市,淡水區,崁頂里,67,2340,459,709,1168,24,1192
新北市,淡水區,崁頂里,68,1704,315,451,766,29,795
新北市,淡水區,崁頂里,69,1363,282,416,698,24,722
新北市,淡水區,崁頂里,70,3068,529,865,1394,32,1426
新北市,淡水區,埤島里,71,1528,326,418,744,30,774
新北市,淡水區,水碓里,72,1600,332,453,785,50,835
新北市,淡水區,水碓里,73,1874,438,572,1010,46,1056
新北市,淡水區,水碓里,74,1567,335,456,791,44,835
新北市,淡水區,北新里,75,1245,282,391,673,27,700
新北市,淡水區,北新里,76,1211,243,357,600,28,628
新北市,淡水區,正德里,77,1992,427,660,1087,36,1123
新北市,淡水區,正德里,78,2028,441,653,1094,29,1123
新北市,淡水區,新興里,79,1373,203,530,733,47,780
新北市,淡水區,新興里,80,1732,334,571,905,38,943
新北市,淡水區,新興里,81,1519,300,435,735,29,764
新北市,淡水區,新興里,82,1727,329,489,818,27,845
新北市,淡水區,新義里,83,1297,317,381,698,36,734
新北市,淡水區,新義里,84,1066,266,276,542,41,583
新北市,淡水區,新義里,85,1387,349,386,735,36,771
新北市,淡水區,新春里,86,1909,466,550,1016,34,1050
新北市,淡水區,新春里,87,1770,353,561,914,41,955
新北市,淡水區,新春里,88,2049,409,588,997,45,1042
新北市,淡水區,新春里,89,1680,361,511,872,32,904
新北市,淡水區,新民里,90,1433,378,444,822,32,854
新北市,淡水區,新民里,91,1365,287,438,725,26,751
新北市,淡水區,新民里,92,1452,312,484,796,27,823
新北市,淡水區,北投里,93,1804,315,609,924,42,966
新北市,淡水區,北投里,94,1322,319,394,713,29,742
新北市,淡水區,北投里,95,2019,449,602,1051,27,1078
新北市,淡水區,北投里,96,1696,387,589,976,22,998
新北市,淡水區,北投里,97,1576,360,496,856,28,884
新北市,淡水區,鄧公里,98,1781,394,567,961,34,995
新北市,淡水區,鄧公里,99,1665,429,515,944,36,980
新北市,淡水區,鄧公里,100,2013,425,607,1032,52,1084
新北市,淡水區,幸福里,101,1108,257,317,574,24,598
新北市,淡水區,幸福里,102,1305,311,372,683,46,729
新北市,淡水區,幸福里,103,1199,303,335,638,19,657
新北市,淡水區,學府里,104,2017,388,640,1028,49,1077
新北市,淡水區,學府里,105,2125,421,575,996,38,1034
新北市,淡水區,中興里,106,1289,267,329,596,15,611
新北市,淡水區,中興里,107,1319,320,430,750,39,789
新北市,淡水區,中興里,108,1051,249,339,588,20,608
新北市,淡水區,長庚里,109,1348,348,379,727,24,751
新北市,淡水區,清文里,110,1106,301,277,578,29,607
新北市,淡水區,草東里,111,717,217,185,402,23,425
新北市,淡水區,協元里,112,1385,332,377,709,27,736
新北市,淡水區,永吉里,113,841,229,251,480,31,511
新北市,淡水區,民安里,114,665,201,178,379,16,395
新北市,淡水區,新生里,115,419,123,121,244,8,252
新北市,淡水區,文化里,116,1599,369,506,875,24,899
新北市,淡水區,油車里,117,1670,356,494,850,32,882
新北市,淡水區,油車里,118,1683,412,519,931,27,958
新北市,淡水區,油車里,119,1577,328,449,777,33,810
新北市,淡水區,沙崙里,120,1618,332,440,772,43,815
新北市,淡水區,沙崙里,121,2214,414,623,1037,23,1060
新北市,淡水區,大庄里,122,1832,395,536,931,32,963
新北市,淡水區,大庄里,123,2123,453,625,1078,47,1125
新北市,淡水區,大庄里,124,2998,403,890,1293,19,1312
新北市,八里區,龍源里,125,1498,320,396,716,40,756
新北市,八里區,龍源里,126,1939,363,505,868,32,900
新北市,八里區,龍源里,127,1516,329,435,764,47,811
新北市,八里區,龍源里,128,1642,396,503,899,45,944
新北市,八里區,米倉里,129,1927,441,449,890,58,948
新北市,八里區,米倉里,130,1276,306,355,661,36,697
新北市,八里區,大崁里,131,1349,371,388,759,33,792
新北市,八里區,大崁里,132,1403,351,408,759,33,792
新北市,八里區,埤頭里,133,1644,433,422,855,38,893
新北市,八里區,埤頭里,134,1853,464,492,956,47,1003
新北市,八里區,頂罟里,135,1793,420,569,989,52,1041
新北市,八里區,舊城里,136,1644,386,453,839,44,883
新北市,八里區,舊城里,137,1846,439,487,926,43,969
新北市,八里區,舊城里,138,1346,337,365,702,24,726
新北市,八里區,舊城里,139,1621,375,460,835,39,874
新北市,八里區,訊塘里,140,2110,362,529,891,51,942
新北市,八里區,訊塘里,141,1967,430,529,959,50,1009
新北市,八里區,荖阡里,142,1626,379,476,855,45,900
新北市,八里區,長坑里,143,1514,369,417,786,50,836
新北市,八里區,下罟里,144,1456,311,440,751,90,841
新北市,林口區,東林里,145,1268,336,317,653,34,687
新北市,林口區,東林里,146,1171,266,302,568,39,607
新北市,林口區,東林里,147,1218,298,362,660,35,695
新北市,林口區,林口里,148,1788,386,502,888,31,919
新北市,林口區,林口里,149,1625,393,381,774,53,827
新北市,林口區,林口里,150,1448,351,369,720,43,763
新北市,林口區,西林里,151,1328,310,338,648,42,690
新北市,林口區,西林里,152,1523,311,352,663,44,707
新北市,林口區,西林里,153,1245,277,386,663,27,690
新北市,林口區,西林里,154,1329,320,484,804,29,833
新北市,林口區,西林里,155,1465,352,493,845,25,870
新北市,林口區,西林里,156,1369,338,447,785,18,803
新北市,林口區,菁湖里,157,1346,374,390,764,31,795
新北市,林口區,菁湖里,158,1181,329,270,599,52,651
新北市,林口區,菁湖里,159,1291,324,455,779,21,800
新北市,林口區,中湖里,160,1213,305,348,653,22,675
新北市,林口區,中湖里,161,1256,305,401,706,28,734
新北市,林口區,中湖里,162,1185,313,311,624,28,652
新北市,林口區,湖北里,163,1361,404,330,734,40,774
新北市,林口區,湖南里,164,1756,271,606,877,21,898
新北市,林口區,湖南里,165,1676,318,518,836,28,864
新北市,林口區,湖南里,166,1540,307,544,851,17,868
新北市,林口區,湖南里,167,1569,285,546,831,26,857
新北市,林口區,湖南里,168,1514,282,531,813,24,837
新北市,林口區,湖南里,169,1193,272,406,678,18,696
新北市,林口區,湖南里,170,1610,354,550,904,19,923
新北市,林口區,湖南里,171,1338,330,421,751,27,778
新北市,林口區,湖南里,172,1141,315,328,643,24,667
新北市,林口區,湖南里,173,1307,310,405,715,26,741
新北市,林口區,湖南里,174,1327,284,457,741,23,764
新北市,林口區,湖南里,175,1285,308,417,725,26,751
新北市,林口區,南勢里,176,1481,431,383,814,24,838
新北市,林口區,南勢里,177,1510,344,501,845,19,864
新北市,林口區,南勢里,178,1785,383,551,934,33,967
新北市,林口區,南勢里,179,1792,395,556,951,18,969
新北市,林口區,南勢里,180,1517,319,523,842,19,861
新北市,林口區,南勢里,181,1564,295,582,877,24,901
新北市,林口區,南勢里,182,1560,294,580,874,24,898
新北市,林口區,南勢里,183,1544,340,482,822,20,842
新北市,林口區,南勢里,184,1593,321,528,849,15,864
新北市,林口區,南勢里,185,1431,281,501,782,22,804
新北市,林口區,仁愛里,186,1571,316,492,808,37,845
新北市,林口區,仁愛里,187,1439,275,527,802,29,831
新北市,林口區,仁愛里,188,1451,315,494,809,34,843
新北市,林口區,仁愛里,189,1391,354,460,814,34,848
新北市,林口區,麗林里,190,1461,292,500,792,19,811
新北市,林口區,麗林里,191,1691,320,578,898,19,917
新北市,林口區,麗林里,192,1524,300,509,809,39,848
新北市,林口區,麗林里,193,1343,295,508,803,37,840
新北市,林口區,麗林里,194,1398,336,482,818,26,844
新北市,林口區,東勢里,195,1380,350,458,808,25,833
新北市,林口區,東勢里,196,1367,314,428,742,36,778
新北市,林口區,東勢里,197,1350,333,434,767,20,787
新北市,林口區,東勢里,198,1194,278,392,670,33,703
新北市,林口區,麗園里,199,1344,303,406,709,28,737
新北市,林口區,麗園里,200,1154,289,338,627,30,657
新北市,林口區,麗園里,201,1119,277,394,671,28,699
新北市,林口區,頂福里,202,1026,276,192,468,37,505
新北市,林口區,下福里,203,1210,308,339,647,33,680
新北市,林口區,嘉寶里,204,912,269,209,478,42,520
新北市,林口區,瑞平里,205,824,234,228,462,26,488
新北市,林口區,太平里,206,1411,382,401,783,51,834
新北市,五股區,興珍里,207,1456,409,343,752,52,804
新北市,五股區,興珍里,208,1482,397,342,739,50,789
新北市,五股區,興珍里,209,1287,424,289,713,15,728
新北市,五股區,更寮里,210,1106,382,199,581,26,607
新北市,五股區,觀音里,211,1283,351,289,640,55,695
新北市,五股區,集福里,212,1833,509,447,956,34,990
新北市,五股區,集福里,213,1141,311,308,619,37,656
新北市,五股區,集福里,214,463,142,127,269,19,288
新北市,五股區,集賢里,215,1786,456,493,949,39,988
新北市,五股區,集賢里,216,1660,468,376,844,28,872
新北市,五股區,成德里,217,1534,427,358,785,60,845
新北市,五股區,成德里,218,1285,411,281,692,51,743
新北市,五股區,成州里,219,1832,485,397,882,86,968
新北市,五股區,成州里,220,1542,411,383,794,35,829
新北市,五股區,成州里,221,1897,455,427,882,40,922
新北市,五股區,成功里,222,1964,419,474,893,74,967
新北市,五股區,成功里,223,1779,437,388,825,62,887
新北市,五股區,成功里,224,1735,455,403,858,51,909
新北市,五股區,成泰里,225,2299,494,615,1109,29,1138
新北市,五股區,成泰里,226,1755,414,410,824,39,863
新北市,五股區,成泰里,227,1674,431,438,869,48,917
新北市,五股區,成泰里,228,1661,458,421,879,46,925
新北市,五股區,五龍里,229,1281,389,226,615,23,638
新北市,五股區,五福里,230,1566,371,416,787,60,847
新北市,五股區,五福里,231,1560,379,364,743,32,775
新北市,五股區,六福里,232,1622,357,494,851,32,883
新北市,五股區,六福里,233,1779,408,508,916,34,950
新北市,五股區,民義里,234,1487,356,380,736,41,777
新北市,五股區,民義里,235,1567,400,419,819,46,865
新北市,五股區,五股里,236,1333,275,234,509,25,534
新北市,五股區,五股里,237,1263,381,340,721,41,762
新北市,五股區,五股里,238,1314,355,362,717,51,768
新北市,五股區,德音里,239,1513,342,393,735,34,769
新北市,五股區,德音里,240,1517,360,458,818,39,857
新北市,五股區,德音里,241,1613,400,437,837,44,881
新北市,五股區,水碓里,242,1616,403,424,827,49,876
新北市,五股區,水碓里,243,1616,391,432,823,43,866
新北市,五股區,水碓里,244,1689,412,461,873,51,924
新北市,五股區,水碓里,245,1894,512,445,957,27,984
新北市,五股區,福德里,246,1210,380,342,722,42,764
新北市,五股區,福德里,247,1643,387,430,817,38,855
新北市,五股區,德泰里,248,1441,343,404,747,25,772
新北市,五股區,德泰里,249,1305,326,401,727,29,756
新北市,五股區,德泰里,250,1170,321,361,682,40,722
新北市,五股區,貿商里,251,1397,281,519,800,52,852
新北市,五股區,貿商里,252,1312,205,552,757,50,807
新北市,五股區,陸一里,253,1127,130,411,541,28,569
新北市,五股區,陸一里,254,1154,139,435,574,29,603
新北市,泰山區,大科里,255,643,156,160,316,12,328
新北市,泰山區,大科里,256,186,47,63,110,6,116
新北市,泰山區,黎明里,257,1457,319,399,718,38,756
新北市,泰山區,黎明里,258,1594,370,470,840,49,889
新北市,泰山區,山腳里,259,1598,304,468,772,35,807
新北市,泰山區,山腳里,260,1503,333,421,754,20,774
新北市,泰山區,山腳里,261,1436,323,393,716,34,750
新北市,泰山區,山腳里,262,1384,347,397,744,25,769
新北市,泰山區,福泰里,263,1231,305,365,670,37,707
新北市,泰山區,福泰里,264,1295,314,361,675,23,698
新北市,泰山區,福興里,265,1563,382,482,864,38,902
新北市,泰山區,福興里,266,1610,373,520,893,43,936
新北市,泰山區,楓樹里,267,1253,322,337,659,26,685
新北市,泰山區,楓樹里,268,1294,279,360,639,30,669
新北市,泰山區,楓樹里,269,1354,341,415,756,37,793
新北市,泰山區,同榮里,270,1259,265,406,671,22,693
新北市,泰山區,同榮里,271,1252,328,383,711,18,729
新北市,泰山區,同榮里,272,1094,284,290,574,34,608
新北市,泰山區,同興里,273,1590,380,486,866,30,896
新北市,泰山區,同興里,274,1634,434,448,882,38,920
新北市,泰山區,全興里,275,1536,303,402,705,26,731
新北市,泰山區,全興里,276,1534,361,475,836,38,874
新北市,泰山區,全興里,277,1545,345,571,916,35,951
新北市,泰山區,全興里,278,1399,295,461,756,28,784
新北市,泰山區,全興里,279,1315,308,380,688,22,710
新北市,泰山區,義學里,280,1201,353,342,695,45,740
新北市,泰山區,義學里,281,1182,311,306,617,49,666
新北市,泰山區,義學里,282,1665,381,464,845,42,887
新北市,泰山區,義仁里,283,1855,458,508,966,45,1011
新北市,泰山區,義仁里,284,1866,472,523,995,43,1038
新北市,泰山區,義仁里,285,1935,442,559,1001,37,1038
新北市,泰山區,義仁里,286,1589,392,398,790,30,820
新北市,泰山區,明志里,287,1152,260,315,575,47,622
新北市,泰山區,明志里,288,1114,288,313,601,24,625
新北市,泰山區,明志里,289,1040,287,340,627,23,650
新北市,泰山區,泰友里,290,1003,253,318,571,30,601
新北市,泰山區,泰友里,291,975,301,281,582,25,607
新北市,泰山區,新明里,292,1440,368,385,753,35,788
新北市,泰山區,新明里,293,1480,348,430,778,26,804
新北市,泰山區,貴子里,294,1211,295,362,657,26,683
新北市,泰山區,貴子里,295,1237,365,338,703,18,721
新北市,泰山區,貴子里,296,1069,269,307,576,29,605
新北市,泰山區,貴賢里,297,1680,396,555,951,46,997
新北市,泰山區,貴賢里,298,1651,420,508,928,25,953
新北市,泰山區,貴和里,299,1420,329,409,738,21,759
新北市,泰山區,貴和里,300,1337,358,413,771,34,805
新北市,泰山區,貴和里,301,1591,437,452,889,29,918
新北市,新莊區,海山里,302,1123,331,288,619,44,663
新北市,新莊區,海山里,303,1278,367,372,739,48,787
新北市,新莊區,海山里,304,1163,333,375,708,32,740
新北市,新莊區,海山里,305,1228,357,377,734,23,757
新北市,新莊區,全安里,306,1211,372,319,691,26,717
新北市,新莊區,全安里,307,1176,374,294,668,30,698
新北市,新莊區,全安里,308,1536,391,520,911,35,946
新北市,新莊區,全泰里,309,1486,413,485,898,39,937
新北市,新莊區,全泰里,310,1513,429,510,939,36,975
新北市,新莊區,全泰里,311,1395,406,443,849,44,893
新北市,新莊區,忠孝里,312,1353,366,370,736,40,776
新北市,新莊區,忠孝里,313,1409,431,406,837,41,878
新北市,新莊區,忠孝里,314,1478,371,447,818,20,838
新北市,新莊區,文衡里,315,921,272,271,543,38,581
新北市,新莊區,文衡里,316,971,302,284,586,28,614
新北市,新莊區,文聖里,317,1534,387,516,903,65,968
新北市,新莊區,文聖里,318,1516,383,463,846,23,869
新北市,新莊區,興漢里,319,697,195,189,384,27,411
新北市,新莊區,興漢里,320,1235,273,421,694,29,723
新北市,新莊區,興漢里,321,1138,281,347,628,33,661
新北市,新莊區,榮和里,322,1063,256,301,557,22,579
新北市,新莊區,榮和里,323,3399,412,399,811,34,845
新北市,新莊區,文德里,324,1575,427,470,897,38,935
新北市,新莊區,文明里,325,1615,477,487,964,46,1010
新北市,新莊區,化成里,326,1612,453,365,818,40,858
新北市,新莊區,化成里,327,1514,350,435,785,53,838
新北市,新莊區,頭前里,328,1382,347,365,712,20,732
新北市,新莊區,頭前里,329,1475,378,420,798,38,836
新北市,新莊區,頭前里,330,1462,397,442,839,17,856
新北市,新莊區,頭前里,331,1426,342,422,764,30,794
新北市,新莊區,頭前里,332,1421,361,386,747,46,793
新北市,新莊區,福基里,333,1536,369,467,836,24,860
新北市,新莊區,福基里,334,1587,399,497,896,26,922
新北市,新莊區,福基里,335,749,178,213,391,13,404
新北市,新莊區,福興里,336,1276,295,428,723,47,770
新北市,新莊區,福興里,337,1303,369,346,715,20,735
新北市,新莊區,福興里,338,1259,371,365,736,38,774
新北市,新莊區,福興里,339,1291,329,420,749,33,782
新北市,新莊區,昌平里,340,1493,339,481,820,29,849
新北市,新莊區,昌平里,341,1507,342,494,836,42,878
新北市,新莊區,昌平里,342,1456,350,457,807,21,828
新北市,新莊區,昌平里,343,1396,332,450,782,18,800
新北市,新莊區,和平里,344,1351,322,334,656,53,709
新北市,新莊區,和平里,345,1403,439,333,772,41,813
新北市,新莊區,和平里,346,1497,389,407,796,39,835
新北市,新莊區,幸福里,347,1272,364,349,713,60,773
新北市,新莊區,幸福里,348,1269,345,299,644,25,669
新北市,新莊區,幸福里,349,1335,483,289,772,55,827
新北市,新莊區,昌隆里,350,1300,311,454,765,26,791
新北市,新莊區,昌隆里,351,1286,345,406,751,31,782
新北市,新莊區,昌隆里,352,1255,393,403,796,34,830
新北市,新莊區,信義里,353,1558,400,440,840,64,904
新北市,新莊區,信義里,354,1567,394,425,819,47,866
新北市,新莊區,信義里,355,1603,432,464,896,57,953
新北市,新莊區,昌信里,356,1538,406,453,859,26,885
新北市,新莊區,昌信里,357,1671,433,500,933,29,962
新北市,新莊區,昌明里,358,1698,444,491,935,21,956
新北市,新莊區,昌明里,359,1545,445,457,902,36,938
新北市,新莊區,仁義里,360,1696,483,484,967,67,1034
新北市,新莊區,仁義里,361,1626,443,379,822,62,884
新北市,新莊區,仁愛里,362,1170,303,281,584,53,637
新北市,新莊區,仁愛里,363,1236,329,348,677,52,729
新北市,新莊區,自信里,364,1071,261,297,558,40,598
新北市,新莊區,自信里,365,1129,327,286,613,35,648
新北市,新莊區,自立里,366,1586,439,497,936,33,969
新北市,新莊區,自立里,367,1597,412,375,787,43,830
新北市,新莊區,自立里,368,1573,400,362,762,66,828
新北市,新莊區,自強里,369,1225,370,303,673,41,714
新北市,新莊區,自強里,370,1217,311,302,613,29,642
新北市,新莊區,思源里,371,1571,401,443,844,45,889
新北市,新莊區,思源里,372,1594,415,408,823,41,864
新北市,新莊區,思源里,373,1583,409,420,829,47,876
新北市,新莊區,思賢里,374,1245,333,386,719,42,761
新北市,新莊區,思賢里,375,1203,361,330,691,28,719
新北市,新莊區,思賢里,376,1265,345,426,771,34,805
新北市,新莊區,中華里,377,1255,321,393,714,53,767
新北市,新莊區,中華里,378,1287,327,407,734,25,759
新北市,新莊區,中美里,379,1167,351,353,704,29,733
新北市,新莊區,中美里,380,1299,335,357,692,38,730
新北市,新莊區,中美里,381,1207,302,366,668,37,705
新北市,新莊區,中美里,382,1415,400,411,811,27,838
新北市,新莊區,恆安里,383,1342,345,394,739,50,789
新北市,新莊區,恆安里,384,1341,350,394,744,37,781
新北市,新莊區,恆安里,385,1247,304,368,672,48,720
新北市,新莊區,立人里,386,984,195,444,639,16,655
新北市,新莊區,立人里,387,1043,252,348,600,30,630
新北市,新莊區,立德里,388,1135,336,397,733,25,758
新北市,新莊區,立德里,389,1185,320,353,673,29,702
新北市,新莊區,中和里,390,1346,401,372,773,17,790
新北市,新莊區,中和里,391,1372,380,396,776,44,820
新北市,新莊區,中和里,392,1350,375,414,789,51,840
新北市,新莊區,中泰里,393,1307,332,352,684,49,733
新北市,新莊區,中泰里,394,1353,369,364,733,52,785
新北市,新莊區,中泰里,395,1287,366,351,717,43,760
新北市,新莊區,中宏里,396,1567,371,365,736,30,766
新北市,新莊區,中宏里,397,1709,455,505,960,63,1023
新北市,新莊區,中全里,398,1616,436,383,819,32,851
新北市,新莊區,中全里,399,1628,457,373,830,38,868
新北市,新莊區,立志里,400,1148,350,311,661,51,712
新北市,新莊區,立志里,401,1201,345,348,693,9,702
新北市,新莊區,立志里,402,1135,348,347,695,44,739
新北市,新莊區,立廷里,403,1495,413,458,871,57,928
新北市,新莊區,立廷里,404,1486,401,472,873,41,914
新北市,新莊區,立廷里,405,1483,401,498,899,29,928
新北市,新莊區,立廷里,406,1553,318,500,818,39,857
新北市,新莊區,立廷里,407,1625,413,579,992,17,1009
新北市,新莊區,立廷里,408,1671,374,561,935,21,956
新北市,新莊區,立基里,409,1389,343,482,825,51,876
新北市,新莊區,立基里,410,1272,317,407,724,33,757
新北市,新莊區,立基里,411,1409,374,488,862,19,881
新北市,新莊區,立基里,412,1372,406,413,819,23,842
新北市,新莊區,中誠里,413,955,273,256,529,37,566
新北市,新莊區,中誠里,414,952,232,265,497,47,544
新北市,新莊區,中港里,415,1412,413,373,786,28,814
新北市,新莊區,中港里,416,1415,383,392,775,53,828
新北市,新莊區,中港里,417,1421,387,428,815,40,855
新北市,新莊區,中港里,418,1293,364,407,771,40,811
新北市,新莊區,中信里,419,1475,401,396,797,16,813
新北市,新莊區,中信里,420,1429,399,370,769,51,820
新北市,新莊區,中信里,421,1481,355,462,817,32,849
新北市,新莊區,中信里,422,1472,378,467,845,46,891
新北市,新莊區,中信里,423,1474,392,451,843,26,869
新北市,新莊區,中平里,424,1462,387,462,849,27,876
新北市,新莊區,中平里,425,1484,341,516,857,27,884
新北市,新莊區,中平里,426,1461,339,468,807,36,843
新北市,新莊區,中平里,427,1444,377,460,837,23,860
新北市,新莊區,中平里,428,1437,388,445,833,24,857
新北市,新莊區,中原里,429,1641,368,433,801,27,828
新北市,新莊區,中原里,430,1633,388,464,852,22,874
新北市,新莊區,中原里,431,1531,412,456,868,20,888
新北市,新莊區,中原里,432,1517,450,415,865,45,910
新北市,新莊區,中原里,433,1487,373,404,777,51,828
新北市,新莊區,中原里,434,1560,363,494,857,38,895
新北市,新莊區,中隆里,435,1584,388,446,834,56,890
新北市,新莊區,中隆里,436,1602,368,485,853,25,878
新北市,新莊區,中隆里,437,818,223,231,454,31,485
新北市,新莊區,立功里,438,1633,396,382,778,44,822
新北市,新莊區,立功里,439,1652,417,435,852,38,890
新北市,新莊區,立泰里,440,1498,396,396,792,41,833
新北市,新莊區,立泰里,441,1379,367,381,748,53,801
新北市,新莊區,立泰里,442,1381,362,419,781,37,818
新北市,新莊區,立言里,443,1535,420,450,870,41,911
新北市,新莊區,立言里,444,1492,388,525,913,40,953
新北市,新莊區,立言里,445,1450,408,453,861,55,916
新北市,新莊區,豐年里,446,1107,290,315,605,51,656
新北市,新莊區,豐年里,447,1063,323,345,668,31,699
新北市,新莊區,豐年里,448,1143,352,309,661,35,696
新北市,新莊區,國泰里,449,1341,355,344,699,59,758
新北市,新莊區,泰豐里,450,1063,273,320,593,35,628
新北市,新莊區,泰豐里,451,1096,319,321,640,37,677
新北市,新莊區,瓊林里,452,1309,317,403,720,33,753
新北市,新莊區,瓊林里,453,1216,377,333,710,31,741
新北市,新莊區,瓊林里,454,1278,331,324,655,37,692
新北市,新莊區,瓊林里,455,1352,404,339,743,43,786
新北市,新莊區,福營里,456,1298,350,299,649,36,685
新北市,新莊區,福營里,457,1042,283,303,586,26,612
新北市,新莊區,營盤里,458,881,211,248,459,22,481
新北市,新莊區,營盤里,459,1109,343,336,679,34,713
新北市,新莊區,丹鳳里,460,1291,334,361,695,30,725
新北市,新莊區,丹鳳里,461,1293,295,376,671,27,698
新北市,新莊區,丹鳳里,462,1336,368,386,754,37,791
新北市,新莊區,丹鳳里,463,1384,326,398,724,39,763
新北市,新莊區,丹鳳里,464,1231,255,350,605,18,623
新北市,新莊區,丹鳳里,465,940,189,311,500,20,520
新北市,新莊區,合鳳里,466,1369,354,359,713,56,769
新北市,新莊區,合鳳里,467,1384,363,366,729,53,782
新北市,新莊區,合鳳里,468,1272,346,356,702,54,756
新北市,新莊區,祥鳳里,469,1073,282,312,594,34,628
新北市,新莊區,祥鳳里,470,1058,299,304,603,20,623
新北市,新莊區,雙鳳里,471,1528,322,500,822,19,841
新北市,新莊區,雙鳳里,472,1244,274,382,656,30,686
新北市,新莊區,雙鳳里,473,1356,330,361,691,0,691
新北市,新莊區,雙鳳里,474,1164,237,355,592,16,608
新北市,新莊區,雙鳳里,475,1423,353,441,794,46,840
新北市,新莊區,雙鳳里,476,1250,366,385,751,25,776
新北市,新莊區,雙鳳里,477,1252,334,340,674,20,694
新北市,新莊區,龍福里,478,1022,206,328,534,26,560
新北市,新莊區,龍福里,479,959,249,276,525,44,569
新北市,新莊區,龍鳳里,480,1646,413,493,906,46,952
新北市,新莊區,龍鳳里,481,1551,379,429,808,57,865
新北市,新莊區,龍鳳里,482,1526,433,429,862,46,908
新北市,新莊區,龍鳳里,483,1518,428,452,880,27,907
新北市,新莊區,龍鳳里,484,1547,378,482,860,42,902
新北市,新莊區,裕民里,485,1505,381,389,770,56,826
新北市,新莊區,裕民里,486,1527,368,396,764,62,826
新北市,新莊區,裕民里,487,1482,359,376,735,48,783
新北市,新莊區,裕民里,488,1586,388,402,790,51,841
新北市,新莊區,龍安里,489,1065,287,271,558,66,624
新北市,新莊區,龍安里,490,1040,278,358,636,37,673
新北市,新莊區,富國里,491,1090,312,272,584,34,618
新北市,新莊區,富國里,492,1071,301,292,593,42,635
新北市,新莊區,富民里,493,1704,440,423,863,35,898
新北市,新莊區,富民里,494,1698,397,446,843,20,863
新北市,新莊區,後德里,495,1362,396,422,818,36,854
新北市,新莊區,後德里,496,1350,385,399,784,36,820
新北市,新莊區,萬安里,497,1689,433,484,917,50,967
新北市,新莊區,萬安里,498,1612,427,465,892,46,938
新北市,新莊區,建福里,499,1130,306,345,651,35,686
新北市,新莊區,建福里,500,1111,306,353,659,42,701
新北市,新莊區,後港里,501,1539,396,414,810,32,842
新北市,新莊區,後港里,502,1586,445,441,886,37,923
新北市,新莊區,後港里,503,1631,425,487,912,29,941
新北市,新莊區,後港里,504,1540,384,448,832,35,867
新北市,新莊區,四維里,505,1388,343,328,671,37,708
新北市,新莊區,四維里,506,1388,339,320,659,61,720
新北市,新莊區,四維里,507,1387,320,349,669,37,706
新北市,新莊區,南港里,508,1181,289,307,596,38,634
新北市,新莊區,南港里,509,1135,342,289,631,34,665
新北市,新莊區,南港里,510,1173,327,312,639,41,680
新北市,新莊區,南港里,511,1215,326,364,690,19,709
新北市,新莊區,建安里,512,1488,373,454,827,42,869
新北市,新莊區,建安里,513,1444,378,402,780,42,822
新北市,新莊區,建安里,514,1499,374,426,800,37,837
新北市,新莊區,建安里,515,1449,371,427,798,18,816
新北市,新莊區,民全里,516,1640,416,467,883,44,927
新北市,新莊區,民全里,517,1648,425,432,857,52,909
新北市,新莊區,八德里,518,1371,359,336,695,27,722
新北市,新莊區,八德里,519,1400,386,355,741,35,776
新北市,新莊區,成德里,520,1457,389,394,783,39,822
新北市,新莊區,成德里,521,1502,371,419,790,39,829
新北市,新莊區,成德里,522,1412,343,292,635,154,789
新北市,新莊區,民安里,523,1318,356,339,695,49,744
新北市,新莊區,民安里,524,1411,352,453,805,35,840
新北市,新莊區,民安里,525,1262,333,393,726,30,756
新北市,新莊區,民安里,526,1228,310,422,732,25,757
新北市,新莊區,民有里,527,1748,481,500,981,49,1030
新北市,新莊區,民有里,528,1761,463,538,1001,47,1048
新北市,新莊區,民本里,529,1326,364,306,670,41,711
新北市,新莊區,民本里,530,1344,343,296,639,37,676
新北市,新莊區,光明里,531,1355,265,476,741,29,770
新北市,新莊區,光明里,532,1306,338,379,717,50,767
新北市,新莊區,光明里,533,1349,376,390,766,37,803
新北市,新莊區,光正里,534,1265,320,382,702,26,728
新北市,新莊區,光正里,535,1282,338,389,727,53,780
新北市,新莊區,光正里,536,1237,325,378,703,46,749
新北市,新莊區,光榮里,537,1301,318,467,785,34,819
新北市,新莊區,光榮里,538,1262,325,358,683,45,728
新北市,新莊區,光榮里,539,1270,312,378,690,35,725
新北市,新莊區,光和里,540,1245,373,320,693,43,736
新北市,新莊區,光和里,541,1220,296,344,640,48,688
新北市,新莊區,光華里,542,1245,342,294,636,38,674
新北市,新莊區,光華里,543,1212,319,324,643,36,679
新北市,新莊區,光華里,544,1253,326,307,633,56,689
新北市,新莊區,光華里,545,1272,313,324,637,40,677
新北市,新莊區,光華里,546,1227,340,362,702,26,728
新北市,新莊區,西盛里,547,1126,336,319,655,29,684
新北市,新莊區,西盛里,548,1240,341,350,691,33,724
新北市,新莊區,西盛里,549,1460,394,421,815,20,835
新北市,新莊區,西盛里,550,1072,306,271,577,27,604
新北市,新莊區,西盛里,551,1127,289,271,560,34,594
新北市,新莊區,西盛里,552,1332,315,451,766,21,787
新北市,新莊區,西盛里,553,1341,335,347,682,24,706
新北市,新莊區,西盛里,554,1140,227,259,486,25,511
新北市,蘆洲區,光華里,555,1600,422,446,868,48,916
新北市,蘆洲區,光華里,556,1549,398,419,817,52,869
新北市,蘆洲區,光華里,557,1516,401,425,826,67,893
新北市,蘆洲區,光明里,558,1404,363,353,716,59,775
新北市,蘆洲區,光明里,559,1381,387,326,713,50,763
新北市,蘆洲區,光明里,560,1485,365,443,808,32,840
新北市,蘆洲區,中路里,561,1779,334,331,665,35,700
新北市,蘆洲區,中路里,562,1797,337,587,924,33,957
新北市,蘆洲區,永安里,563,1364,416,335,751,39,790
新北市,蘆洲區,永安里,564,1635,438,437,875,52,927
新北市,蘆洲區,永安里,565,1567,381,365,746,27,773
新北市,蘆洲區,九芎里,566,1524,391,392,783,38,821
新北市,蘆洲區,九芎里,567,1612,411,393,804,40,844
新北市,蘆洲區,九芎里,568,1674,393,462,855,26,881
新北市,蘆洲區,延平里,569,1838,433,436,869,40,909
新北市,蘆洲區,延平里,570,1814,406,377,783,32,815
新北市,蘆洲區,中華里,571,1473,451,352,803,32,835
新北市,蘆洲區,中華里,572,1465,364,397,761,32,793
新北市,蘆洲區,中原里,573,1652,451,454,905,47,952
新北市,蘆洲區,中原里,574,1650,499,372,871,49,920
新北市,蘆洲區,中原里,575,1656,426,442,868,43,911
新北市,蘆洲區,長安里,576,1571,436,353,789,41,830
新北市,蘆洲區,長安里,577,1523,433,338,771,52,823
新北市,蘆洲區,長安里,578,1475,385,388,773,34,807
新北市,蘆洲區,忠義里,579,1367,326,367,693,44,737
新北市,蘆洲區,忠義里,580,1514,409,414,823,42,865
新北市,蘆洲區,正義里,581,1791,473,534,1007,47,1054
新北市,蘆洲區,正義里,582,1714,431,565,996,41,1037
新北市,蘆洲區,正義里,583,1780,376,613,989,28,1017
新北市,蘆洲區,正義里,584,1713,434,502,936,36,972
新北市,蘆洲區,正義里,585,1720,438,510,948,33,981
新北市,蘆洲區,正義里,586,1766,443,505,948,38,986
新北市,蘆洲區,南港里,587,1623,450,398,848,43,891
新北市,蘆洲區,南港里,588,1740,459,430,889,83,972
新北市,蘆洲區,南港里,589,1759,513,469,982,45,1027
新北市,蘆洲區,永樂里,590,1775,473,514,987,53,1040
新北市,蘆洲區,永樂里,591,1909,531,531,1062,34,1096
新北市,蘆洲區,永樂里,592,1805,507,495,1002,49,1051
新北市,蘆洲區,成功里,593,1642,416,429,845,35,880
新北市,蘆洲區,成功里,594,1713,457,432,889,40,929
新北市,蘆洲區,成功里,595,1746,453,401,854,42,896
新北市,蘆洲區,成功里,596,1596,433,406,839,41,880
新北市,蘆洲區,永康里,597,1434,349,386,735,34,769
新北市,蘆洲區,永康里,598,1450,442,338,780,30,810
新北市,蘆洲區,永康里,599,1543,379,388,767,23,790
新北市,蘆洲區,永康里,600,1525,414,372,786,42,828
新北市,蘆洲區,永德里,601,1419,322,371,693,48,741
新北市,蘆洲區,永德里,602,1298,351,348,699,43,742
新北市,蘆洲區,永德里,603,1304,327,343,670,42,712
新北市,蘆洲區,樓厝里,604,1806,442,486,928,43,971
新北市,蘆洲區,樓厝里,605,1910,435,497,932,64,996
新北市,蘆洲區,樓厝里,606,1873,434,387,821,44,865
新北市,蘆洲區,信義里,607,1785,424,410,834,51,885
新北市,蘆洲區,信義里,608,1760,437,415,852,49,901
新北市,蘆洲區,玉清里,609,1841,476,503,979,46,1025
新北市,蘆洲區,玉清里,610,1855,402,506,908,29,937
新北市,蘆洲區,玉清里,611,1450,363,322,685,53,738
新北市,蘆洲區,復興里,612,1585,447,369,816,48,864
新北市,蘆洲區,復興里,613,1541,425,339,764,38,802
新北市,蘆洲區,福安里,614,1626,431,388,819,42,861
新北市,蘆洲區,福安里,615,1241,327,347,674,47,721
新北市,蘆洲區,鷺江里,616,1634,435,414,849,47,896
新北市,蘆洲區,鷺江里,617,1573,392,440,832,46,878
新北市,蘆洲區,鷺江里,618,1619,463,429,892,33,925
新北市,蘆洲區,恆德里,619,1878,554,415,969,58,1027
新北市,蘆洲區,恆德里,620,1797,444,468,912,60,972
新北市,蘆洲區,恆德里,621,1816,487,494,981,36,1017
新北市,蘆洲區,溪墘里,622,1344,309,344,653,43,696
新北市,蘆洲區,溪墘里,623,1492,428,400,828,55,883
新北市,蘆洲區,仁復里,624,1959,498,515,1013,49,1062
新北市,蘆洲區,仁德里,625,1611,451,372,823,60,883
新北市,蘆洲區,仁德里,626,1574,467,402,869,50,919
新北市,蘆洲區,仁德里,627,1653,435,443,878,53,931
新北市,蘆洲區,仁義里,628,3085,507,495,1002,51,1053
新北市,蘆洲區,仁義里,629,1812,470,450,920,56,976
新北市,蘆洲區,得勝里,630,1332,350,347,697,39,736
新北市,蘆洲區,得勝里,631,1648,371,389,760,55,815
新北市,蘆洲區,得仁里,632,1355,399,318,717,25,742
新北市,蘆洲區,得仁里,633,1371,370,331,701,34,735
新北市,蘆洲區,保和里,634,1111,325,280,605,47,652
新北市,蘆洲區,保和里,635,1176,347,318,665,46,711
新北市,蘆洲區,樹德里,636,1602,430,431,861,38,899
新北市,蘆洲區,樹德里,637,1361,344,318,662,34,696
新北市,蘆洲區,民和里,638,1530,379,411,790,48,838
新北市,蘆洲區,民和里,639,925,267,220,487,42,529
新北市,蘆洲區,水湳里,640,1851,479,480,959,57,1016
新北市,蘆洲區,水湳里,641,1791,398,443,841,35,876
新北市,蘆洲區,水湳里,642,1853,445,439,884,43,927
新北市,蘆洲區,水湳里,643,1758,342,506,848,29,877
新北市,蘆洲區,水湳里,644,1798,418,500,918,50,968
新北市,蘆洲區,水河里,645,1645,409,457,866,43,909
新北市,蘆洲區,水河里,646,1612,402,356,758,37,795
新北市,蘆洲區,水河里,647,1784,454,371,825,54,879
新北市,蘆洲區,水河里,648,1701,390,371,761,31,792
新北市,蘆洲區,水河里,649,1581,379,408,787,36,823
新北市,蘆洲區,仁愛里,650,1534,426,376,802,45,847
新北市,蘆洲區,仁愛里,651,1620,494,405,899,39,938
新北市,蘆洲區,仁愛里,652,1494,427,413,840,53,893
新北市,蘆洲區,忠孝里,653,1183,340,297,637,29,666
新北市,蘆洲區,忠孝里,654,985,297,248,545,28,573
新北市,蘆洲區,保佑里,655,1673,372,445,817,59,876
新北市,蘆洲區,保佑里,656,1688,448,440,888,67,955
新北市,蘆洲區,保新里,657,1249,326,331,657,32,689
新北市,蘆洲區,保新里,658,1476,258,397,655,23,678
新北市,三重區,大有里,659,1509,372,395,767,46,813
新北市,三重區,大有里,660,1591,451,430,881,39,920
新北市,三重區,大有里,661,1653,484,448,932,34,966
新北市,三重區,博愛里,662,1392,418,350,768,58,826
新北市,三重區,博愛里,663,1451,344,476,820,59,879
新北市,三重區,博愛里,664,1329,405,327,732,53,785
新北市,三重區,二重里,665,1459,387,421,808,36,844
新北市,三重區,頂崁里,666,1024,340,251,591,38,629
新北市,三重區,頂崁里,667,1066,325,273,598,45,643
新北市,三重區,谷王里,668,856,285,244,529,42,571
新北市,三重區,五谷里,669,764,226,201,427,15,442
新北市,三重區,五谷里,670,821,269,230,499,24,523
新北市,三重區,中興里,671,1887,499,449,948,43,991
新北市,三重區,中興里,672,1646,487,361,848,24,872
新北市,三重區,德厚里,673,358,139,89,228,10,238
新北市,三重區,成功里,674,1039,310,307,617,17,634
新北市,三重區,成功里,675,1114,336,329,665,19,684
新北市,三重區,成功里,676,1588,411,508,919,27,946
新北市,三重區,成功里,677,1702,370,512,882,28,910
新北市,三重區,福祉里,678,1288,364,394,758,36,794
新北市,三重區,福祉里,679,1629,467,364,831,35,866
新北市,三重區,福祉里,680,1861,472,530,1002,50,1052
新北市,三重區,福德里,681,1727,405,485,890,33,923
新北市,三重區,福德里,682,1813,490,510,1000,26,1026
新北市,三重區,福民里,683,1595,436,430,866,48,914
新北市,三重區,福民里,684,1513,426,416,842,46,888
新北市,三重區,過田里,685,4433,412,374,786,41,827
新北市,三重區,過田里,686,1283,339,381,720,33,753
新北市,三重區,過田里,687,1430,385,455,840,34,874
新北市,三重區,過田里,688,1357,340,455,795,20,815
新北市,三重區,錦田里,689,963,290,262,552,23,575
新北市,三重區,錦田里,690,883,262,240,502,29,531
新北市,三重區,重明里,691,1494,382,424,806,58,864
新北市,三重區,重明里,692,1616,422,471,893,58,951
新北市,三重區,光田里,693,1329,374,332,706,54,760
新北市,三重區,光田里,694,1289,354,413,767,45,812
新北市,三重區,光田里,695,1380,377,401,778,46,824
新北市,三重區,光陽里,696,1668,447,487,934,31,965
新北市,三重區,光陽里,697,1226,342,388,730,42,772
新北市,三重區,光陽里,698,1421,422,398,820,40,860
新北市,三重區,光陽里,699,1364,356,401,757,46,803
新北市,三重區,田心里,700,1232,352,358,710,34,744
新北市,三重區,田心里,701,1248,371,361,732,50,782
新北市,三重區,田心里,702,1256,359,348,707,50,757
新北市,三重區,福田里,703,1506,476,408,884,49,933
新北市,三重區,福田里,704,1669,471,464,935,52,987
新北市,三重區,田中里,705,1308,363,353,716,55,771
新北市,三重區,田中里,706,1263,405,385,790,43,833
新北市,三重區,田中里,707,1471,424,364,788,50,838
新北市,三重區,田中里,708,1447,434,376,810,67,877
新北市,三重區,田安里,709,1693,429,380,809,30,839
新北市,三重區,田安里,710,2015,516,541,1057,43,1100
新北市,三重區,田安里,711,1812,422,486,908,47,955
新北市,三重區,三民里,712,1509,399,390,789,31,820
新北市,三重區,三民里,713,1439,398,399,797,48,845
新北市,三重區,光明里,714,1437,399,391,790,42,832
新北市,三重區,光明里,715,1697,388,474,862,57,919
新北市,三重區,光明里,716,1793,541,457,998,31,1029
新北市,三重區,光明里,717,1603,466,481,947,25,972
新北市,三重區,光正里,718,1166,305,311,616,26,642
新北市,三重區,光正里,719,1126,288,356,644,23,667
新北市,三重區,同安里,720,1291,307,314,621,34,655
新北市,三重區,同慶里,721,1597,402,449,851,56,907
新北市,三重區,菜寮里,722,1081,300,324,624,41,665
新北市,三重區,菜寮里,723,911,240,316,556,34,590
新北市,三重區,永春里,724,1719,395,435,830,33,863
新北市,三重區,中正里,725,1289,351,331,682,46,728
新北市,三重區,吉利里,726,1318,383,366,749,54,803
新北市,三重區,大同里,727,1822,446,473,919,45,964
新北市,三重區,中民里,728,1185,310,320,630,65,695
新北市,三重區,平和里,729,1369,341,322,663,59,722
新北市,三重區,大安里,730,1507,402,409,811,54,865
新北市,三重區,仁德里,731,926,263,256,519,39,558
新北市,三重區,仁德里,732,950,292,216,508,20,528
新北市,三重區,忠孝里,733,1678,419,411,830,58,888
新北市,三重區,仁義里,734,1117,312,268,580,58,638
新北市,三重區,光榮里,735,1318,314,337,651,53,704
新北市,三重區,光輝里,736,1388,397,370,767,31,798
新北市,三重區,福星里,737,1026,282,279,561,42,603
新北市,三重區,福利里,738,1096,305,344,649,36,685
新北市,三重區,福利里,739,967,249,296,545,26,571
新北市,三重區,清和里,740,1871,474,479,953,40,993
新北市,三重區,清和里,741,1663,420,473,893,49,942
新北市,三重區,永興里,742,1208,317,335,652,26,678
新北市,三重區,中山里,743,1398,356,364,720,29,749
新北市,三重區,中山里,744,1078,288,287,575,16,591
新北市,三重區,大園里,745,1102,280,283,563,45,608
新北市,三重區,大園里,746,1393,377,351,728,41,769
新北市,三重區,國隆里,747,1251,331,362,693,49,742
新北市,三重區,國隆里,748,1234,377,368,745,44,789
新北市,三重區,重陽里,749,1661,476,431,907,55,962
新北市,三重區,重陽里,750,1590,431,437,868,44,912
新北市,三重區,民生里,751,1182,366,296,662,42,704
新北市,三重區,民生里,752,1369,416,366,782,36,818
新北市,三重區,民生里,753,1222,386,333,719,40,759
新北市,三重區,重新里,754,1304,373,304,677,66,743
新北市,三重區,正德里,755,1054,259,269,528,35,563
新北市,三重區,正義里,756,1635,430,437,867,53,920
新北市,三重區,正安里,757,1779,418,466,884,58,942
新北市,三重區,自強里,758,1633,441,433,874,62,936
新北市,三重區,文化里,759,1107,321,287,608,34,642
新北市,三重區,文化里,760,1021,344,295,639,34,673
新北市,三重區,中央里,761,1649,411,383,794,56,850
新北市,三重區,雙園里,762,874,253,231,484,26,510
新北市,三重區,錦通里,763,1402,411,368,779,53,832
新北市,三重區,錦安里,764,1713,412,409,821,54,875
新北市,三重區,長安里,765,973,254,203,457,35,492
新北市,三重區,長安里,766,1038,320,267,587,34,621
新北市,三重區,光華里,767,1833,439,452,891,54,945
新北市,三重區,長生里,768,817,237,205,442,30,472
新北市,三重區,開元里,769,1387,381,400,781,47,828
新北市,三重區,大德里,770,784,240,225,465,15,480
新北市,三重區,長元里,771,1096,319,270,589,23,612
新北市,三重區,長元里,772,1163,330,317,647,42,689
新北市,三重區,長江里,773,1868,472,478,950,35,985
新北市,三重區,長泰里,774,1117,287,277,564,51,615
新北市,三重區,長泰里,775,934,229,242,471,28,499
新北市,三重區,長福里,776,1412,362,350,712,41,753
新北市,三重區,介壽里,777,1062,321,321,642,41,683
新北市,三重區,萬壽里,778,891,219,241,460,53,513
新北市,三重區,萬壽里,779,936,266,307,573,73,646
新北市,三重區,錦江里,780,1085,301,266,567,32,599
新北市,三重區,錦江里,781,1065,285,248,533,18,551
新北市,三重區,龍濱里,782,1398,397,367,764,47,811
新北市,三重區,龍濱里,783,1550,397,451,848,41,889
新北市,三重區,龍門里,784,1674,421,432,853,62,915
新北市,三重區,秀江里,785,1215,323,343,666,49,715
新北市,三重區,奕壽里,786,1606,459,398,857,32,889
新北市,三重區,三安里,787,1182,314,331,645,28,673
新北市,三重區,三安里,788,1238,344,340,684,45,729
新北市,三重區,福安里,789,1342,402,360,762,45,807
新北市,三重區,福安里,790,1408,391,384,775,51,826
新北市,三重區,信安里,791,1770,460,477,937,63,1000
新北市,三重區,安慶里,792,940,317,206,523,32,555
新北市,三重區,安慶里,793,975,266,260,526,20,546
新北市,三重區,幸福里,794,1507,404,363,767,39,806
新北市,三重區,幸福里,795,1419,410,356,766,47,813
新北市,三重區,幸福里,796,1257,359,320,679,39,718
新北市,三重區,六合里,797,1619,435,448,883,39,922
新北市,三重區,六合里,798,1745,463,456,919,59,978
新北市,三重區,六福里,799,1519,454,364,818,45,863
新北市,三重區,六福里,800,1682,430,419,849,40,889
新北市,三重區,六福里,801,1697,505,450,955,51,1006
新北市,三重區,順德里,802,1073,287,262,549,40,589
新北市,三重區,順德里,803,924,243,239,482,30,512
新北市,三重區,承德里,804,1613,383,398,781,32,813
新北市,三重區,瑞德里,805,1034,233,200,433,41,474
新北市,三重區,瑞德里,806,1118,311,302,613,45,658
新北市,三重區,崇德里,807,1269,385,302,687,43,730
新北市,三重區,崇德里,808,990,265,263,528,28,556
新北市,三重區,崇德里,809,1336,398,315,713,52,765
新北市,三重區,厚德里,810,1601,403,464,867,37,904
新北市,三重區,厚德里,811,1581,446,481,927,37,964
新北市,三重區,維德里,812,1345,434,313,747,30,777
新北市,三重區,維德里,813,1226,338,372,710,50,760
新北市,三重區,尚德里,814,1650,388,420,808,60,868
新北市,三重區,尚德里,815,1140,291,324,615,41,656
新北市,三重區,培德里,816,1639,418,401,819,30,849
新北市,三重區,培德里,817,1699,455,459,914,46,960
新北市,三重區,立德里,818,1501,474,471,945,49,994
新北市,三重區,立德里,819,1538,433,409,842,31,873
新北市,三重區,永德里,820,1540,388,416,804,46,850
新北市,三重區,永德里,821,1276,360,321,681,37,718
新北市,三重區,永德里,822,1539,404,387,791,40,831
新北市,三重區,永煇里,823,1170,375,296,671,34,705
新北市,三重區,永煇里,824,1120,339,263,602,38,640
新北市,三重區,永發里,825,1789,478,486,964,56,1020
新北市,三重區,永發里,826,1520,396,373,769,51,820
新北市,三重區,永發里,827,1821,522,456,978,41,1019
新北市,三重區,永盛里,828,1407,390,375,765,36,801
新北市,三重區,永盛里,829,1491,427,375,802,34,836
新北市,三重區,永吉里,830,1381,397,391,788,33,821
新北市,三重區,永吉里,831,1222,354,321,675,44,719
新北市,三重區,永安里,832,1938,463,533,996,1,997
新北市,三重區,永安里,833,1639,463,431,894,30,924
新北市,三重區,永豐里,834,1614,434,430,864,51,915
新北市,三重區,永豐里,835,1709,434,455,889,50,939
新北市,三重區,永豐里,836,1753,435,442,877,41,918
新北市,三重區,永福里,837,1398,444,340,784,42,826
新北市,三重區,永福里,838,1706,503,392,895,37,932
新北市,三重區,永福里,839,1614,443,449,892,45,937
新北市,三重區,永清里,840,1591,472,392,864,58,922
新北市,三重區,永清里,841,1627,500,364,864,58,922
新北市,三重區,永清里,842,1505,438,379,817,58,875
新北市,三重區,永順里,843,1331,424,322,746,35,781
新北市,三重區,永順里,844,1678,389,416,805,33,838
新北市,三重區,永順里,845,1498,434,393,827,22,849
新北市,三重區,溪美里,846,1800,496,469,965,65,1030
新北市,三重區,溪美里,847,1703,393,419,812,30,842
新北市,三重區,溪美里,848,1975,454,494,948,38,986
新北市,三重區,溪美里,849,1894,459,491,950,38,988
新北市,三重區,福隆里,850,1405,388,398,786,41,827
新北市,三重區,福隆里,851,1293,364,365,729,26,755
新北市,三重區,福隆里,852,1259,300,393,693,41,734
新北市,三重區,五常里,853,1144,366,306,672,40,712
新北市,三重區,五常里,854,1254,388,335,723,46,769
新北市,三重區,五常里,855,1313,366,362,728,28,756
新北市,三重區,五福里,856,1594,440,369,809,61,870
新北市,三重區,五福里,857,1775,474,484,958,28,986
新北市,三重區,仁忠里,858,1516,422,380,802,58,860
新北市,三重區,仁忠里,859,1315,503,357,860,67,927
新北市,三重區,慈福里,860,843,267,213,480,40,520
新北市,三重區,慈福里,861,1160,296,272,568,43,611
新北市,三重區,慈生里,862,1052,287,285,572,50,622
新北市,三重區,慈生里,863,1054,355,269,624,43,667
新北市,三重區,慈惠里,864,997,299,239,538,53,591
新北市,三重區,慈惠里,865,936,275,209,484,27,511
新北市,三重區,慈愛里,866,1658,450,409,859,49,908
新北市,三重區,慈愛里,867,1496,401,370,771,47,818
新北市,三重區,慈化里,868,1064,331,294,625,36,661
新北市,三重區,慈化里,869,1152,337,328,665,39,704
新北市,三重區,慈祐里,870,1532,361,426,787,37,824
新北市,三重區,慈祐里,871,1338,335,309,644,35,679
新北市,三重區,慈祐里,872,1303,381,346,727,40,767
新北市,三重區,富華里,873,1369,358,404,762,60,822
新北市,三重區,富華里,874,1491,389,407,796,52,848
新北市,三重區,富貴里,875,1821,436,433,869,79,948
新北市,三重區,富貴里,876,1906,403,532,935,38,973
新北市,三重區,富貴里,877,1842,482,531,1013,41,1054
新北市,三重區,富福里,878,878,231,226,457,26,483
新北市,三重區,富福里,879,963,314,268,582,36,618
新北市,三重區,五華里,880,1381,346,371,717,30,747
新北市,三重區,五華里,881,1681,404,393,797,62,859
新北市,三重區,五華里,882,1548,405,390,795,24,819
新北市,三重區,碧華里,883,1542,445,407,852,42,894
新北市,三重區,碧華里,884,1557,397,425,822,44,866
新北市,三重區,碧華里,885,1661,364,508,872,31,903
新北市,三重區,碧華里,886,2024,451,635,1086,20,1106
新北市,三重區,福樂里,887,1588,391,370,761,42,803
新北市,三重區,福樂里,888,1706,443,431,874,66,940
新北市,三重區,仁華里,889,1341,379,380,759,30,789
新北市,三重區,仁華里,890,1025,309,241,550,34,584
新北市,三重區,仁華里,891,1339,346,368,714,52,766
新北市,三重區,五順里,892,1725,457,454,911,58,969
新北市,三重區,五順里,893,1826,479,470,949,54,1003
新北市,板橋區,留侯里,894,1388,344,390,734,49,783
新北市,板橋區,流芳里,895,1294,337,379,716,50,766
新北市,板橋區,赤松里,896,667,214,181,395,19,414
新北市,板橋區,黃石里,897,898,248,221,469,32,501
新北市,板橋區,挹秀里,898,829,206,273,479,29,508
新北市,板橋區,挹秀里,899,739,168,264,432,30,462
新北市,板橋區,湳興里,900,1035,297,303,600,32,632
新北市,板橋區,湳興里,901,1713,372,405,777,18,795
新北市,板橋區,湳興里,902,658,148,178,326,15,341
新北市,板橋區,湳興里,903,1312,336,355,691,51,742
新北市,板橋區,新興里,904,1492,356,394,750,35,785
新北市,板橋區,新興里,905,1393,323,359,682,45,727
新北市,板橋區,社後里,906,4742,387,467,854,33,887
新北市,板橋區,社後里,907,1439,341,406,747,45,792
新北市,板橋區,社後里,908,1187,345,338,683,38,721
新北市,板橋區,社後里,909,1122,288,320,608,31,639
新北市,板橋區,香社里,910,1363,396,384,780,30,810
新北市,板橋區,香社里,911,1093,316,295,611,38,649
新北市,板橋區,香社里,912,1331,379,382,761,34,795
新北市,板橋區,香雅里,913,1026,293,307,600,43,643
新北市,板橋區,香雅里,914,1244,305,384,689,41,730
新北市,板橋區,中正里,915,1268,343,294,637,52,689
新北市,板橋區,中正里,916,1313,354,317,671,37,708
新北市,板橋區,中正里,917,1196,325,377,702,35,737
新北市,板橋區,自強里,918,1137,299,450,749,30,779
新北市,板橋區,自強里,919,1269,359,424,783,30,813
新北市,板橋區,自強里,920,1117,270,402,672,37,709
新北市,板橋區,自強里,921,1042,252,380,632,33,665
新北市,板橋區,自立里,922,1257,372,345,717,50,767
新北市,板橋區,自立里,923,1216,359,328,687,42,729
新北市,板橋區,光華里,924,1126,298,308,606,55,661
新北市,板橋區,光華里,925,1290,318,477,795,41,836
新北市,板橋區,光榮里,926,1215,276,352,628,23,651
新北市,板橋區,光榮里,927,1099,264,315,579,28,607
新北市,板橋區,國光里,928,1329,239,569,808,37,845
新北市,板橋區,國光里,929,996,147,434,581,23,604
新北市,板橋區,國光里,930,1047,268,337,605,30,635
新北市,板橋區,港尾里,931,1272,322,393,715,53,768
新北市,板橋區,港尾里,932,1252,295,435,730,38,768
新北市,板橋區,新生里,933,1238,338,356,694,40,734
新北市,板橋區,新生里,934,1389,417,418,835,50,885
新北市,板橋區,新生里,935,1194,354,356,710,43,753
新北市,板橋區,金華里,936,1093,273,295,568,39,607
新北市,板橋區,金華里,937,1148,307,303,610,52,662
新北市,板橋區,金華里,938,1268,378,364,742,37,779
新北市,板橋區,港德里,939,1230,374,307,681,37,718
新北市,板橋區,港德里,940,1012,246,306,552,32,584
新北市,板橋區,港德里,941,811,260,198,458,34,492
新北市,板橋區,港德里,942,1197,341,371,712,51,763
新北市,板橋區,民權里,943,1142,273,352,625,23,648
新北市,板橋區,民權里,944,1222,291,292,583,32,615
新北市,板橋區,民安里,945,796,208,279,487,35,522
新北市,板橋區,民安里,946,997,281,331,612,35,647
新北市,板橋區,建國里,947,1011,284,285,569,24,593
新北市,板橋區,建國里,948,1157,340,314,654,48,702
新北市,板橋區,建國里,949,1040,308,304,612,30,642
新北市,板橋區,漢生里,950,1173,288,400,688,27,715
新北市,板橋區,漢生里,951,1193,320,334,654,24,678
新北市,板橋區,漢生里,952,1255,333,414,747,20,767
新北市,板橋區,公?里,953,1306,378,372,750,37,787
新北市,板橋區,公?里,954,1050,319,304,623,18,641
新北市,板橋區,公?里,955,942,307,242,549,29,578
新北市,板橋區,新民里,956,1133,316,367,683,34,717
新北市,板橋區,新民里,957,1251,328,382,710,26,736
新北市,板橋區,新民里,958,1293,333,428,761,32,793
新北市,板橋區,幸福里,959,1208,325,295,620,46,666
新北市,板橋區,幸福里,960,1223,360,330,690,37,727
新北市,板橋區,幸福里,961,1061,299,277,576,29,605
新北市,板橋區,文德里,962,1515,404,437,841,35,876
新北市,板橋區,文德里,963,1225,311,398,709,47,756
新北市,板橋區,忠誠里,964,1120,242,456,698,28,726
新北市,板橋區,忠誠里,965,1091,259,406,665,28,693
新北市,板橋區,忠誠里,966,1385,174,635,809,23,832
新北市,板橋區,陽明里,967,1283,353,394,747,32,779
新北市,板橋區,陽明里,968,1204,367,314,681,47,728
新北市,板橋區,百壽里,969,1191,328,395,723,35,758
新北市,板橋區,百壽里,970,1078,325,329,654,37,691
新北市,板橋區,介壽里,971,1351,349,403,752,53,805
新北市,板橋區,介壽里,972,1322,331,424,755,32,787
新北市,板橋區,新埔里,973,868,241,255,496,35,531
新北市,板橋區,新埔里,974,1029,300,343,643,48,691
新北市,板橋區,華江里,975,1602,494,439,933,25,958
新北市,板橋區,華江里,976,1362,401,387,788,37,825
新北市,板橋區,華江里,977,1698,434,474,908,60,968
新北市,板橋區,華江里,978,1495,341,481,822,32,854
新北市,板橋區,江翠里,979,1522,411,391,802,54,856
新北市,板橋區,江翠里,980,1279,361,351,712,46,758
新北市,板橋區,江翠里,981,1559,337,383,720,52,772
新北市,板橋區,純翠里,982,1537,378,402,780,56,836
新北市,板橋區,純翠里,983,1531,389,356,745,54,799
新北市,板橋區,純翠里,984,1720,432,481,913,27,940
新北市,板橋區,溪頭里,985,1165,299,326,625,21,646
新北市,板橋區,溪頭里,986,1857,462,564,1026,55,1081
新北市,板橋區,溪頭里,987,1078,324,265,589,33,622
新北市,板橋區,溪頭里,988,1177,352,312,664,16,680
新北市,板橋區,聯翠里,989,1798,405,600,1005,37,1042
新北市,板橋區,聯翠里,990,1455,412,412,824,60,884
新北市,板橋區,文化里,991,1245,364,354,718,51,769
新北市,板橋區,文化里,992,1704,431,454,885,62,947
新北市,板橋區,宏翠里,993,1600,366,530,896,26,922
新北市,板橋區,宏翠里,994,1409,368,337,705,34,739
新北市,板橋區,宏翠里,995,1286,345,355,700,43,743
新北市,板橋區,仁翠里,996,1359,311,304,615,58,673
新北市,板橋區,仁翠里,997,1188,305,284,589,46,635
新北市,板橋區,新翠里,998,1627,496,378,874,35,909
新北市,板橋區,新翠里,999,1633,438,413,851,29,880
新北市,板橋區,新翠里,1000,1814,441,579,1020,64,1084
新北市,板橋區,新翠里,1001,1810,451,543,994,46,1040
新北市,板橋區,朝陽里,1002,1133,313,305,618,48,666
新北市,板橋區,朝陽里,1003,841,265,205,470,30,500
新北市,板橋區,朝陽里,1004,1050,317,314,631,33,664
新北市,板橋區,吉翠里,1005,1130,345,248,593,52,645
新北市,板橋區,吉翠里,1006,1056,332,294,626,35,661
新北市,板橋區,吉翠里,1007,1129,351,255,606,26,632
新北市,板橋區,德翠里,1008,1713,440,487,927,52,979
新北市,板橋區,德翠里,1009,1622,431,486,917,55,972
新北市,板橋區,德翠里,1010,1427,365,482,847,56,903
新北市,板橋區,德翠里,1011,1471,395,498,893,24,917
新北市,板橋區,新海里,1012,1076,343,243,586,19,605
新北市,板橋區,新海里,1013,979,259,237,496,20,516
新北市,板橋區,新海里,1014,1079,313,347,660,26,686
新北市,板橋區,滿翠里,1015,828,237,198,435,36,471
新北市,板橋區,滿翠里,1016,820,269,209,478,41,519
新北市,板橋區,滿翠里,1017,989,336,254,590,22,612
新北市,板橋區,明翠里,1018,1023,272,271,543,54,597
新北市,板橋區,明翠里,1019,1044,289,274,563,28,591
新北市,板橋區,明翠里,1020,968,262,266,528,52,580
新北市,板橋區,明翠里,1021,1222,361,356,717,27,744
新北市,板橋區,松翠里,1022,1385,409,352,761,30,791
新北市,板橋區,松翠里,1023,1585,409,430,839,44,883
新北市,板橋區,柏翠里,1024,1840,456,518,974,54,1028
新北市,板橋區,柏翠里,1025,1806,446,617,1063,62,1125
新北市,板橋區,龍翠里,1026,1506,433,374,807,54,861
新北市,板橋區,龍翠里,1027,1476,385,370,755,56,811
新北市,板橋區,龍翠里,1028,1500,385,451,836,50,886
新北市,板橋區,松柏里,1029,1096,313,351,664,27,691
新北市,板橋區,松柏里,1030,963,277,288,565,39,604
新北市,板橋區,華翠里,1031,1601,448,435,883,40,923
新北市,板橋區,華翠里,1032,1507,437,463,900,42,942
新北市,板橋區,莒光里,1033,1315,394,387,781,47,828
新北市,板橋區,莒光里,1034,1178,321,324,645,28,673
新北市,板橋區,忠翠里,1035,1822,493,558,1051,56,1107
新北市,板橋區,忠翠里,1036,1605,458,492,950,54,1004
新北市,板橋區,忠翠里,1037,1549,359,529,888,29,917
新北市,板橋區,忠翠里,1038,1948,485,637,1122,38,1160
新北市,板橋區,忠翠里,1039,1935,430,612,1042,44,1086
新北市,板橋區,嵐翠里,1040,1097,318,258,576,31,607
新北市,板橋區,嵐翠里,1041,1095,300,277,577,37,614
新北市,板橋區,文聖里,1042,1678,431,448,879,66,945
新北市,板橋區,文聖里,1043,1750,453,459,912,54,966
新北市,板橋區,文翠里,1044,1187,284,328,612,51,663
新北市,板橋區,文翠里,1045,1154,305,359,664,30,694
新北市,板橋區,文翠里,1046,1262,403,345,748,28,776
新北市,板橋區,青翠里,1047,1271,325,364,689,41,730
新北市,板橋區,青翠里,1048,1410,395,358,753,59,812
新北市,板橋區,懷翠里,1049,1745,427,441,868,62,930
新北市,板橋區,懷翠里,1050,1867,522,462,984,75,1059
新北市,板橋區,懷翠里,1051,1753,468,519,987,60,1047
新北市,板橋區,福翠里,1052,1204,337,354,691,32,723
新北市,板橋區,港嘴里,1053,1614,386,447,833,63,896
新北市,板橋區,港嘴里,1054,1237,371,345,716,32,748
新北市,板橋區,港嘴里,1055,1361,401,357,758,52,810
新北市,板橋區,港嘴里,1056,1243,376,340,716,23,739
新北市,板橋區,振興里,1057,1515,358,411,769,28,797
新北市,板橋區,振興里,1058,1515,441,423,864,50,914
新北市,板橋區,振興里,1059,949,274,277,551,33,584
新北市,板橋區,振義里,1060,1629,384,461,845,46,891
新北市,板橋區,振義里,1061,1238,380,317,697,38,735
新北市,板橋區,振義里,1062,901,219,163,382,16,398
新北市,板橋區,光復里,1063,1475,388,426,814,58,872
新北市,板橋區,光復里,1064,1481,420,370,790,46,836
新北市,板橋區,埔墘里,1065,1800,401,504,905,54,959
新北市,板橋區,埔墘里,1066,1630,459,421,880,35,915
新北市,板橋區,埔墘里,1067,1298,349,406,755,27,782
新北市,板橋區,埔墘里,1068,874,273,232,505,26,531
新北市,板橋區,富貴里,1069,992,308,261,569,14,583
新北市,板橋區,富貴里,1070,1034,296,351,647,30,677
新北市,板橋區,長壽里,1071,1451,413,410,823,50,873
新北市,板橋區,長壽里,1072,1130,347,328,675,34,709
新北市,板橋區,福壽里,1073,1440,339,476,815,35,850
新北市,板橋區,福壽里,1074,1531,379,464,843,65,908
新北市,板橋區,居仁里,1075,1349,384,437,821,42,863
新北市,板橋區,居仁里,1076,1593,438,401,839,38,877
新北市,板橋區,海山里,1077,1174,296,348,644,26,670
新北市,板橋區,海山里,1078,1228,319,346,665,47,712
新北市,板橋區,海山里,1079,1187,377,336,713,15,728
新北市,板橋區,海山里,1080,870,247,260,507,34,541
新北市,板橋區,海山里,1081,2033,446,747,1193,34,1227
新北市,板橋區,九如里,1082,1418,375,355,730,42,772
新北市,板橋區,九如里,1083,1075,305,291,596,30,626
新北市,板橋區,正泰里,1084,1515,386,419,805,29,834
新北市,板橋區,正泰里,1085,1182,369,368,737,36,773
新北市,板橋區,玉光里,1086,1893,472,552,1024,32,1056
新北市,板橋區,玉光里,1087,1302,325,355,680,51,731
新北市,板橋區,玉光里,1088,1366,357,345,702,33,735
新北市,板橋區,光仁里,1089,1318,358,418,776,49,825
新北市,板橋區,光仁里,1090,1200,337,340,677,20,697
新北市,板橋區,埤墘里,1091,2028,524,585,1109,38,1147
新北市,板橋區,埤墘里,1092,1746,611,355,966,61,1027
新北市,板橋區,莊敬里,1093,1954,425,544,969,33,1002
新北市,板橋區,莊敬里,1094,1474,354,446,800,34,834
新北市,板橋區,永安里,1095,1418,395,377,772,41,813
新北市,板橋區,永安里,1096,1563,493,431,924,52,976
新北市,板橋區,雙玉里,1097,1780,468,457,925,52,977
新北市,板橋區,雙玉里,1098,1707,446,482,928,29,957
新北市,板橋區,廣新里,1099,906,171,188,359,18,377
新北市,板橋區,廣新里,1100,1030,265,288,553,42,595
新北市,板橋區,廣新里,1101,1115,330,310,640,22,662
新北市,板橋區,深丘里,1102,1836,415,560,975,30,1005
新北市,板橋區,深丘里,1103,1881,473,532,1005,51,1056
新北市,板橋區,深丘里,1104,1688,408,509,917,33,950
新北市,板橋區,深丘里,1105,1760,403,609,1012,30,1042
新北市,板橋區,香丘里,1106,1044,296,325,621,40,661
新北市,板橋區,香丘里,1107,1043,296,335,631,32,663
新北市,板橋區,香丘里,1108,1099,300,360,660,33,693
新北市,板橋區,西安里,1109,1260,351,383,734,36,770
新北市,板橋區,西安里,1110,1131,287,340,627,34,661
新北市,板橋區,東丘里,1111,1225,364,323,687,39,726
新北市,板橋區,東丘里,1112,1455,419,469,888,28,916
新北市,板橋區,東丘里,1113,1267,374,307,681,52,733
新北市,板橋區,民生里,1114,972,323,239,562,37,599
新北市,板橋區,民生里,1115,994,285,305,590,28,618
新北市,板橋區,長安里,1116,1111,321,321,642,23,665
新北市,板橋區,長安里,1117,1177,372,365,737,45,782
新北市,板橋區,長安里,1118,1544,361,449,810,48,858
新北市,板橋區,東安里,1119,1021,263,283,546,52,598
新北市,板橋區,東安里,1120,1040,270,290,560,45,605
新北市,板橋區,福丘里,1121,1504,345,454,799,31,830
新北市,板橋區,福丘里,1122,1373,283,447,730,20,750
新北市,板橋區,福丘里,1123,1210,285,417,702,19,721
新北市,板橋區,福祿里,1124,1809,398,523,921,50,971
新北市,板橋區,福祿里,1125,1551,360,509,869,52,921
新北市,板橋區,民族里,1126,1408,346,472,818,21,839
新北市,板橋區,民族里,1127,1285,334,415,749,26,775
新北市,板橋區,民族里,1128,1102,341,336,677,35,712
新北市,板橋區,國泰里,1129,1399,301,404,705,31,736
新北市,板橋區,國泰里,1130,1692,420,515,935,49,984
新北市,板橋區,後埔里,1131,1625,402,557,959,29,988
新北市,板橋區,後埔里,1132,1712,440,518,958,52,1010
新北市,板橋區,福德里,1133,1246,338,373,711,25,736
新北市,板橋區,福德里,1134,1471,416,431,847,30,877
新北市,板橋區,福德里,1135,1761,420,554,974,59,1033
新北市,板橋區,景星里,1136,1499,83,430,513,53,566
新北市,板橋區,景星里,1137,1528,343,424,767,38,805
新北市,板橋區,福星里,1138,1536,432,462,894,40,934
新北市,板橋區,福星里,1139,1550,421,476,897,29,926
新北市,板橋區,鄉雲里,1140,2050,526,607,1133,50,1183
新北市,板橋區,鄉雲里,1141,1300,361,382,743,38,781
新北市,板橋區,廣德里,1142,1537,351,504,855,36,891
新北市,板橋區,廣德里,1143,1341,350,330,680,25,705
新北市,板橋區,廣德里,1144,1606,387,519,906,25,931
新北市,板橋區,廣德里,1145,1433,386,366,752,33,785
新北市,板橋區,大豐里,1146,1685,410,464,874,31,905
新北市,板橋區,大豐里,1147,1248,338,397,735,46,781
新北市,板橋區,大豐里,1148,1172,279,346,625,35,660
新北市,板橋區,重慶里,1149,1640,406,409,815,23,838
新北市,板橋區,重慶里,1150,1428,277,498,775,37,812
新北市,板橋區,重慶里,1151,1527,369,450,819,62,881
新北市,板橋區,重慶里,1152,1350,323,449,772,24,796
新北市,板橋區,重慶里,1153,1582,354,520,874,35,909
新北市,板橋區,仁愛里,1154,919,209,356,565,37,602
新北市,板橋區,仁愛里,1155,930,226,297,523,23,546
新北市,板橋區,仁愛里,1156,974,247,357,604,24,628
新北市,板橋區,和平里,1157,1732,362,597,959,40,999
新北市,板橋區,和平里,1158,1438,334,439,773,44,817
新北市,板橋區,廣福里,1159,1777,448,458,906,71,977
新北市,板橋區,廣福里,1160,1764,366,465,831,56,887
新北市,板橋區,五權里,1161,1289,409,297,706,21,727
新北市,板橋區,五權里,1162,1182,359,341,700,27,727
新北市,板橋區,五權里,1163,1174,338,337,675,33,708
新北市,板橋區,華興里,1164,1870,464,497,961,52,1013
新北市,板橋區,華興里,1165,1842,460,575,1035,49,1084
新北市,板橋區,華貴里,1166,1094,259,342,601,43,644
新北市,板橋區,華貴里,1167,1228,296,337,633,46,679
新北市,板橋區,華福里,1168,998,293,333,626,34,660
新北市,板橋區,華福里,1169,862,276,268,544,29,573
新北市,板橋區,華德里,1170,1622,402,415,817,40,857
新北市,板橋區,華德里,1171,1205,355,322,677,50,727
新北市,板橋區,華德里,1172,1787,364,517,881,50,931
新北市,板橋區,華德里,1173,1610,342,550,892,33,925
新北市,板橋區,華東里,1174,2216,543,727,1270,42,1312
新北市,板橋區,華東里,1175,2294,516,715,1231,50,1281
新北市,板橋區,華東里,1176,2090,442,626,1068,66,1134
新北市,板橋區,信義里,1177,1356,277,385,662,27,689
新北市,板橋區,信義里,1178,1067,273,323,596,41,637
新北市,板橋區,信義里,1179,1319,374,348,722,39,761
新北市,板橋區,浮洲里,1180,1316,328,348,676,50,726
新北市,板橋區,浮洲里,1181,1195,323,289,612,43,655
新北市,板橋區,浮洲里,1182,857,254,228,482,27,509
新北市,板橋區,華中里,1183,1417,350,359,709,59,768
新北市,板橋區,華中里,1184,1560,424,424,848,64,912
新北市,板橋區,華中里,1185,1747,617,359,976,46,1022
新北市,板橋區,僑中里,1186,1176,379,339,718,36,754
新北市,板橋區,僑中里,1187,1101,327,300,627,32,659
新北市,板橋區,僑中里,1188,1458,426,414,840,25,865
新北市,板橋區,大觀里,1189,1630,405,404,809,29,838
新北市,板橋區,大觀里,1190,1611,427,423,850,53,903
新北市,板橋區,歡園里,1191,1139,321,285,606,33,639
新北市,板橋區,中山里,1192,1120,318,311,629,24,653
新北市,板橋區,中山里,1193,1022,286,329,615,49,664
新北市,板橋區,中山里,1194,1049,301,291,592,52,644
新北市,板橋區,中山里,1195,1007,232,344,576,18,594
新北市,板橋區,中山里,1196,1393,323,447,770,23,793
新北市,板橋區,復興里,1197,474,80,90,170,32,202
新北市,板橋區,復興里,1198,500,147,129,276,26,302
新北市,板橋區,大安里,1199,1177,313,337,650,30,680
新北市,板橋區,大安里,1200,1186,272,376,648,29,677
新北市,板橋區,大安里,1201,1139,329,326,655,49,704
新北市,板橋區,福安里,1202,1750,422,512,934,36,970
新北市,板橋區,福安里,1203,3451,505,677,1182,24,1206
新北市,板橋區,聚安里,1204,1620,415,391,806,62,868
新北市,板橋區,聚安里,1205,903,228,209,437,22,459
新北市,板橋區,聚安里,1206,1232,348,352,700,21,721
新北市,板橋區,聚安里,1207,975,264,221,485,18,503
新北市,板橋區,龍安里,1208,1224,353,300,653,27,680
新北市,板橋區,龍安里,1209,1291,339,381,720,29,749
新北市,板橋區,崑崙里,1210,1828,419,477,896,33,929
新北市,板橋區,崑崙里,1211,1725,423,427,850,44,894
新北市,板橋區,崑崙里,1212,1085,224,307,531,23,554
新北市,板橋區,崑崙里,1213,2357,542,646,1188,50,1238
新北市,板橋區,崑崙里,1214,1560,374,449,823,31,854
新北市,板橋區,成和里,1215,2201,459,532,991,27,1018
新北市,板橋區,成和里,1216,1626,407,444,851,44,895
新北市,板橋區,成和里,1217,1786,315,472,787,37,824
新北市,板橋區,溪洲里,1218,1763,449,468,917,43,960
新北市,板橋區,溪洲里,1219,1744,441,430,871,28,899
新北市,板橋區,溪洲里,1220,1645,423,429,852,42,894
新北市,板橋區,溪福里,1221,1861,337,555,892,33,925
新北市,板橋區,溪福里,1222,1596,370,411,781,30,811
新北市,板橋區,溪福里,1223,1871,446,514,960,55,1015
新北市,板橋區,溪福里,1224,1938,442,583,1025,49,1074
新北市,板橋區,溪福里,1225,1827,434,542,976,41,1017
新北市,板橋區,溪福里,1226,1359,293,404,697,26,723
新北市,板橋區,溪福里,1227,1613,493,357,850,48,898
新北市,板橋區,溪北里,1228,1566,412,414,826,64,890
新北市,板橋區,溪北里,1229,1552,457,447,904,50,954
新北市,板橋區,堂春里,1230,1885,485,492,977,26,1003
新北市,板橋區,堂春里,1231,1893,483,500,983,36,1019
新北市,中和區,中原里,1232,1630,388,431,819,32,851
新北市,中和區,中原里,1233,1775,433,526,959,39,998
新北市,中和區,中原里,1234,1844,384,541,925,28,953
新北市,中和區,連和里,1235,1019,240,378,618,30,648
新北市,中和區,連和里,1236,1138,195,473,668,24,692
新北市,中和區,連城里,1237,1878,344,607,951,34,985
新北市,中和區,連城里,1238,1980,328,767,1095,39,1134
新北市,中和區,連城里,1239,1844,469,533,1002,56,1058
新北市,中和區,力行里,1240,2085,470,658,1128,33,1161
新北市,中和區,力行里,1241,1498,289,509,798,35,833
新北市,中和區,力行里,1242,1761,387,554,941,31,972
新北市,中和區,正行里,1243,1254,332,349,681,26,707
新北市,中和區,正行里,1244,1343,262,498,760,29,789
新北市,中和區,德行里,1245,1789,325,622,947,30,977
新北市,中和區,德行里,1246,2000,424,679,1103,33,1136
新北市,中和區,德行里,1247,1953,385,569,954,25,979
新北市,中和區,枋寮里,1248,1712,403,521,924,37,961
新北市,中和區,枋寮里,1249,1582,349,548,897,23,920
新北市,中和區,漳和里,1250,1742,410,518,928,36,964
新北市,中和區,漳和里,1251,1493,376,522,898,30,928
新北市,中和區,廟美里,1252,1352,328,371,699,41,740
新北市,中和區,廟美里,1253,1244,293,412,705,33,738
新北市,中和區,廟美里,1254,1394,327,446,773,52,825
新北市,中和區,福真里,1255,1917,342,502,844,31,875
新北市,中和區,福真里,1256,1830,429,502,931,41,972
新北市,中和區,福善里,1257,1124,279,347,626,39,665
新北市,中和區,福善里,1258,1412,303,385,688,40,728
新北市,中和區,福善里,1259,1356,340,396,736,27,763
新北市,中和區,福美里,1260,1425,272,447,719,33,752
新北市,中和區,福美里,1261,1259,312,397,709,50,759
新北市,中和區,福美里,1262,1256,337,355,692,46,738
新北市,中和區,福祥里,1263,1423,343,439,782,30,812
新北市,中和區,福祥里,1264,1221,299,386,685,35,720
新北市,中和區,福祥里,1265,1858,418,500,918,48,966
新北市,中和區,瓦?里,1266,1804,405,506,911,38,949
新北市,中和區,瓦?里,1267,1669,375,562,937,34,971
新北市,中和區,瓦?里,1268,1485,364,444,808,34,842
新北市,中和區,福和里,1269,1005,247,331,578,32,610
新北市,中和區,福和里,1270,1175,338,381,719,40,759
新北市,中和區,福和里,1271,1171,281,381,662,32,694
新北市,中和區,佳和里,1272,1746,346,518,864,29,893
新北市,中和區,佳和里,1273,1555,342,419,761,20,781
新北市,中和區,佳和里,1274,1112,275,341,616,28,644
新北市,中和區,新南里,1275,1780,410,609,1019,39,1058
新北市,中和區,新南里,1276,1918,389,642,1031,43,1074
新北市,中和區,新南里,1277,1689,261,486,747,23,770
新北市,中和區,新南里,1278,1781,384,600,984,30,1014
新北市,中和區,南山里,1279,1419,305,474,779,38,817
新北市,中和區,南山里,1280,1344,301,406,707,32,739
新北市,中和區,南山里,1281,1804,373,710,1083,45,1128
新北市,中和區,平河里,1282,1788,415,498,913,51,964
新北市,中和區,平河里,1283,1793,401,573,974,39,1013
新北市,中和區,平河里,1284,1352,293,446,739,45,784
新北市,中和區,平河里,1285,1813,361,632,993,37,1030
新北市,中和區,平河里,1286,1288,277,520,797,25,822
新北市,中和區,信和里,1287,1186,288,364,652,33,685
新北市,中和區,信和里,1288,1237,315,324,639,10,649
新北市,中和區,信和里,1289,1406,350,400,750,57,807
新北市,中和區,仁和里,1290,1442,318,454,772,39,811
新北市,中和區,仁和里,1291,1040,307,323,630,27,657
新北市,中和區,仁和里,1292,1292,330,412,742,46,788
新北市,中和區,中正里,1293,1811,429,514,943,48,991
新北市,中和區,中正里,1294,1789,441,522,963,77,1040
新北市,中和區,建和里,1295,859,158,374,532,32,564
新北市,中和區,建和里,1296,972,200,402,602,23,625
新北市,中和區,建和里,1297,1346,347,397,744,34,778
新北市,中和區,中山里,1298,1034,289,316,605,23,628
新北市,中和區,中山里,1299,1387,323,444,767,38,805
新北市,中和區,碧河里,1300,2067,435,669,1104,78,1182
新北市,中和區,碧河里,1301,1670,375,399,774,31,805
新北市,中和區,正南里,1302,1166,251,380,631,35,666
新北市,中和區,正南里,1303,963,224,321,545,29,574
新北市,中和區,正南里,1304,1070,186,360,546,31,577
新北市,中和區,頂南里,1305,1319,256,454,710,36,746
新北市,中和區,頂南里,1306,1438,310,539,849,35,884
新北市,中和區,華新里,1307,1808,314,593,907,30,937
新北市,中和區,華新里,1308,1191,180,438,618,14,632
新北市,中和區,華新里,1309,1632,339,520,859,51,910
新北市,中和區,華新里,1310,1765,326,562,888,29,917
新北市,中和區,東南里,1311,1168,160,500,660,36,696
新北市,中和區,東南里,1312,1176,216,429,645,20,665
新北市,中和區,東南里,1313,1565,253,691,944,50,994
新北市,中和區,華南里,1314,1578,295,480,775,38,813
新北市,中和區,華南里,1315,2029,347,729,1076,32,1108
新北市,中和區,華南里,1316,905,211,283,494,28,522
新北市,中和區,忠孝里,1317,839,160,252,412,31,443
新北市,中和區,忠孝里,1318,762,160,270,430,15,445
新北市,中和區,忠孝里,1319,1420,271,476,747,52,799
新北市,中和區,忠孝里,1320,1272,245,406,651,46,697
新北市,中和區,崇南里,1321,1976,359,650,1009,47,1056
新北市,中和區,崇南里,1322,1779,319,618,937,33,970
新北市,中和區,興南里,1323,1454,291,396,687,39,726
新北市,中和區,興南里,1324,1374,247,449,696,34,730
新北市,中和區,景南里,1325,1369,264,401,665,33,698
新北市,中和區,景南里,1326,1501,284,493,777,51,828
新北市,中和區,景本里,1327,920,223,332,555,48,603
新北市,中和區,景本里,1328,1050,238,380,618,35,653
新北市,中和區,橫路里,1329,321,85,95,180,18,198
新北市,中和區,內南里,1330,1474,306,433,739,48,787
新北市,中和區,內南里,1331,1461,304,485,789,54,843
新北市,中和區,內南里,1332,1621,326,510,836,34,870
新北市,中和區,壽南里,1333,1327,276,496,772,55,827
新北市,中和區,壽南里,1334,775,199,231,430,20,450
新北市,中和區,福南里,1335,1916,335,601,936,28,964
新北市,中和區,福南里,1336,1901,360,588,948,45,993
新北市,中和區,外南里,1337,4411,317,452,769,36,805
新北市,中和區,外南里,1338,1212,271,397,668,19,687
新北市,中和區,外南里,1339,1126,257,367,624,30,654
新北市,中和區,中興里,1340,1507,302,489,791,26,817
新北市,中和區,中興里,1341,1519,268,552,820,16,836
新北市,中和區,中興里,1342,1467,320,486,806,36,842
新北市,中和區,中興里,1343,1453,344,498,842,48,890
新北市,中和區,吉興里,1344,1364,267,526,793,35,828
新北市,中和區,吉興里,1345,1302,275,432,707,32,739
新北市,中和區,復興里,1346,1627,223,497,720,24,744
新北市,中和區,復興里,1347,1503,339,439,778,35,813
新北市,中和區,復興里,1348,1392,298,438,736,15,751
新北市,中和區,和興里,1349,1067,243,361,604,34,638
新北市,中和區,和興里,1350,1623,354,474,828,36,864
新北市,中和區,和興里,1351,1208,256,419,675,24,699
新北市,中和區,景平里,1352,1991,333,531,864,29,893
新北市,中和區,景平里,1353,1932,323,546,869,41,910
新北市,中和區,景平里,1354,947,224,383,607,24,631
新北市,中和區,景新里,1355,1660,364,555,919,44,963
新北市,中和區,景新里,1356,1574,296,457,753,39,792
新北市,中和區,景福里,1357,2136,350,691,1041,43,1084
新北市,中和區,景福里,1358,1462,299,441,740,50,790
新北市,中和區,景福里,1359,1548,318,452,770,46,816
新北市,中和區,景安里,1360,692,172,269,441,18,459
新北市,中和區,景安里,1361,1221,239,488,727,42,769
新北市,中和區,景安里,1362,1331,315,436,751,41,792
新北市,中和區,景安里,1363,984,236,348,584,35,619
新北市,中和區,景文里,1364,1871,344,570,914,35,949
新北市,中和區,景文里,1365,1279,262,419,681,43,724
新北市,中和區,錦和里,1366,1629,375,510,885,42,927
新北市,中和區,錦和里,1367,1482,331,485,816,31,847
新北市,中和區,錦和里,1368,1715,414,546,960,41,1001
新北市,中和區,錦昌里,1369,1952,373,680,1053,52,1105
新北市,中和區,灰?里,1370,686,205,180,385,23,408
新北市,中和區,積穗里,1371,1577,370,377,747,32,779
新北市,中和區,積穗里,1372,1158,295,358,653,29,682
新北市,中和區,積穗里,1373,1195,315,436,751,16,767
新北市,中和區,積穗里,1374,1054,243,411,654,22,676
新北市,中和區,積穗里,1375,612,167,216,383,15,398
新北市,中和區,積穗里,1376,1668,401,538,939,28,967
新北市,中和區,民享里,1377,1071,303,329,632,51,683
新北市,中和區,民享里,1378,1169,413,350,763,35,798
新北市,中和區,員山里,1379,1370,386,359,745,31,776
新北市,中和區,員山里,1380,1574,401,496,897,53,950
新北市,中和區,員山里,1381,2614,466,711,1177,29,1206
新北市,中和區,嘉穗里,1382,1477,353,499,852,26,878
新北市,中和區,嘉穗里,1383,1041,307,276,583,34,617
新北市,中和區,文元里,1384,1538,362,427,789,50,839
新北市,中和區,文元里,1385,1599,426,418,844,42,886
新北市,中和區,文元里,1386,1586,433,457,890,53,943
新北市,中和區,嘉新里,1387,1726,479,517,996,50,1046
新北市,中和區,嘉新里,1388,1854,527,554,1081,56,1137
新北市,中和區,民安里,1389,1472,481,375,856,42,898
新北市,中和區,民安里,1390,1430,378,447,825,52,877
新北市,中和區,民安里,1391,1488,390,469,859,42,901
新北市,中和區,安穗里,1392,1251,358,323,681,32,713
新北市,中和區,安穗里,1393,1487,365,467,832,35,867
新北市,中和區,安穗里,1394,1328,339,348,687,58,745
新北市,中和區,瑞穗里,1395,1128,316,346,662,38,700
新北市,中和區,瑞穗里,1396,1008,257,381,638,23,661
新北市,中和區,明穗里,1397,1786,486,520,1006,27,1033
新北市,中和區,明穗里,1398,2219,459,701,1160,46,1206
新北市,中和區,清穗里,1399,1322,319,357,676,36,712
新北市,中和區,清穗里,1400,1495,401,419,820,19,839
新北市,中和區,自強里,1401,1414,348,385,733,47,780
新北市,中和區,自強里,1402,1681,666,267,933,49,982
新北市,中和區,自強里,1403,1361,353,395,748,34,782
新北市,中和區,德穗里,1404,1442,344,437,781,33,814
新北市,中和區,德穗里,1405,1383,341,373,714,28,742
新北市,中和區,德穗里,1406,1264,243,454,697,32,729
新北市,中和區,民生里,1407,1810,448,566,1014,79,1093
新北市,中和區,民生里,1408,1951,386,508,894,54,948
新北市,中和區,國光里,1409,1582,347,427,774,36,810
新北市,中和區,國光里,1410,1945,466,627,1093,59,1152
新北市,中和區,壽德里,1411,1390,254,520,774,36,810
新北市,中和區,壽德里,1412,1161,297,359,656,18,674
新北市,中和區,壽德里,1413,1399,189,567,756,34,790
新北市,中和區,明德里,1414,1070,308,288,596,20,616
新北市,中和區,明德里,1415,1169,306,338,644,19,663
新北市,中和區,明德里,1416,1214,308,426,734,36,770
新北市,中和區,錦中里,1417,1398,321,448,769,49,818
新北市,中和區,錦中里,1418,1049,256,340,596,21,617
新北市,中和區,錦中里,1419,1324,343,453,796,29,825
新北市,中和區,錦盛里,1420,1765,375,467,842,27,869
新北市,中和區,錦盛里,1421,1709,349,514,863,31,894
新北市,中和區,民有里,1422,1186,302,345,647,51,698
新北市,中和區,民有里,1423,1318,349,408,757,40,797
新北市,中和區,員富里,1424,1430,370,433,803,37,840
新北市,中和區,員富里,1425,1637,350,361,711,26,737
新北市,中和區,嘉慶里,1426,1283,324,376,700,37,737
新北市,中和區,嘉慶里,1427,1310,338,383,721,39,760
新北市,中和區,嘉慶里,1428,1301,338,382,720,44,764
新北市,中和區,冠穗里,1429,1681,454,482,936,42,978
新北市,中和區,冠穗里,1430,1384,361,447,808,18,826
新北市,中和區,國華里,1431,1187,326,324,650,33,683
新北市,中和區,國華里,1432,1779,350,451,801,5,806
新北市,中和區,宜安里,1433,1712,352,586,938,37,975
新北市,中和區,安樂里,1434,1462,312,456,768,27,795
新北市,中和區,安樂里,1435,1824,322,619,941,31,972
新北市,中和區,安和里,1436,1389,310,427,737,41,778
新北市,中和區,安和里,1437,1434,293,522,815,40,855
新北市,中和區,安順里,1438,1953,361,643,1004,46,1050
新北市,中和區,安順里,1439,2002,425,639,1064,63,1127
新北市,中和區,安平里,1440,1858,329,648,977,29,1006
新北市,中和區,安平里,1441,1801,349,622,971,24,995
新北市,中和區,安平里,1442,1691,323,617,940,40,980
新北市,中和區,中安里,1443,1363,280,501,781,34,815
新北市,中和區,中安里,1444,1220,270,481,751,26,777
新北市,中和區,中安里,1445,1365,290,551,841,22,863
新北市,中和區,泰安里,1446,1178,240,433,673,28,701
新北市,中和區,泰安里,1447,830,202,284,486,24,510
新北市,中和區,泰安里,1448,1197,256,335,591,50,641
新北市,中和區,秀山里,1449,1369,293,471,764,45,809
新北市,中和區,秀山里,1450,1336,301,469,770,31,801
新北市,中和區,秀山里,1451,1377,283,541,824,45,869
新北市,中和區,秀成里,1452,1499,332,512,844,46,890
新北市,中和區,秀成里,1453,1689,390,586,976,35,1011
新北市,中和區,秀義里,1454,1323,346,421,767,32,799
新北市,中和區,秀義里,1455,1079,272,378,650,29,679
新北市,中和區,秀福里,1456,1545,363,489,852,57,909
新北市,中和區,秀福里,1457,1326,302,412,714,37,751
新北市,中和區,秀福里,1458,1443,300,481,781,20,801
新北市,中和區,秀景里,1459,1712,351,604,955,20,975
新北市,中和區,秀景里,1460,1916,357,643,1000,53,1053
新北市,中和區,秀景里,1461,863,211,305,516,25,541
新北市,中和區,秀景里,1462,1203,256,482,738,12,750
新北市,中和區,秀明里,1463,1483,236,551,787,22,809
新北市,中和區,秀明里,1464,1575,248,559,807,38,845
新北市,中和區,秀明里,1465,1432,217,468,685,42,727
新北市,中和區,秀峰里,1466,1441,274,489,763,51,814
新北市,中和區,秀峰里,1467,1269,264,461,725,38,763
新北市,中和區,秀峰里,1468,1363,277,505,782,33,815
新北市,中和區,秀士里,1469,1089,403,408,811,27,838
新北市,中和區,秀士里,1470,1171,243,358,601,28,629
新北市,中和區,秀水里,1471,1150,243,400,643,28,671
新北市,中和區,秀水里,1472,1154,253,443,696,31,727
新北市,中和區,秀水里,1473,1067,218,410,628,35,663
新北市,中和區,秀仁里,1474,1526,293,512,805,30,835
新北市,中和區,秀仁里,1475,1447,331,491,822,32,854
新北市,永和區,光復里,1476,1554,334,533,867,53,920
新北市,永和區,網溪里,1477,1065,224,396,620,21,641
新北市,永和區,復興里,1478,854,197,320,517,32,549
新北市,永和區,復興里,1479,1253,259,471,730,33,763
新北市,永和區,竹林里,1480,1733,334,616,950,40,990
新北市,永和區,竹林里,1481,1581,314,548,862,39,901
新北市,永和區,桂林里,1482,1735,337,582,919,46,965
新北市,永和區,桂林里,1483,1563,281,552,833,20,853
新北市,永和區,上林里,1484,1650,322,630,952,39,991
新北市,永和區,上林里,1485,1454,267,528,795,38,833
新北市,永和區,福林里,1486,1568,357,415,772,42,814
新北市,永和區,福林里,1487,1444,309,462,771,34,805
新北市,永和區,勵行里,1488,1140,277,348,625,35,660
新北市,永和區,中興里,1489,1188,278,428,706,33,739
新北市,永和區,中興里,1490,1516,314,493,807,48,855
新北市,永和區,永興里,1491,1397,280,468,748,34,782
新北市,永和區,永興里,1492,1438,311,479,790,28,818
新北市,永和區,正興里,1493,1084,241,383,624,34,658
新北市,永和區,正興里,1494,941,285,248,533,27,560
新北市,永和區,豫溪里,1495,1598,302,534,836,42,878
新北市,永和區,豫溪里,1496,2842,318,542,860,29,889
新北市,永和區,光明里,1497,1261,288,466,754,40,794
新北市,永和區,光明里,1498,1449,331,569,900,30,930
新北市,永和區,福和里,1499,1511,301,554,855,37,892
新北市,永和區,福和里,1500,1470,319,573,892,38,930
新北市,永和區,福和里,1501,1580,310,576,886,33,919
新北市,永和區,得和里,1502,1438,279,576,855,40,895
新北市,永和區,得和里,1503,1305,272,533,805,27,832
新北市,永和區,得和里,1504,1046,292,406,698,17,715
新北市,永和區,永貞里,1505,1566,336,555,891,20,911
新北市,永和區,永貞里,1506,1468,374,484,858,28,886
新北市,永和區,永福里,1507,1305,324,520,844,27,871
新北市,永和區,永福里,1508,1181,287,425,712,27,739
新北市,永和區,河濱里,1509,1720,340,576,916,40,956
新北市,永和區,河濱里,1510,1103,296,383,679,31,710
新北市,永和區,秀和里,1511,1649,377,557,934,38,972
新北市,永和區,秀和里,1512,1206,272,457,729,31,760
新北市,永和區,秀和里,1513,1506,342,522,864,38,902
新北市,永和區,永元里,1514,1488,295,512,807,46,853
新北市,永和區,永元里,1515,1288,284,476,760,44,804
新北市,永和區,永元里,1516,1413,261,477,738,31,769
新北市,永和區,民權里,1517,1329,248,491,739,40,779
新北市,永和區,民權里,1518,1436,290,569,859,36,895
新北市,永和區,民權里,1519,1112,257,378,635,33,668
新北市,永和區,民族里,1520,1100,269,452,721,24,745
新北市,永和區,民族里,1521,1545,348,566,914,45,959
新北市,永和區,民族里,1522,1436,270,518,788,33,821
新北市,永和區,秀朗里,1523,1731,396,638,1034,53,1087
新北市,永和區,秀朗里,1524,1762,447,601,1048,43,1091
新北市,永和區,秀成里,1525,1320,299,406,705,45,750
新北市,永和區,秀成里,1526,1297,271,373,644,15,659
新北市,永和區,秀林里,1527,1798,412,559,971,40,1011
新北市,永和區,秀林里,1528,1491,370,504,874,41,915
新北市,永和區,秀得里,1529,1223,241,448,689,16,705
新北市,永和區,秀得里,1530,1108,50,584,634,33,667
新北市,永和區,秀元里,1531,1408,340,487,827,34,861
新北市,永和區,秀元里,1532,1265,281,454,735,40,775
新北市,永和區,民生里,1533,1115,239,368,607,19,626
新北市,永和區,民生里,1534,1133,269,422,691,37,728
新北市,永和區,民生里,1535,1217,279,434,713,25,738
新北市,永和區,民本里,1536,1713,411,530,941,35,976
新北市,永和區,民本里,1537,1721,313,597,910,40,950
新北市,永和區,民富里,1538,1327,280,427,707,49,756
新北市,永和區,民富里,1539,1257,293,468,761,21,782
新北市,永和區,民樂里,1540,1348,294,525,819,32,851
新北市,永和區,民樂里,1541,1461,287,606,893,33,926
新北市,永和區,民樂里,1542,1368,309,465,774,43,817
新北市,永和區,民治里,1543,1234,250,444,694,34,728
新北市,永和區,民治里,1544,1303,280,449,729,43,772
新北市,永和區,智光里,1545,1516,313,515,828,30,858
新北市,永和區,智光里,1546,1422,336,503,839,39,878
新北市,永和區,潭安里,1547,991,258,344,602,25,627
新北市,永和區,潭安里,1548,1016,231,390,621,21,642
新北市,永和區,潭安里,1549,1146,221,436,657,37,694
新北市,永和區,潭安里,1550,1043,226,389,615,19,634
新北市,永和區,潭墘里,1551,1210,275,451,726,22,748
新北市,永和區,潭墘里,1552,1630,343,587,930,27,957
新北市,永和區,潭墘里,1553,1092,171,477,648,18,666
新北市,永和區,店街里,1554,1872,404,658,1062,46,1108
新北市,永和區,店街里,1555,1781,452,535,987,29,1016
新北市,永和區,大新里,1556,1049,231,386,617,33,650
新北市,永和區,大新里,1557,1285,310,481,791,29,820
新北市,永和區,永安里,1558,1209,257,471,728,30,758
新北市,永和區,永安里,1559,1132,267,432,699,24,723
新北市,永和區,永安里,1560,1287,285,496,781,38,819
新北市,永和區,永樂里,1561,1068,120,530,650,25,675
新北市,永和區,永樂里,1562,1098,275,390,665,28,693
新北市,永和區,水源里,1563,1222,268,480,748,22,770
新北市,永和區,水源里,1564,1157,263,420,683,32,715
新北市,永和區,水源里,1565,1168,326,408,734,36,770
新北市,永和區,協和里,1566,1283,314,400,714,40,754
新北市,永和區,協和里,1567,1372,364,410,774,28,802
新北市,永和區,雙和里,1568,1876,377,722,1099,42,1141
新北市,永和區,雙和里,1569,1576,377,582,959,44,1003
新北市,永和區,安和里,1570,1661,367,600,967,34,1001
新北市,永和區,安和里,1571,1808,339,663,1002,28,1030
新北市,永和區,前溪里,1572,1898,398,657,1055,43,1098
新北市,永和區,和平里,1573,1508,358,543,901,33,934
新北市,永和區,和平里,1574,1341,295,482,777,48,825
新北市,永和區,和平里,1575,1422,317,486,803,30,833
新北市,永和區,保平里,1576,1177,251,420,671,22,693
新北市,永和區,保平里,1577,1557,393,482,875,42,917
新北市,永和區,保平里,1578,1491,343,446,789,40,829
新北市,永和區,中溪里,1579,1586,343,528,871,39,910
新北市,永和區,中溪里,1580,1313,283,427,710,22,732
新北市,永和區,中溪里,1581,1636,409,481,890,50,940
新北市,永和區,保安里,1582,1598,389,495,884,40,924
新北市,永和區,保安里,1583,1609,367,581,948,32,980
新北市,永和區,保安里,1584,1375,307,514,821,30,851
新北市,永和區,保安里,1585,1648,358,648,1006,32,1038
新北市,永和區,保順里,1586,1077,299,330,629,30,659
新北市,永和區,保順里,1587,1157,267,418,685,23,708
新北市,永和區,保順里,1588,1339,308,515,823,32,855
新北市,永和區,保順里,1589,1306,267,530,797,18,815
新北市,永和區,保順里,1590,1236,278,495,773,16,789
新北市,永和區,保順里,1591,1133,242,448,690,17,707
新北市,永和區,保順里,1592,1425,280,563,843,24,867
新北市,永和區,下溪里,1593,1938,436,610,1046,89,1135
新北市,永和區,下溪里,1594,1607,401,519,920,45,965
新北市,永和區,大同里,1595,853,158,339,497,28,525
新北市,永和區,新生里,1596,768,140,245,385,42,427
新北市,永和區,永成里,1597,893,120,281,401,35,436
新北市,永和區,忠義里,1598,743,122,286,408,29,437
新北市,永和區,仁愛里,1599,1155,275,434,709,29,738
新北市,永和區,仁愛里,1600,1263,305,449,754,32,786
新北市,永和區,文化里,1601,1189,242,469,711,28,739
新北市,永和區,文化里,1602,1346,294,433,727,36,763
新北市,永和區,信義里,1603,1368,308,452,760,43,803
新北市,永和區,信義里,1604,1043,241,358,599,20,619
新北市,永和區,後溪里,1605,1709,423,589,1012,38,1050
新北市,永和區,上溪里,1606,879,197,280,477,11,488
新北市,永和區,上溪里,1607,904,212,305,517,27,544
新北市,永和區,頂溪里,1608,1221,287,446,733,37,770
新北市,永和區,頂溪里,1609,1018,233,354,587,44,631
新北市,永和區,河堤里,1610,1551,308,549,857,25,882
新北市,永和區,河堤里,1611,1428,298,524,822,42,864
新北市,永和區,新?里,1612,1044,225,387,612,41,653
新北市,永和區,新?里,1613,967,208,373,581,32,613
新北市,樹林區,三興里,1614,1408,306,395,701,44,745
新北市,樹林區,三興里,1615,1310,336,349,685,29,714
新北市,樹林區,三興里,1616,1534,400,323,723,40,763
新北市,樹林區,三福里,1617,1211,299,293,592,41,633
新北市,樹林區,三福里,1618,1125,282,349,631,32,663
新北市,樹林區,三福里,1619,1134,315,341,656,31,687
新北市,樹林區,三多里,1620,1897,420,425,845,52,897
新北市,樹林區,三多里,1621,1716,453,406,859,53,912
新北市,樹林區,三龍里,1622,736,230,201,431,28,459
新北市,樹林區,三龍里,1623,1137,337,342,679,26,705
新北市,樹林區,?寮里,1624,1542,384,399,783,29,812
新北市,樹林區,?寮里,1625,1470,377,405,782,35,817
新北市,樹林區,?寮里,1626,1456,334,355,689,27,716
新北市,樹林區,光興里,1627,1124,333,306,639,19,658
新北市,樹林區,光興里,1628,1235,321,315,636,23,659
新北市,樹林區,光興里,1629,1212,331,333,664,24,688
新北市,樹林區,金寮里,1630,1223,315,289,604,33,637
新北市,樹林區,金寮里,1631,1335,358,351,709,37,746
新北市,樹林區,金寮里,1632,1206,321,315,636,28,664
新北市,樹林區,潭底里,1633,1927,381,304,685,33,718
新北市,樹林區,潭底里,1634,914,221,267,488,36,524
新北市,樹林區,潭底里,1635,1456,370,431,801,46,847
新北市,樹林區,文林里,1636,1409,350,398,748,39,787
新北市,樹林區,文林里,1637,1500,422,434,856,50,906
新北市,樹林區,文林里,1638,1545,393,439,832,39,871
新北市,樹林區,保安里,1639,1483,342,422,764,21,785
新北市,樹林區,保安里,1640,1524,365,437,802,38,840
新北市,樹林區,保安里,1641,1431,383,399,782,26,808
新北市,樹林區,保安里,1642,1181,299,320,619,37,656
新北市,樹林區,圳安里,1643,1116,322,294,616,40,656
新北市,樹林區,圳安里,1644,1077,315,234,549,17,566
新北市,樹林區,圳安里,1645,1103,283,279,562,13,575
新北市,樹林區,圳福里,1646,1385,390,350,740,36,776
新北市,樹林區,圳福里,1647,1266,309,346,655,33,688
新北市,樹林區,圳福里,1648,1195,296,315,611,48,659
新北市,樹林區,圳民里,1649,1254,332,313,645,41,686
新北市,樹林區,圳民里,1650,1263,337,367,704,32,736
新北市,樹林區,圳生里,1651,1473,484,383,867,51,918
新北市,樹林區,樹德里,1652,870,209,273,482,21,503
新北市,樹林區,樹德里,1653,1338,388,394,782,42,824
新北市,樹林區,樹德里,1654,1010,264,271,535,30,565
新北市,樹林區,樹福里,1655,1658,390,516,906,60,966
新北市,樹林區,樹福里,1656,1538,436,490,926,43,969
新北市,樹林區,樹西里,1657,1405,348,479,827,67,894
新北市,樹林區,樹西里,1658,1587,368,488,856,35,891
新北市,樹林區,樹西里,1659,1566,384,482,866,35,901
新北市,樹林區,樹興里,1660,997,200,327,527,18,545
新北市,樹林區,樹興里,1661,1187,304,345,649,34,683
新北市,樹林區,樹興里,1662,1061,268,283,551,29,580
新北市,樹林區,樹人里,1663,1701,376,566,942,40,982
新北市,樹林區,樹人里,1664,1278,288,405,693,34,727
新北市,樹林區,育英里,1665,1433,377,460,837,42,879
新北市,樹林區,育英里,1666,1306,355,405,760,48,808
新北市,樹林區,樹南里,1667,1268,392,334,726,51,777
新北市,樹林區,樹南里,1668,1281,331,397,728,27,755
新北市,樹林區,樹南里,1669,1200,352,329,681,31,712
新北市,樹林區,坡內里,1670,1491,394,371,765,41,806
新北市,樹林區,樹東里,1671,1066,261,304,565,26,591
新北市,樹林區,樹北里,1672,877,297,234,531,34,565
新北市,樹林區,彭福里,1673,1616,400,433,833,47,880
新北市,樹林區,彭福里,1674,1589,375,350,725,36,761
新北市,樹林區,彭福里,1675,1367,334,433,767,34,801
新北市,樹林區,和平里,1676,1144,333,317,650,39,689
新北市,樹林區,和平里,1677,1059,298,268,566,19,585
新北市,樹林區,和平里,1678,1224,319,321,640,44,684
新北市,樹林區,彭興里,1679,1141,276,314,590,34,624
新北市,樹林區,彭興里,1680,1396,279,343,622,25,647
新北市,樹林區,彭興里,1681,1157,308,308,616,22,638
新北市,樹林區,彭興里,1682,1498,393,329,722,60,782
新北市,樹林區,彭厝里,1683,1514,414,365,779,59,838
新北市,樹林區,彭厝里,1684,1546,334,416,750,42,792
新北市,樹林區,彭厝里,1685,1392,391,353,744,36,780
新北市,樹林區,大同里,1686,1566,376,473,849,45,894
新北市,樹林區,大同里,1687,1566,377,465,842,16,858
新北市,樹林區,中華里,1688,1517,355,422,777,53,830
新北市,樹林區,中華里,1689,1481,355,440,795,36,831
新北市,樹林區,太順里,1690,1261,313,343,656,32,688
新北市,樹林區,太順里,1691,1163,293,306,599,20,619
新北市,樹林區,東昇里,1692,1661,469,477,946,57,1003
新北市,樹林區,東昇里,1693,1585,412,438,850,49,899
新北市,樹林區,東昇里,1694,1018,255,338,593,25,618
新北市,樹林區,東陽里,1695,1247,320,331,651,49,700
新北市,樹林區,東陽里,1696,1390,341,366,707,48,755
新北市,樹林區,東陽里,1697,1293,333,376,709,34,743
新北市,樹林區,東陽里,1698,1301,329,364,693,17,710
新北市,樹林區,東山里,1699,1606,426,393,819,37,856
新北市,樹林區,東山里,1700,1277,343,317,660,57,717
新北市,樹林區,山佳里,1701,1219,346,305,651,49,700
新北市,樹林區,山佳里,1702,1454,346,387,733,31,764
新北市,樹林區,山佳里,1703,1314,258,412,670,35,705
新北市,樹林區,山佳里,1704,1008,296,323,619,24,643
新北市,樹林區,中山里,1705,1574,402,389,791,59,850
新北市,樹林區,中山里,1706,1364,358,408,766,40,806
新北市,樹林區,中山里,1707,1677,381,431,812,51,863
新北市,樹林區,樂山里,1708,1683,360,380,740,29,769
新北市,樹林區,柑園里,1709,1452,388,421,809,38,847
新北市,樹林區,柑園里,1710,1592,329,564,893,30,923
新北市,樹林區,柑園里,1711,1619,352,574,926,26,952
新北市,樹林區,柑園里,1712,1642,370,611,981,24,1005
新北市,樹林區,柑園里,1713,1357,266,476,742,23,765
新北市,樹林區,西園里,1714,1638,432,489,921,66,987
新北市,樹林區,南園里,1715,1592,368,452,820,34,854
新北市,樹林區,南園里,1716,1521,348,505,853,31,884
新北市,樹林區,南園里,1717,1707,376,614,990,47,1037
新北市,樹林區,南園里,1718,1741,370,613,983,35,1018
新北市,樹林區,南園里,1719,1655,340,566,906,21,927
新北市,樹林區,南園里,1720,1775,368,512,880,35,915
新北市,樹林區,南園里,1721,1781,347,594,941,39,980
新北市,樹林區,東園里,1722,1565,396,332,728,40,768
新北市,樹林區,北園里,1723,936,239,243,482,23,505
新北市,樹林區,北園里,1724,1030,318,272,590,20,610
新北市,鶯歌區,建德里,1725,515,139,142,281,15,296
新北市,鶯歌區,東鶯里,1726,965,303,247,550,35,585
新北市,鶯歌區,北鶯里,1727,1931,460,553,1013,56,1069
新北市,鶯歌區,北鶯里,1728,1797,393,461,854,37,891
新北市,鶯歌區,西鶯里,1729,1057,263,311,574,31,605
新北市,鶯歌區,西鶯里,1730,962,245,256,501,13,514
新北市,鶯歌區,中鶯里,1731,934,269,297,566,23,589
新北市,鶯歌區,南鶯里,1732,1742,497,530,1027,47,1074
新北市,鶯歌區,南鶯里,1733,1634,425,423,848,39,887
新北市,鶯歌區,南鶯里,1734,1676,383,462,845,23,868
新北市,鶯歌區,建國里,1735,2052,542,551,1093,46,1139
新北市,鶯歌區,建國里,1736,1977,561,359,920,29,949
新北市,鶯歌區,建國里,1737,1957,470,567,1037,30,1067
新北市,鶯歌區,二甲里,1738,850,219,195,414,14,428
新北市,鶯歌區,二橋里,1739,1782,377,500,877,39,916
新北市,鶯歌區,二橋里,1740,1496,348,423,771,24,795
新北市,鶯歌區,二橋里,1741,2071,496,498,994,45,1039
新北市,鶯歌區,二橋里,1742,1753,375,377,752,49,801
新北市,鶯歌區,尖山里,1743,1737,389,481,870,30,900
新北市,鶯歌區,尖山里,1744,1669,362,445,807,44,851
新北市,鶯歌區,尖山里,1745,1842,392,439,831,31,862
新北市,鶯歌區,尖山里,1746,1454,354,337,691,34,725
新北市,鶯歌區,南靖里,1747,942,243,253,496,16,512
新北市,鶯歌區,南靖里,1748,1317,324,347,671,37,708
新北市,鶯歌區,南靖里,1749,949,218,229,447,24,471
新北市,鶯歌區,同慶里,1750,1440,421,392,813,32,845
新北市,鶯歌區,永昌里,1751,1809,430,502,932,60,992
新北市,鶯歌區,永昌里,1752,1758,406,539,945,46,991
新北市,鶯歌區,永昌里,1753,1589,353,481,834,33,867
新北市,鶯歌區,永昌里,1754,1067,300,326,626,25,651
新北市,鶯歌區,永昌里,1755,1092,283,345,628,20,648
新北市,鶯歌區,永吉里,1756,1730,443,505,948,28,976
新北市,鶯歌區,永吉里,1757,1281,317,369,686,31,717
新北市,鶯歌區,永吉里,1758,1238,351,379,730,44,774
新北市,鶯歌區,鳳祥里,1759,1568,377,440,817,52,869
新北市,鶯歌區,鳳祥里,1760,1271,305,349,654,36,690
新北市,鶯歌區,鳳祥里,1761,1183,264,256,520,22,542
新北市,鶯歌區,鳳鳴里,1762,1026,225,266,491,14,505
新北市,鶯歌區,鳳鳴里,1763,1721,399,427,826,43,869
新北市,鶯歌區,鳳鳴里,1764,1317,319,326,645,52,697
新北市,鶯歌區,鳳福里,1765,1046,289,304,593,38,631
新北市,鶯歌區,鳳福里,1766,1144,326,323,649,42,691
新北市,鶯歌區,鳳福里,1767,1336,314,348,662,40,702
新北市,鶯歌區,大湖里,1768,1479,341,369,710,19,729
新北市,鶯歌區,大湖里,1769,1736,386,489,875,44,919
新北市,鶯歌區,大湖里,1770,1389,361,426,787,33,820
新北市,鶯歌區,中湖里,1771,1956,464,526,990,64,1054
新北市,鶯歌區,中湖里,1772,1371,394,337,731,30,761
新北市,鶯歌區,中湖里,1773,1810,300,415,715,27,742
新北市,鶯歌區,東湖里,1774,227,55,59,114,2,116
新北市,土城區,祖田里,1775,1505,374,377,751,49,800
新北市,土城區,頂新里,1776,1242,288,435,723,21,744
新北市,土城區,頂新里,1777,1206,273,429,702,14,716
新北市,土城區,頂福里,1778,1474,350,396,746,61,807
新北市,土城區,頂福里,1779,1489,327,406,733,39,772
新北市,土城區,頂福里,1780,1675,395,425,820,45,865
新北市,土城區,頂埔里,1781,1499,378,417,795,35,830
新北市,土城區,頂埔里,1782,1495,296,453,749,32,781
新北市,土城區,頂埔里,1783,1411,361,344,705,55,760
新北市,土城區,沛陂里,1784,1378,339,335,674,40,714
新北市,土城區,沛陂里,1785,1256,348,293,641,34,675
新北市,土城區,沛陂里,1786,1379,365,383,748,46,794
新北市,土城區,永寧里,1787,1424,339,344,683,53,736
新北市,土城區,永寧里,1788,1455,335,414,749,41,790
新北市,土城區,永寧里,1789,1419,336,377,713,35,748
新北市,土城區,永寧里,1790,1357,292,488,780,32,812
新北市,土城區,永寧里,1791,1501,330,435,765,35,800
新北市,土城區,大安里,1792,1206,356,317,673,31,704
新北市,土城區,大安里,1793,1255,353,358,711,20,731
新北市,土城區,大安里,1794,1869,384,535,919,54,973
新北市,土城區,員仁里,1795,1292,320,380,700,26,726
新北市,土城區,員仁里,1796,1324,305,370,675,25,700
新北市,土城區,員仁里,1797,1155,262,317,579,37,616
新北市,土城區,員仁里,1798,1183,320,291,611,46,657
新北市,土城區,埤塘里,1799,2518,281,137,418,39,457
新北市,土城區,埤塘里,1800,1218,276,351,627,35,662
新北市,土城區,埤塘里,1801,1133,271,335,606,42,648
新北市,土城區,土城里,1802,894,205,287,492,27,519
新北市,土城區,土城里,1803,931,255,262,517,35,552
新北市,土城區,長風里,1804,1820,354,757,1111,45,1156
新北市,土城區,員信里,1805,1320,319,391,710,20,730
新北市,土城區,員信里,1806,1241,300,335,635,33,668
新北市,土城區,員信里,1807,1414,325,420,745,34,779
新北市,土城區,員林里,1808,1378,350,400,750,36,786
新北市,土城區,員林里,1809,1421,371,430,801,36,837
新北市,土城區,員林里,1810,1340,281,437,718,30,748
新北市,土城區,員林里,1811,1144,308,349,657,25,682
新北市,土城區,員福里,1812,1268,356,336,692,32,724
新北市,土城區,員福里,1813,1196,302,362,664,26,690
新北市,土城區,員福里,1814,1308,303,452,755,28,783
新北市,土城區,員福里,1815,1175,293,364,657,20,677
新北市,土城區,日和里,1816,1230,335,340,675,36,711
新北市,土城區,日和里,1817,1342,354,371,725,47,772
新北市,土城區,日和里,1818,1268,358,363,721,27,748
新北市,土城區,日和里,1819,1227,297,415,712,61,773
新北市,土城區,日新里,1820,1356,362,357,719,61,780
新北市,土城區,日新里,1821,1496,369,432,801,39,840
新北市,土城區,日新里,1822,1309,321,369,690,57,747
新北市,土城區,裕生里,1823,1175,334,328,662,44,706
新北市,土城區,裕生里,1824,1237,320,329,649,49,698
新北市,土城區,裕生里,1825,1256,310,378,688,41,729
新北市,土城區,裕生里,1826,1228,282,368,650,24,674
新北市,土城區,貨饒里,1827,1182,332,293,625,50,675
新北市,土城區,貨饒里,1828,1558,402,434,836,28,864
新北市,土城區,貨饒里,1829,1160,316,329,645,24,669
新北市,土城區,瑞興里,1830,1357,368,368,736,38,774
新北市,土城區,瑞興里,1831,1464,383,374,757,57,814
新北市,土城區,復興里,1832,1335,326,340,666,31,697
新北市,土城區,復興里,1833,1346,335,375,710,52,762
新北市,土城區,復興里,1834,1435,359,481,840,29,869
新北市,土城區,廣福里,1835,1639,375,492,867,47,914
新北市,土城區,廣福里,1836,1728,375,586,961,27,988
新北市,土城區,廣福里,1837,1665,332,394,726,30,756
新北市,土城區,學成里,1838,1333,396,371,767,48,815
新北市,土城區,學成里,1839,1567,413,485,898,29,927
新北市,土城區,埤林里,1840,1576,421,400,821,49,870
新北市,土城區,埤林里,1841,1458,365,436,801,34,835
新北市,土城區,埤林里,1842,1517,368,454,822,48,870
新北市,土城區,埤林里,1843,1489,311,521,832,39,871
新北市,土城區,埤林里,1844,1463,366,492,858,18,876
新北市,土城區,廣興里,1845,1584,394,483,877,33,910
新北市,土城區,廣興里,1846,1464,349,432,781,34,815
新北市,土城區,樂利里,1847,1598,413,452,865,39,904
新北市,土城區,樂利里,1848,1500,368,370,738,59,797
新北市,土城區,樂利里,1849,1542,324,488,812,34,846
新北市,土城區,學府里,1850,1619,417,513,930,35,965
新北市,土城區,學府里,1851,1521,364,406,770,24,794
新北市,土城區,明德里,1852,1691,405,497,902,27,929
新北市,土城區,明德里,1853,1657,396,461,857,38,895
新北市,土城區,明德里,1854,1772,402,604,1006,29,1035
新北市,土城區,學士里,1855,1423,325,466,791,23,814
新北市,土城區,學士里,1856,1321,369,413,782,35,817
新北市,土城區,學士里,1857,1429,432,408,840,32,872
新北市,土城區,柑林里,1858,1445,337,411,748,37,785
新北市,土城區,柑林里,1859,1520,368,486,854,33,887
新北市,土城區,中正里,1860,1484,289,396,685,16,701
新北市,土城區,中正里,1861,1362,330,378,708,25,733
新北市,土城區,青雲里,1862,1262,320,356,676,25,701
新北市,土城區,青雲里,1863,1343,373,371,744,36,780
新北市,土城區,清和里,1864,1337,343,291,634,25,659
新北市,土城區,清和里,1865,1325,296,261,557,33,590
新北市,土城區,清和里,1866,1390,344,341,685,27,712
新北市,土城區,清和里,1867,1534,326,456,782,51,833
新北市,土城區,清化里,1868,1484,346,398,744,48,792
新北市,土城區,清溪里,1869,1532,339,421,760,35,795
新北市,土城區,清溪里,1870,1507,347,460,807,51,858
新北市,土城區,清溪里,1871,1550,360,482,842,31,873
新北市,土城區,清溪里,1872,1567,335,499,834,34,868
新北市,土城區,青山里,1873,1367,348,396,744,38,782
新北市,土城區,青山里,1874,1293,318,335,653,41,694
新北市,土城區,清水里,1875,1402,373,385,758,37,795
新北市,土城區,清水里,1876,1379,357,375,732,34,766
新北市,土城區,清水里,1877,1471,352,393,745,44,789
新北市,土城區,清水里,1878,1410,310,370,680,31,711
新北市,土城區,清水里,1879,1542,415,393,808,26,834
新北市,土城區,永豐里,1880,1238,319,333,652,31,683
新北市,土城區,永豐里,1881,1301,282,388,670,24,694
新北市,土城區,永豐里,1882,1311,331,485,816,30,846
新北市,土城區,永富里,1883,1511,331,400,731,27,758
新北市,土城區,永富里,1884,1531,353,421,774,47,821
新北市,土城區,永富里,1885,1638,375,378,753,37,790
新北市,土城區,廷寮里,1886,1335,378,386,764,27,791
新北市,土城區,廷寮里,1887,1459,326,446,772,38,810
新北市,土城區,廷寮里,1888,1489,387,397,784,29,813
新北市,土城區,金城里,1889,1774,363,578,941,72,1013
新北市,土城區,金城里,1890,1792,390,575,965,20,985
新北市,土城區,金城里,1891,1798,381,554,935,52,987
新北市,土城區,?廷里,1892,1312,355,326,681,33,714
新北市,土城區,?廷里,1893,1301,330,328,658,28,686
新北市,土城區,?廷里,1894,1254,315,318,633,31,664
新北市,土城區,?廷里,1895,1215,326,307,633,33,666
新北市,土城區,?廷里,1896,1448,339,416,755,32,787
新北市,土城區,延吉里,1897,1321,337,336,673,45,718
新北市,土城區,延吉里,1898,1150,292,271,563,43,606
新北市,土城區,延吉里,1899,1425,355,314,669,39,708
新北市,土城區,延壽里,1900,1366,384,364,748,61,809
新北市,土城區,延壽里,1901,1292,325,407,732,29,761
新北市,土城區,延壽里,1902,1317,334,356,690,35,725
新北市,土城區,延祿里,1903,1324,300,420,720,32,752
新北市,土城區,延祿里,1904,1189,309,295,604,35,639
新北市,土城區,延祿里,1905,1223,349,322,671,47,718
新北市,土城區,平和里,1906,1550,390,404,794,42,836
新北市,土城區,平和里,1907,1606,435,435,870,47,917
新北市,土城區,平和里,1908,1509,381,414,795,38,833
新北市,土城區,平和里,1909,1529,374,416,790,42,832
新北市,土城區,安和里,1910,1458,358,371,729,48,777
新北市,土城區,安和里,1911,1468,439,363,802,38,840
新北市,土城區,安和里,1912,1495,338,436,774,36,810
新北市,土城區,延和里,1913,1303,372,344,716,33,749
新北市,土城區,延和里,1914,1365,351,389,740,33,773
新北市,土城區,延和里,1915,1476,357,397,754,67,821
新北市,土城區,延和里,1916,1519,344,474,818,28,846
新北市,三峽區,三峽里,1917,274,96,80,176,12,188
新北市,三峽區,秀川里,1918,583,138,156,294,29,323
新北市,三峽區,八張里,1919,1765,361,429,790,19,809
新北市,三峽區,八張里,1920,1714,394,468,862,49,911
新北市,三峽區,中埔里,1921,1355,312,374,686,24,710
新北市,三峽區,中埔里,1922,1329,343,379,722,32,754
新北市,三峽區,弘道里,1923,1059,273,273,546,21,567
新北市,三峽區,永?里,1924,1364,323,425,748,37,785
新北市,三峽區,永?里,1925,1098,504,103,607,39,646
新北市,三峽區,永?里,1926,1296,295,374,669,49,718
新北市,三峽區,永?里,1927,1240,310,340,650,29,679
新北市,三峽區,永?里,1928,1531,355,424,779,39,818
新北市,三峽區,鳶山里,1929,1444,307,374,681,28,709
新北市,三峽區,鳶山里,1930,1347,316,362,678,57,735
新北市,三峽區,鳶山里,1931,1455,312,426,738,49,787
新北市,三峽區,鳶山里,1932,1556,359,354,713,32,745
新北市,三峽區,鳶山里,1933,1390,313,281,594,25,619
新北市,三峽區,鳶山里,1934,1532,327,451,778,44,822
新北市,三峽區,龍埔里,1935,1377,334,299,633,42,675
新北市,三峽區,龍埔里,1936,1731,375,477,852,47,899
新北市,三峽區,龍埔里,1937,1705,394,449,843,31,874
新北市,三峽區,龍埔里,1938,1590,372,471,843,39,882
新北市,三峽區,龍埔里,1939,1650,352,565,917,33,950
新北市,三峽區,龍恩里,1940,1441,310,462,772,29,801
新北市,三峽區,龍恩里,1941,1404,314,493,807,17,824
新北市,三峽區,龍恩里,1942,1295,290,452,742,28,770
新北市,三峽區,龍恩里,1943,1348,291,351,642,30,672
新北市,三峽區,龍學里,1944,1579,335,525,860,21,881
新北市,三峽區,龍學里,1945,1435,294,457,751,21,772
新北市,三峽區,龍學里,1946,1659,357,605,962,24,986
新北市,三峽區,龍學里,1947,1512,347,547,894,30,924
新北市,三峽區,龍學里,1948,1463,310,519,829,25,854
新北市,三峽區,龍學里,1949,1465,301,530,831,23,854
新北市,三峽區,龍學里,1950,1463,258,576,834,25,859
新北市,三峽區,龍學里,1951,1443,319,501,820,28,848
新北市,三峽區,礁溪里,1952,1634,368,426,794,40,834
新北市,三峽區,礁溪里,1953,1716,416,484,900,35,935
新北市,三峽區,礁溪里,1954,1675,362,470,832,43,875
新北市,三峽區,安溪里,1955,1649,320,394,714,41,755
新北市,三峽區,安溪里,1956,1489,352,394,746,45,791
新北市,三峽區,安溪里,1957,1771,338,500,838,37,875
新北市,三峽區,安溪里,1958,1726,392,517,909,37,946
新北市,三峽區,介壽里,1959,1363,322,369,691,49,740
新北市,三峽區,介壽里,1960,1624,400,448,848,38,886
新北市,三峽區,介壽里,1961,1352,379,350,729,27,756
新北市,三峽區,介壽里,1962,1608,286,354,640,12,652
新北市,三峽區,中正里,1963,1458,338,400,738,44,782
新北市,三峽區,中正里,1964,1641,368,410,778,30,808
新北市,三峽區,中正里,1965,1530,359,370,729,84,813
新北市,三峽區,大埔里,1966,1389,295,301,596,43,639
新北市,三峽區,大埔里,1967,1315,310,325,635,36,671
新北市,三峽區,大埔里,1968,934,189,349,538,33,571
新北市,三峽區,嘉添里,1969,1270,261,340,601,28,629
新北市,三峽區,嘉添里,1970,929,184,244,428,33,461
新北市,三峽區,添福里,1971,1035,280,254,534,16,550
新北市,三峽區,金圳里,1972,502,137,108,245,14,259
新北市,三峽區,五寮里,1973,836,182,192,374,36,410
新北市,三峽區,插角里,1974,669,163,138,301,33,334
新北市,三峽區,有木里,1975,733,180,215,395,47,442
新北市,三峽區,二鬮里,1976,1560,337,546,883,56,939
新北市,三峽區,二鬮里,1977,1638,348,465,813,38,851
新北市,三峽區,溪南里,1978,1394,332,354,686,31,717
新北市,三峽區,溪北里,1979,771,228,199,427,22,449
新北市,三峽區,溪北里,1980,1367,339,365,704,22,726
新北市,三峽區,溪東里,1981,1241,289,326,615,33,648
新北市,三峽區,溪東里,1982,1520,355,384,739,13,752
新北市,三峽區,成福里,1983,873,286,246,532,25,557
新北市,三峽區,竹崙里,1984,768,210,143,353,22,375
新北市,三峽區,竹崙里,1985,1097,239,260,499,28,527
新北市,三峽區,安坑里,1986,1322,303,246,549,47,596
新北市,新店區,新店里,1987,1603,427,463,890,37,927
新北市,新店區,張南里,1988,1921,410,650,1060,37,1097
新北市,新店區,國校里,1989,1082,237,348,585,16,601
新北市,新店區,國校里,1990,1235,266,431,697,28,725
新北市,新店區,文中里,1991,1568,343,564,907,17,924
新北市,新店區,廣明里,1992,771,247,211,458,13,471
新北市,新店區,文明里,1993,1256,311,376,687,35,722
新北市,新店區,文明里,1994,1008,228,344,572,36,608
新北市,新店區,中興里,1995,1515,245,604,849,44,893
新北市,新店區,中興里,1996,1637,319,670,989,31,1020
新北市,新店區,中興里,1997,1549,332,533,865,37,902
新北市,新店區,新生里,1998,2011,348,873,1221,43,1264
新北市,新店區,新生里,1999,1554,381,495,876,37,913
新北市,新店區,新生里,2000,1770,361,582,943,51,994
新北市,新店區,新德里,2001,1316,303,437,740,43,783
新北市,新店區,新德里,2002,1126,236,374,610,38,648
新北市,新店區,張北里,2003,1460,337,435,772,29,801
新北市,新店區,張北里,2004,1584,330,575,905,46,951
新北市,新店區,張北里,2005,1449,298,494,792,43,835
新北市,新店區,張北里,2006,1520,309,608,917,41,958
新北市,新店區,張北里,2007,1821,322,719,1041,37,1078
新北市,新店區,五?里,2008,1956,414,701,1115,29,1144
新北市,新店區,五?里,2009,1665,339,605,944,42,986
新北市,新店區,五?里,2010,1588,323,621,944,27,971
新北市,新店區,五?里,2011,1519,332,518,850,16,866
新北市,新店區,長春里,2012,1185,272,463,735,18,753
新北市,新店區,長春里,2013,1095,246,436,682,19,701
新北市,新店區,新安里,2014,1106,210,443,653,45,698
新北市,新店區,新安里,2015,2700,167,229,396,19,415
新北市,新店區,新安里,2016,995,189,393,582,20,602
新北市,新店區,新安里,2017,1168,235,407,642,31,673
新北市,新店區,忠誠里,2018,1123,244,495,739,24,763
新北市,新店區,忠誠里,2019,1085,269,410,679,30,709
新北市,新店區,中正里,2020,1412,306,554,860,34,894
新北市,新店區,中正里,2021,1659,334,605,939,39,978
新北市,新店區,中正里,2022,1198,207,522,729,42,771
新北市,新店區,中正里,2023,1376,247,468,715,28,743
新北市,新店區,中華里,2024,1300,228,481,709,26,735
新北市,新店區,中華里,2025,1238,224,482,706,25,731
新北市,新店區,中華里,2026,1388,236,497,733,18,751
新北市,新店區,仁愛里,2027,933,314,251,565,31,596
新北市,新店區,仁愛里,2028,908,177,398,575,13,588
新北市,新店區,建國里,2029,1582,299,568,867,48,915
新北市,新店區,建國里,2030,1247,233,507,740,41,781
新北市,新店區,百忍里,2031,971,190,375,565,39,604
新北市,新店區,百忍里,2032,1145,211,462,673,37,710
新北市,新店區,百忍里,2033,1392,298,508,806,37,843
新北市,新店區,百和里,2034,1452,333,546,879,39,918
新北市,新店區,百和里,2035,1440,291,510,801,41,842
新北市,新店區,福德里,2036,1786,386,588,974,50,1024
新北市,新店區,福德里,2037,1825,666,362,1028,40,1068
新北市,新店區,百福里,2038,1477,336,566,902,18,920
新北市,新店區,百福里,2039,1750,349,648,997,35,1032
新北市,新店區,福民里,2040,1792,259,727,986,36,1022
新北市,新店區,福民里,2041,1979,323,767,1090,39,1129
新北市,新店區,中山里,2042,826,136,354,490,16,506
新北市,新店區,中山里,2043,1924,309,805,1114,32,1146
新北市,新店區,中山里,2044,1383,254,592,846,20,866
新北市,新店區,和平里,2045,830,152,245,397,29,426
新北市,新店區,中央里,2046,1759,335,706,1041,29,1070
新北市,新店區,中央里,2047,1957,345,796,1141,44,1185
新北市,新店區,中央里,2048,1481,290,597,887,23,910
新北市,新店區,國豐里,2049,1552,297,563,860,54,914
新北市,新店區,國豐里,2050,1467,260,533,793,57,850
新北市,新店區,明德里,2051,1371,260,515,775,34,809
新北市,新店區,明德里,2052,991,213,372,585,24,609
新北市,新店區,明德里,2053,1231,247,462,709,43,752
新北市,新店區,大豐里,2054,1701,363,596,959,43,1002
新北市,新店區,大豐里,2055,1707,361,614,975,34,1009
新北市,新店區,大同里,2056,1773,379,599,978,31,1009
新北市,新店區,大同里,2057,1866,359,596,955,32,987
新北市,新店區,江陵里,2058,1735,348,665,1013,28,1041
新北市,新店區,江陵里,2059,1632,355,665,1020,24,1044
新北市,新店區,江陵里,2060,1591,327,572,899,46,945
新北市,新店區,復興里,2061,1495,315,459,774,46,820
新北市,新店區,復興里,2062,1511,265,509,774,21,795
新北市,新店區,寶興里,2063,1260,272,429,701,40,741
新北市,新店區,寶興里,2064,1948,349,775,1124,42,1166
新北市,新店區,寶興里,2065,1582,257,686,943,34,977
新北市,新店區,寶福里,2066,1315,306,450,756,16,772
新北市,新店區,寶福里,2067,1562,339,503,842,31,873
新北市,新店區,寶福里,2068,1982,337,805,1142,38,1180
新北市,新店區,寶福里,2069,1518,310,559,869,40,909
新北市,新店區,寶安里,2070,1735,325,639,964,30,994
新北市,新店區,寶安里,2071,1716,289,646,935,35,970
新北市,新店區,寶安里,2072,1580,309,596,905,24,929
新北市,新店區,信義里,2073,1358,287,534,821,33,854
新北市,新店區,信義里,2074,1610,364,587,951,52,1003
新北市,新店區,信義里,2075,1383,338,431,769,30,799
新北市,新店區,信義里,2076,1596,359,546,905,34,939
新北市,新店區,忠孝里,2077,1360,215,476,691,34,725
新北市,新店區,忠孝里,2078,1160,182,419,601,20,621
新北市,新店區,大鵬里,2079,1236,158,623,781,33,814
新北市,新店區,大鵬里,2080,1234,189,591,780,23,803
新北市,新店區,太平里,2081,1579,394,488,882,42,924
新北市,新店區,太平里,2082,1241,264,416,680,31,711
新北市,新店區,美城里,2083,1275,268,432,700,22,722
新北市,新店區,美城里,2084,1214,218,398,616,32,648
新北市,新店區,頂城里,2085,1578,323,434,757,38,795
新北市,新店區,下城里,2086,1442,316,458,774,25,799
新北市,新店區,下城里,2087,1475,362,360,722,50,772
新北市,新店區,柴埕里,2088,1580,315,559,874,48,922
新北市,新店區,柴埕里,2089,1585,305,544,849,40,889
新北市,新店區,柴埕里,2090,1586,389,458,847,48,895
新北市,新店區,柴埕里,2091,1931,382,651,1033,45,1078
新北市,新店區,柴埕里,2092,1239,240,421,661,32,693
新北市,新店區,安和里,2093,1892,405,610,1015,35,1050
新北市,新店區,安和里,2094,1529,323,461,784,38,822
新北市,新店區,安和里,2095,1358,295,469,764,27,791
新北市,新店區,安和里,2096,1905,346,611,957,33,990
新北市,新店區,永安里,2097,1885,356,611,967,45,1012
新北市,新店區,永安里,2098,1345,281,412,693,43,736
新北市,新店區,永安里,2099,1387,341,424,765,44,809
新北市,新店區,新和里,2100,1960,357,683,1040,42,1082
新北市,新店區,新和里,2101,1837,392,596,988,45,1033
新北市,新店區,永平里,2102,1662,358,559,917,41,958
新北市,新店區,永平里,2103,1617,343,610,953,43,996
新北市,新店區,永平里,2104,1704,359,593,952,28,980
新北市,新店區,公崙里,2105,1835,359,577,936,57,993
新北市,新店區,公崙里,2106,2009,385,655,1040,49,1089
新北市,新店區,公崙里,2107,1450,297,468,765,47,812
新北市,新店區,公崙里,2108,1726,352,573,925,37,962
新北市,新店區,公崙里,2109,1797,368,570,938,36,974
新北市,新店區,公崙里,2110,1739,343,601,944,28,972
新北市,新店區,安昌里,2111,1523,296,538,834,29,863
新北市,新店區,安昌里,2112,1642,326,564,890,24,914
新北市,新店區,安昌里,2113,1644,337,566,903,23,926
新北市,新店區,德安里,2114,1662,362,473,835,34,869
新北市,新店區,德安里,2115,2067,493,654,1147,33,1180
新北市,新店區,德安里,2116,1870,398,474,872,37,909
新北市,新店區,達觀里,2117,1982,322,726,1048,37,1085
新北市,新店區,達觀里,2118,1546,264,611,875,23,898
新北市,新店區,明城里,2119,1712,341,662,1003,34,1037
新北市,新店區,明城里,2120,1423,276,586,862,25,887
新北市,新店區,小城里,2121,1666,336,628,964,48,1012
新北市,新店區,小城里,2122,1769,265,787,1052,47,1099
新北市,新店區,雙城里,2123,1079,239,276,515,32,547
新北市,新店區,雙城里,2124,1140,261,340,601,30,631
新北市,新店區,雙城里,2125,1825,399,573,972,32,1004
新北市,新店區,雙城里,2126,1178,318,367,685,31,716
新北市,新店區,香坡里,2127,1463,274,503,777,26,803
新北市,新店區,香坡里,2128,1152,230,403,633,34,667
新北市,新店區,香坡里,2129,2008,304,614,918,35,953
新北市,新店區,香坡里,2130,2120,301,641,942,33,975
新北市,新店區,香坡里,2131,1153,218,457,675,19,694
新北市,新店區,香坡里,2132,1573,255,551,806,26,832
新北市,新店區,日興里,2133,1992,396,538,934,50,984
新北市,新店區,日興里,2134,1668,330,490,820,26,846
新北市,新店區,日興里,2135,1617,309,454,763,37,800
新北市,新店區,玫瑰里,2136,2013,324,638,962,120,1082
新北市,新店區,玫瑰里,2137,1791,382,651,1033,33,1066
新北市,新店區,玫瑰里,2138,1624,319,580,899,35,934
新北市,新店區,吉祥里,2139,1178,210,483,693,22,715
新北市,新店區,吉祥里,2140,1277,215,518,733,19,752
新北市,新店區,吉祥里,2141,1879,213,833,1046,23,1069
新北市,新店區,塗潭里,2142,939,267,211,478,20,498
新北市,新店區,華城里,2143,960,200,327,527,26,553
新北市,新店區,華城里,2144,1434,307,562,869,18,887
新北市,新店區,青潭里,2145,1838,372,544,916,53,969
新北市,新店區,青潭里,2146,1453,260,524,784,32,816
新北市,新店區,青潭里,2147,1549,326,467,793,43,836
新北市,新店區,美潭里,2148,1860,400,646,1046,43,1089
新北市,新店區,美潭里,2149,1743,355,535,890,31,921
新北市,新店區,美潭里,2150,1122,252,459,711,27,738
新北市,新店區,員潭里,2151,1468,305,481,786,39,825
新北市,新店區,員潭里,2152,1763,335,612,947,33,980
新北市,新店區,員潭里,2153,1344,285,407,692,33,725
新北市,新店區,雙坑里,2154,753,196,185,381,31,412
新北市,新店區,粗坑里,2155,602,174,172,346,8,354
新北市,新店區,粗坑里,2156,2237,487,663,1150,32,1182
新北市,新店區,屈尺里,2157,1096,293,298,591,24,615
新北市,新店區,屈尺里,2158,1143,221,292,513,25,538
新北市,新店區,龜山里,2159,1569,388,396,784,42,826
新北市,新店區,廣興里,2160,1284,369,315,684,39,723
新北市,新店區,直潭里,2161,439,83,72,155,10,165
新北市,新店區,直潭里,2162,750,194,217,411,27,438
新北市,深坑區,萬順里,2163,1142,268,307,575,29,604
新北市,深坑區,萬順里,2164,1139,280,361,641,34,675
新北市,深坑區,萬福里,2165,1065,274,249,523,58,581
新北市,深坑區,萬福里,2166,1400,294,400,694,28,722
新北市,深坑區,土庫里,2167,1330,303,377,680,36,716
新北市,深坑區,土庫里,2168,1380,305,375,680,31,711
新北市,深坑區,深坑里,2169,1496,329,384,713,11,724
新北市,深坑區,深坑里,2170,1508,367,466,833,40,873
新北市,深坑區,埔新里,2171,1624,505,382,887,45,932
新北市,深坑區,埔新里,2172,2165,477,647,1124,45,1169
新北市,深坑區,埔新里,2173,1790,419,595,1014,52,1066
新北市,深坑區,昇高里,2174,782,204,203,407,22,429
新北市,深坑區,昇高里,2175,1164,257,421,678,13,691
新北市,深坑區,賴仲里,2176,1344,303,463,766,38,804
新北市,深坑區,賴仲里,2177,739,219,226,445,16,461
新北市,深坑區,阿柔里,2178,556,161,158,319,19,338
新北市,石碇區,石碇里,2179,391,119,111,230,14,244
新北市,石碇區,潭邊里,2180,789,172,217,389,24,413
新北市,石碇區,烏塗里,2181,662,134,137,271,12,283
新北市,石碇區,彭山里,2182,310,70,82,152,11,163
新北市,石碇區,豐田里,2183,280,71,76,147,5,152
新北市,石碇區,豐田里,2184,93,21,15,36,2,38
新北市,石碇區,隆盛里,2185,683,151,145,296,22,318
新北市,石碇區,豐林里,2186,323,98,103,201,7,208
新北市,石碇區,中民里,2187,726,132,151,283,7,290
新北市,石碇區,永定里,2188,591,148,152,300,19,319
新北市,石碇區,光明里,2189,282,109,67,176,18,194
新北市,石碇區,永安里,2190,788,188,171,359,17,376
新北市,石碇區,格頭里,2191,943,292,220,512,45,557
新北市,坪林區,坪林里,2192,1248,322,330,652,35,687
新北市,坪林區,水德里,2193,612,150,133,283,14,297
新北市,坪林區,大林里,2194,1141,348,267,615,41,656
新北市,坪林區,石??里,2195,417,99,86,185,4,189
新北市,坪林區,粗窟里,2196,595,166,147,313,23,336
新北市,坪林區,粗窟里,2197,248,73,71,144,10,154
新北市,坪林區,上德里,2198,338,91,71,162,8,170
新北市,坪林區,上德里,2199,478,107,88,195,18,213
新北市,坪林區,漁光里,2200,390,79,82,161,8,169
新北市,坪林區,漁光里,2201,424,111,79,190,19,209
新北市,烏來區,忠治里,2202,1568,381,528,909,45,954
新北市,烏來區,烏來里,2203,1198,238,360,598,11,609
新北市,烏來區,烏來里,2204,1169,236,331,567,22,589
新北市,烏來區,孝義里,2205,228,59,63,122,4,126
新北市,烏來區,信賢里,2206,486,125,134,259,20,279
新北市,烏來區,福山里,2207,615,122,159,281,18,299
新北市,平溪區,薯榔里,2208,384,103,84,187,10,197
新北市,平溪區,菁桐里,2209,232,51,50,101,1,102
新北市,平溪區,白石里,2210,249,72,61,133,7,140
新北市,平溪區,石底里,2211,458,140,96,236,21,257
新北市,平溪區,平溪里,2212,232,63,51,114,14,128
新北市,平溪區,嶺腳里,2213,635,121,138,259,12,271
新北市,平溪區,東勢里,2214,427,113,115,228,19,247
新北市,平溪區,十分里,2215,862,187,168,355,27,382
新北市,平溪區,望古里,2216,147,41,29,70,4,74
新北市,平溪區,南山里,2217,365,63,68,131,9,140
新北市,平溪區,新寮里,2218,153,27,36,63,7,70
新北市,平溪區,平湖里,2219,177,44,59,103,7,110
新北市,瑞芳區,龍潭里,2220,725,186,208,394,30,424
新北市,瑞芳區,龍興里,2221,1074,269,307,576,41,617
新北市,瑞芳區,龍興里,2222,825,180,250,430,19,449
新北市,瑞芳區,龍鎮里,2223,1242,294,344,638,37,675
新北市,瑞芳區,龍安里,2224,598,128,182,310,19,329
新北市,瑞芳區,龍川里,2225,872,186,259,445,27,472
新北市,瑞芳區,龍川里,2226,760,176,182,358,21,379
新北市,瑞芳區,龍山里,2227,1330,258,342,600,36,636
新北市,瑞芳區,爪?里,2228,1683,327,413,740,51,791
新北市,瑞芳區,爪?里,2229,980,222,259,481,37,518
新北市,瑞芳區,爪?里,2230,946,212,258,470,38,508
新北市,瑞芳區,新峰里,2231,1375,266,344,610,28,638
新北市,瑞芳區,新峰里,2232,1671,329,466,795,32,827
新北市,瑞芳區,東和里,2233,978,189,234,423,25,448
新北市,瑞芳區,東和里,2234,645,132,157,289,25,314
新北市,瑞芳區,柑坪里,2235,1089,313,228,541,28,569
新北市,瑞芳區,弓橋里,2236,286,83,38,121,10,131
新北市,瑞芳區,猴硐里,2237,461,114,107,221,29,250
新北市,瑞芳區,光復里,2238,274,74,57,131,10,141
新北市,瑞芳區,碩仁里,2239,155,51,40,91,9,100
新北市,瑞芳區,吉慶里,2240,817,204,224,428,25,453
新北市,瑞芳區,吉慶里,2241,884,204,240,444,27,471
新北市,瑞芳區,吉安里,2242,1333,268,324,592,53,645
新北市,瑞芳區,吉安里,2243,607,97,156,253,9,262
新北市,瑞芳區,吉安里,2244,1045,240,288,528,34,562
新北市,瑞芳區,上天里,2245,673,157,187,344,26,370
新北市,瑞芳區,上天里,2246,618,124,124,248,10,258
新北市,瑞芳區,傑魚里,2247,1063,225,240,465,29,494
新北市,瑞芳區,傑魚里,2248,860,193,247,440,35,475
新北市,瑞芳區,基山里,2249,432,76,68,144,4,148
新北市,瑞芳區,永慶里,2250,445,88,89,177,10,187
新北市,瑞芳區,崇文里,2251,318,70,72,142,6,148
新北市,瑞芳區,福住里,2252,159,27,46,73,4,77
新北市,瑞芳區,頌德里,2253,337,59,79,138,11,149
新北市,瑞芳區,瓜山里,2254,180,42,53,95,3,98
新北市,瑞芳區,銅山里,2255,187,33,40,73,9,82
新北市,瑞芳區,新山里,2256,369,91,93,184,9,193
新北市,瑞芳區,石山里,2257,335,74,99,173,16,189
新北市,瑞芳區,?洞里,2258,470,96,106,202,14,216
新北市,瑞芳區,?新里,2259,297,65,53,118,3,121
新北市,瑞芳區,南雅里,2260,267,78,93,171,5,176
新北市,瑞芳區,鼻頭里,2261,876,118,133,251,7,258
新北市,瑞芳區,海濱里,2262,1241,190,270,460,19,479
新北市,瑞芳區,瑞濱里,2263,998,233,249,482,51,533
新北市,瑞芳區,瑞濱里,2264,948,201,250,451,51,502
新北市,瑞芳區,深澳里,2265,1308,202,281,483,27,510
新北市,雙溪區,雙溪里,2266,455,70,131,201,16,217
新北市,雙溪區,新基里,2267,286,60,81,141,7,148
新北市,雙溪區,新基里,2268,496,117,149,266,12,278
新北市,雙溪區,三港里,2269,383,79,81,160,10,170
新北市,雙溪區,牡丹里,2270,887,162,181,343,38,381
新北市,雙溪區,牡丹里,2271,652,101,155,256,23,279
新北市,雙溪區,三貂里,2272,333,90,84,174,4,178
新北市,雙溪區,平林里,2273,642,131,161,292,30,322
新北市,雙溪區,平林里,2274,282,62,68,130,7,137
新北市,雙溪區,上林里,2275,621,125,129,254,17,271
新北市,雙溪區,外柑里,2276,422,105,85,190,4,194
新北市,雙溪區,長源里,2277,369,89,37,126,13,139
新北市,雙溪區,共和里,2278,120,28,32,60,5,65
新北市,雙溪區,共和里,2279,271,72,60,132,7,139
新北市,雙溪區,魚行里,2280,362,101,98,199,13,212
新北市,雙溪區,魚行里,2281,371,92,94,186,10,196
新北市,雙溪區,泰平里,2282,1047,267,316,583,39,622
新北市,貢寮區,貢寮里,2283,876,188,216,404,34,438
新北市,貢寮區,龍崗里,2284,433,120,85,205,18,223
新北市,貢寮區,吉林里,2285,516,128,114,242,10,252
新北市,貢寮區,雙玉里,2286,373,83,53,136,17,153
新北市,貢寮區,雙玉里,2287,313,73,75,148,8,156
新北市,貢寮區,福連里,2288,485,109,130,239,9,248
新北市,貢寮區,福連里,2289,415,112,77,189,24,213
新北市,貢寮區,福隆里,2290,812,196,142,338,19,357
新北市,貢寮區,福隆里,2291,861,208,183,391,29,420
新北市,貢寮區,龍門里,2292,676,188,103,291,21,312
新北市,貢寮區,真理里,2293,1091,226,188,414,23,437
新北市,貢寮區,真理里,2294,955,224,153,377,28,405
新北市,貢寮區,仁里里,2295,769,175,146,321,9,330
新北市,貢寮區,仁里里,2296,962,238,211,449,25,474
新北市,貢寮區,美豐里,2297,390,102,105,207,8,215
新北市,貢寮區,美豐里,2298,349,88,74,162,6,168
新北市,貢寮區,和美里,2299,508,115,84,199,11,210
新北市,貢寮區,和美里,2300,495,98,77,175,9,184
新北市,金山區,和平里,2301,481,105,145,250,12,262
新北市,金山區,大同里,2302,715,174,178,352,31,383
新北市,金山區,豐漁里,2303,481,95,99,194,22,216
新北市,金山區,磺港里,2304,1792,386,303,689,161,850
新北市,金山區,美田里,2305,1781,421,451,872,47,919
新北市,金山區,美田里,2306,2010,459,582,1041,46,1087
新北市,金山區,金美里,2307,1572,331,403,734,40,774
新北市,金山區,金美里,2308,1777,362,495,857,55,912
新北市,金山區,金美里,2309,1631,322,407,729,41,770
新北市,金山區,五湖里,2310,828,197,216,413,22,435
新北市,金山區,五湖里,2311,888,228,221,449,18,467
新北市,金山區,重和里,2312,1211,279,297,576,38,614
新北市,金山區,兩湖里,2313,416,124,106,230,12,242
新北市,金山區,六股里,2314,682,196,168,364,36,400
新北市,金山區,三界里,2315,644,163,146,309,41,350
新北市,金山區,清泉里,2316,830,168,214,382,29,411
新北市,金山區,西湖里,2317,188,43,47,90,12,102
新北市,金山區,萬壽里,2318,469,137,107,244,16,260
新北市,金山區,永興里,2319,582,108,101,209,15,224
新北市,萬里區,萬里里,2320,1286,277,375,652,45,697
新北市,萬里區,萬里里,2321,1576,397,416,813,47,860
新北市,萬里區,萬里里,2322,1447,309,362,671,37,708
新北市,萬里區,北基里,2323,1466,286,340,626,51,677
新北市,萬里區,北基里,2324,1369,251,305,556,39,595
新北市,萬里區,龜吼里,2325,1215,216,228,444,33,477
新北市,萬里區,龜吼里,2326,1317,310,332,642,52,694
新北市,萬里區,野柳里,2327,1676,332,368,700,41,741
新北市,萬里區,野柳里,2328,1550,321,372,693,49,742
新北市,萬里區,大鵬里,2329,945,242,310,552,40,592
新北市,萬里區,大鵬里,2330,1760,400,518,918,47,965
新北市,萬里區,磺潭里,2331,570,116,155,271,20,291
新北市,萬里區,雙興里,2332,952,250,210,460,22,482
新北市,萬里區,溪底里,2333,674,192,170,362,39,401
新北市,萬里區,崁?里,2334,405,94,114,208,15,223
新北市,萬里區,中幅里,2335,1089,221,297,518,33,551
新北市,汐止區,仁德里,2336,1595,342,487,829,43,872
新北市,汐止區,義民里,2337,1262,291,393,684,33,717
新北市,汐止區,禮門里,2338,917,269,244,513,27,540
新北市,汐止區,智慧里,2339,1929,400,629,1029,45,1074
新北市,汐止區,智慧里,2340,2227,464,672,1136,52,1188
新北市,汐止區,大同里,2341,1143,272,336,608,37,645
新北市,汐止區,大同里,2342,1367,313,421,734,27,761
新北市,汐止區,信望里,2343,322,85,81,166,9,175
新北市,汐止區,新昌里,2344,1460,354,442,796,10,806
新北市,汐止區,新昌里,2345,1719,376,471,847,48,895
新北市,汐止區,新昌里,2346,1661,388,460,848,35,883
新北市,汐止區,福安里,2347,1590,367,496,863,40,903
新北市,汐止區,福安里,2348,1599,400,447,847,33,880
新北市,汐止區,福安里,2349,1749,364,571,935,38,973
新北市,汐止區,秀峰里,2350,1809,177,162,339,21,360
新北市,汐止區,秀峰里,2351,1601,376,392,768,20,788
新北市,汐止區,秀峰里,2352,1387,326,383,709,32,741
新北市,汐止區,秀山里,2353,1779,428,525,953,47,1000
新北市,汐止區,秀山里,2354,2074,423,705,1128,33,1161
新北市,汐止區,復興里,2355,2072,445,636,1081,37,1118
新北市,汐止區,復興里,2356,2120,473,725,1198,52,1250
新北市,汐止區,復興里,2357,1952,432,620,1052,33,1085
新北市,汐止區,自強里,2358,1654,377,450,827,55,882
新北市,汐止區,自強里,2359,1444,339,380,719,49,768
新北市,汐止區,自強里,2360,1627,388,550,938,29,967
新北市,汐止區,文化里,2361,1751,416,417,833,56,889
新北市,汐止區,文化里,2362,2066,385,665,1050,35,1085
新北市,汐止區,白雲里,2363,1941,362,496,858,31,889
新北市,汐止區,白雲里,2364,1906,371,521,892,32,924
新北市,汐止區,茄苳里,2365,1363,326,354,680,43,723
新北市,汐止區,茄苳里,2366,1368,316,341,657,38,695
新北市,汐止區,茄苳里,2367,1233,265,353,618,32,650
新北市,汐止區,崇德里,2368,1554,345,462,807,26,833
新北市,汐止區,崇德里,2369,1700,379,476,855,36,891
新北市,汐止區,崇德里,2370,1124,248,370,618,16,634
新北市,汐止區,城中里,2371,1900,448,607,1055,36,1091
新北市,汐止區,城中里,2372,2050,406,642,1048,51,1099
新北市,汐止區,橋東里,2373,1244,303,325,628,42,670
新北市,汐止區,橋東里,2374,1320,276,370,646,24,670
新北市,汐止區,建成里,2375,1473,316,492,808,31,839
新北市,汐止區,建成里,2376,1802,313,639,952,41,993
新北市,汐止區,建成里,2377,1266,247,465,712,29,741
新北市,汐止區,長安里,2378,1481,354,369,723,29,752
新北市,汐止區,保安里,2379,1497,348,385,733,49,782
新北市,汐止區,東山里,2380,556,159,160,319,9,328
新北市,汐止區,保長里,2381,1913,389,534,923,37,960
新北市,汐止區,保長里,2382,2027,409,581,990,36,1026
新北市,汐止區,保新里,2383,1927,334,575,909,39,948
新北市,汐止區,保新里,2384,696,171,188,359,32,391
新北市,汐止區,鄉長里,2385,2127,444,569,1013,51,1064
新北市,汐止區,江北里,2386,1642,320,417,737,46,783
新北市,汐止區,江北里,2387,1912,505,456,961,47,1008
新北市,汐止區,江北里,2388,1893,382,467,849,32,881
新北市,汐止區,拱北里,2389,1466,310,376,686,35,721
新北市,汐止區,拱北里,2390,1538,334,407,741,55,796
新北市,汐止區,拱北里,2391,1550,323,443,766,27,793
新北市,汐止區,烘內里,2392,1456,330,395,725,35,760
新北市,汐止區,八連里,2393,947,292,261,553,22,575
新北市,汐止區,長青里,2394,923,227,294,521,17,538
新北市,汐止區,北峰里,2395,2043,458,520,978,55,1033
新北市,汐止區,北峰里,2396,2012,456,456,912,52,964
新北市,汐止區,金龍里,2397,1471,289,386,675,27,702
新北市,汐止區,金龍里,2398,1603,352,437,789,34,823
新北市,汐止區,金龍里,2399,1530,352,436,788,40,828
新北市,汐止區,樟樹里,2400,1988,392,450,842,35,877
新北市,汐止區,忠孝里,2401,2198,440,617,1057,41,1098
新北市,汐止區,忠孝里,2402,1712,343,496,839,33,872
新北市,汐止區,忠孝里,2403,1806,383,575,958,52,1010
新北市,汐止區,忠孝里,2404,1576,362,439,801,50,851
新北市,汐止區,厚德里,2405,1511,352,434,786,25,811
新北市,汐止區,厚德里,2406,1691,300,496,796,35,831
新北市,汐止區,厚德里,2407,1636,312,517,829,42,871
新北市,汐止區,厚德里,2408,1676,341,495,836,40,876
新北市,汐止區,山光里,2409,1264,253,386,639,22,661
新北市,汐止區,山光里,2410,1165,237,359,596,26,622
新北市,汐止區,中興里,2411,1765,385,475,860,39,899
新北市,汐止區,中興里,2412,1815,317,481,798,25,823
新北市,汐止區,中興里,2413,1778,384,455,839,54,893
新北市,汐止區,中興里,2414,1580,368,454,822,55,877
新北市,汐止區,福德里,2415,1516,373,411,784,30,814
新北市,汐止區,福德里,2416,1425,281,408,689,28,717
新北市,汐止區,興福里,2417,1388,302,435,737,31,768
新北市,汐止區,興福里,2418,1436,348,397,745,40,785
新北市,汐止區,康福里,2419,1591,332,477,809,31,840
新北市,汐止區,康福里,2420,1639,351,439,790,25,815
新北市,汐止區,康福里,2421,1394,289,399,688,19,707
新北市,汐止區,湖光里,2422,2035,416,560,976,27,1003
新北市,汐止區,湖光里,2423,1895,410,548,958,42,1000
新北市,汐止區,湖光里,2424,1374,243,530,773,11,784
新北市,汐止區,湖蓮里,2425,1061,212,391,603,31,634
新北市,汐止區,湖蓮里,2426,1312,279,549,828,13,841
新北市,汐止區,湖興里,2427,1548,309,529,838,27,865
新北市,汐止區,湖興里,2428,1350,298,468,766,12,778
新北市,汐止區,湖興里,2429,1499,338,458,796,24,820
新北市,汐止區,湖興里,2430,1366,286,472,758,32,790
新北市,汐止區,北山里,2431,1335,313,419,732,34,766
新北市,汐止區,北山里,2432,1324,315,461,776,32,808
新北市,汐止區,北山里,2433,1286,292,430,722,59,781
新北市,汐止區,北山里,2434,1155,289,330,619,21,640
新北市,汐止區,忠山里,2435,1682,368,622,990,34,1024
新北市,汐止區,忠山里,2436,1494,323,583,906,24,930
新北市,汐止區,環河里,2437,1166,358,307,665,42,707
新北市,汐止區,橫科里,2438,2184,510,645,1155,79,1234
新北市,汐止區,橫科里,2439,2031,457,660,1117,49,1166
新北市,汐止區,福山里,2440,1759,402,530,932,51,983
新北市,汐止區,福山里,2441,1577,352,516,868,39,907
新北市,汐止區,宜興里,2442,1364,283,439,722,23,745
新北市,汐止區,宜興里,2443,1401,334,460,794,38,832
新北市,汐止區,東勢里,2444,1173,293,349,642,53,695
新北市,汐止區,東勢里,2445,993,219,315,534,13,547
新北市,汐止區,東勢里,2446,1587,297,533,830,23,853
臺中市,大甲區,朝陽里,1,1356,369,400,769,46,815
臺中市,大甲區,大甲里,2,1059,323,311,634,31,665
臺中市,大甲區,順天里,3,694,206,229,435,17,452
臺中市,大甲區,順天里,4,874,248,265,513,21,534
臺中市,大甲區,孔門里,5,763,173,239,412,16,428
臺中市,大甲區,平安里,6,856,239,287,526,27,553
臺中市,大甲區,平安里,7,1249,313,411,724,31,755
臺中市,大甲區,庄美里,8,922,250,262,512,20,532
臺中市,大甲區,庄美里,9,1189,309,383,692,28,720
臺中市,大甲區,新美里,10,1065,279,358,637,47,684
臺中市,大甲區,新美里,11,1252,269,468,737,65,802
臺中市,大甲區,新美里,12,1057,251,347,598,31,629
臺中市,大甲區,岷山里,13,1031,258,320,578,26,604
臺中市,大甲區,岷山里,14,1060,239,392,631,40,671
臺中市,大甲區,中山里,15,1311,286,445,731,37,768
臺中市,大甲區,中山里,16,1424,311,477,788,38,826
臺中市,大甲區,中山里,17,1670,398,530,928,48,976
臺中市,大甲區,南陽里,18,812,213,249,462,31,493
臺中市,大甲區,薰風里,19,863,227,294,521,24,545
臺中市,大甲區,義和里,20,1598,384,524,908,41,949
臺中市,大甲區,義和里,21,1588,338,539,877,38,915
臺中市,大甲區,武陵里,22,1197,280,380,660,42,702
臺中市,大甲區,文曲里,23,1106,285,282,567,65,632
臺中市,大甲區,武曲里,24,903,257,279,536,35,571
臺中市,大甲區,武曲里,25,869,142,276,418,36,454
臺中市,大甲區,文武里,26,1350,344,432,776,31,807
臺中市,大甲區,文武里,27,1144,297,364,661,52,713
臺中市,大甲區,文武里,28,1208,288,416,704,39,743
臺中市,大甲區,文武里,29,1567,382,534,916,36,952
臺中市,大甲區,奉化里,30,1246,323,437,760,25,785
臺中市,大甲區,奉化里,31,767,190,244,434,38,472
臺中市,大甲區,德化里,32,790,238,231,469,15,484
臺中市,大甲區,德化里,33,972,248,325,573,32,605
臺中市,大甲區,江南里,34,1388,296,420,716,50,766
臺中市,大甲區,頂店里,35,1331,280,407,687,31,718
臺中市,大甲區,頂店里,36,1167,269,434,703,31,734
臺中市,大甲區,頂店里,37,1934,442,649,1091,43,1134
臺中市,大甲區,太白里,38,1263,297,322,619,47,666
臺中市,大甲區,孟春里,39,1390,322,454,776,24,800
臺中市,大甲區,孟春里,40,1186,294,285,579,24,603
臺中市,大甲區,孟春里,41,1397,362,402,764,36,800
臺中市,大甲區,幸福里,42,1173,275,259,534,18,552
臺中市,大甲區,幸福里,43,1398,342,382,724,46,770
臺中市,大甲區,日南里,44,1228,313,299,612,31,643
臺中市,大甲區,日南里,45,1258,289,361,650,32,682
臺中市,大甲區,日南里,46,1435,340,417,757,32,789
臺中市,大甲區,日南里,47,1532,337,459,796,48,844
臺中市,大甲區,龍泉里,48,652,146,219,365,17,382
臺中市,大甲區,龍泉里,49,870,208,209,417,33,450
臺中市,大甲區,西岐里,50,891,201,248,449,31,480
臺中市,大甲區,西岐里,51,784,200,250,450,32,482
臺中市,大甲區,銅安里,52,1368,287,401,688,56,744
臺中市,大甲區,福德里,53,1126,244,321,565,40,605
臺中市,大甲區,建興里,54,1486,356,341,697,47,744
臺中市,大安區,南埔里,55,1068,245,292,537,41,578
臺中市,大安區,南庄里,56,1050,273,298,571,43,614
臺中市,大安區,中庄里,57,1246,314,386,700,57,757
臺中市,大安區,中庄里,58,1397,313,437,750,40,790
臺中市,大安區,東安里,59,1227,342,391,733,34,767
臺中市,大安區,福興里,60,1170,313,343,656,40,696
臺中市,大安區,龜?里,61,914,255,313,568,28,596
臺中市,大安區,龜?里,62,667,156,169,325,22,347
臺中市,大安區,頂安里,63,890,191,251,442,44,486
臺中市,大安區,永安里,64,1289,321,372,693,46,739
臺中市,大安區,永安里,65,455,97,128,225,21,246
臺中市,大安區,福住里,66,1028,255,300,555,38,593
臺中市,大安區,海墘里,67,1446,325,483,808,68,876
臺中市,大安區,西安里,68,688,180,245,425,22,447
臺中市,大安區,西安里,69,1062,266,340,606,44,650
臺中市,大安區,松雅里,70,923,276,303,579,22,601
臺中市,外埔區,永豐里,71,1059,228,336,564,38,602
臺中市,外埔區,六分里,72,1013,212,370,582,23,605
臺中市,外埔區,六分里,73,1150,278,395,673,49,722
臺中市,外埔區,大同里,74,1855,412,722,1134,51,1185
臺中市,外埔區,大同里,75,1327,277,484,761,34,795
臺中市,外埔區,大同里,76,1453,312,527,839,44,883
臺中市,外埔區,大東里,77,1653,353,508,861,61,922
臺中市,外埔區,大東里,78,1615,323,528,851,30,881
臺中市,外埔區,大東里,79,1470,326,459,785,21,806
臺中市,外埔區,大東里,80,1559,404,503,907,43,950
臺中市,外埔區,三崁里,81,1902,410,592,1002,72,1074
臺中市,外埔區,水美里,82,1138,296,389,685,46,731
臺中市,外埔區,水美里,83,1065,256,377,633,51,684
臺中市,外埔區,水美里,84,1243,315,432,747,37,784
臺中市,外埔區,鐵山里,85,962,198,292,490,41,531
臺中市,外埔區,鐵山里,86,1169,334,274,608,50,658
臺中市,外埔區,中山里,87,1216,314,430,744,55,799
臺中市,外埔區,馬鳴里,88,1391,330,424,754,30,784
臺中市,外埔區,土城里,89,1616,397,470,867,53,920
臺中市,外埔區,?子里,90,1203,281,287,568,28,596
臺中市,清水區,鰲峰里,91,1076,267,302,569,26,595
臺中市,清水區,靈泉里,92,953,288,313,601,24,625
臺中市,清水區,清水里,93,914,262,273,535,36,571
臺中市,清水區,清水里,94,1143,316,390,706,33,739
臺中市,清水區,文昌里,95,680,192,209,401,25,426
臺中市,清水區,南寧里,96,904,250,285,535,31,566
臺中市,清水區,南寧里,97,893,268,283,551,35,586
臺中市,清水區,西寧里,98,1577,411,476,887,31,918
臺中市,清水區,北寧里,99,690,216,188,404,15,419
臺中市,清水區,中興里,100,403,107,128,235,13,248
臺中市,清水區,西社里,101,1413,478,336,814,38,852
臺中市,清水區,西社里,102,777,187,242,429,36,465
臺中市,清水區,南社里,103,1313,328,454,782,23,805
臺中市,清水區,南社里,104,1439,300,483,783,114,897
臺中市,清水區,南社里,105,1265,341,341,682,17,699
臺中市,清水區,南社里,106,1277,326,462,788,26,814
臺中市,清水區,南社里,107,1276,287,455,742,42,784
臺中市,清水區,南社里,108,1376,353,501,854,18,872
臺中市,清水區,南社里,109,1291,344,462,806,24,830
臺中市,清水區,裕嘉里,110,1510,417,454,871,50,921
臺中市,清水區,臨江里,111,1524,369,496,865,48,913
臺中市,清水區,秀水里,112,1474,335,435,770,35,805
臺中市,清水區,秀水里,113,1507,353,462,815,50,865
臺中市,清水區,秀水里,114,1321,362,456,818,44,862
臺中市,清水區,武鹿里,115,1157,327,265,592,27,619
臺中市,清水區,武鹿里,116,1255,327,409,736,29,765
臺中市,清水區,武鹿里,117,881,236,251,487,26,513
臺中市,清水區,海濱里,118,1083,282,345,627,44,671
臺中市,清水區,海濱里,119,951,257,324,581,18,599
臺中市,清水區,?榔里,120,1424,348,395,743,45,788
臺中市,清水區,?榔里,121,1233,327,314,641,35,676
臺中市,清水區,?榔里,122,1288,297,309,606,29,635
臺中市,清水區,?榔里,123,1200,314,371,685,44,729
臺中市,清水區,中社里,124,1609,236,706,942,24,966
臺中市,清水區,中社里,125,1136,305,412,717,15,732
臺中市,清水區,高西里,126,1302,272,422,694,50,744
臺中市,清水區,高南里,127,1373,326,400,726,59,785
臺中市,清水區,高東里,128,1257,273,324,597,59,656
臺中市,清水區,高北里,129,1184,281,309,590,37,627
臺中市,清水區,高美里,130,1322,302,408,710,48,758
臺中市,清水區,國姓里,131,1193,208,381,589,48,637
臺中市,清水區,國姓里,132,927,263,259,522,33,555
臺中市,清水區,菁埔里,133,1073,292,332,624,39,663
臺中市,清水區,菁埔里,134,1163,344,338,682,46,728
臺中市,清水區,頂湳里,135,855,201,247,448,29,477
臺中市,清水區,頂湳里,136,902,215,245,460,47,507
臺中市,清水區,田寮里,137,1415,399,379,778,42,820
臺中市,清水區,田寮里,138,1066,288,268,556,42,598
臺中市,清水區,橋頭里,139,1391,336,401,737,45,782
臺中市,清水區,橋頭里,140,1449,346,387,733,32,765
臺中市,清水區,橋頭里,141,1377,359,440,799,36,835
臺中市,清水區,橋頭里,142,1423,329,482,811,36,847
臺中市,清水區,橋頭里,143,1624,378,536,914,31,945
臺中市,清水區,下湳里,144,1358,304,391,695,65,760
臺中市,清水區,下湳里,145,1464,366,454,820,39,859
臺中市,清水區,東山里,146,1211,262,412,674,59,733
臺中市,清水區,吳厝里,147,1456,319,462,781,30,811
臺中市,清水區,楊厝里,148,1162,275,398,673,56,729
臺中市,清水區,海風里,149,1368,344,499,843,38,881
臺中市,梧棲區,頂寮里,150,1541,390,442,832,43,875
臺中市,梧棲區,頂寮里,151,1581,352,487,839,49,888
臺中市,梧棲區,下寮里,152,1083,303,314,617,30,647
臺中市,梧棲區,下寮里,153,876,242,272,514,18,532
臺中市,梧棲區,中正里,154,1043,273,319,592,34,626
臺中市,梧棲區,中正里,155,1502,339,425,764,27,791
臺中市,梧棲區,中正里,156,1384,328,441,769,39,808
臺中市,梧棲區,中和里,157,517,141,183,324,28,352
臺中市,梧棲區,文化里,158,1169,342,387,729,29,758
臺中市,梧棲區,安仁里,159,863,245,252,497,29,526
臺中市,梧棲區,草湳里,160,1277,238,359,597,46,643
臺中市,梧棲區,草湳里,161,1742,406,504,910,40,950
臺中市,梧棲區,草湳里,162,1342,358,398,756,43,799
臺中市,梧棲區,草湳里,163,1767,446,508,954,72,1026
臺中市,梧棲區,南簡里,164,1542,367,387,754,38,792
臺中市,梧棲區,南簡里,165,1636,491,376,867,30,897
臺中市,梧棲區,南簡里,166,1796,423,508,931,32,963
臺中市,梧棲區,福德里,167,1450,317,445,762,38,800
臺中市,梧棲區,福德里,168,1548,372,424,796,64,860
臺中市,梧棲區,福德里,169,1366,329,438,767,41,808
臺中市,梧棲區,大庄里,170,955,290,321,611,21,632
臺中市,梧棲區,大庄里,171,1305,296,388,684,33,717
臺中市,梧棲區,大庄里,172,1239,314,401,715,26,741
臺中市,梧棲區,大庄里,173,1079,252,376,628,41,669
臺中市,梧棲區,大庄里,174,1220,268,403,671,31,702
臺中市,梧棲區,大庄里,175,1544,416,482,898,36,934
臺中市,梧棲區,大村里,176,1460,401,460,861,26,887
臺中市,梧棲區,大村里,177,1292,322,441,763,35,798
臺中市,梧棲區,大村里,178,1300,313,392,705,37,742
臺中市,梧棲區,大村里,179,1555,357,448,805,39,844
臺中市,梧棲區,興農里,180,1031,230,324,554,28,582
臺中市,梧棲區,興農里,181,1277,363,382,745,28,773
臺中市,梧棲區,永寧里,182,1037,265,289,554,32,586
臺中市,梧棲區,永寧里,183,1187,300,369,669,43,712
臺中市,梧棲區,永安里,184,1399,323,393,716,46,762
臺中市,梧棲區,永安里,185,1135,258,356,614,34,648
臺中市,沙鹿區,居仁里,186,1380,345,374,719,39,758
臺中市,沙鹿區,洛泉里,187,852,238,258,496,26,522
臺中市,沙鹿區,洛泉里,188,1176,291,414,705,32,737
臺中市,沙鹿區,沙鹿里,189,958,307,299,606,42,648
臺中市,沙鹿區,美仁里,190,488,134,183,317,20,337
臺中市,沙鹿區,興仁里,191,1177,293,371,664,29,693
臺中市,沙鹿區,興仁里,192,1285,303,401,704,45,749
臺中市,沙鹿區,興安里,193,1736,393,488,881,64,945
臺中市,沙鹿區,興安里,194,1628,428,523,951,54,1005
臺中市,沙鹿區,斗抵里,195,1469,345,427,772,26,798
臺中市,沙鹿區,斗抵里,196,1423,356,491,847,30,877
臺中市,沙鹿區,斗抵里,197,1444,351,478,829,35,864
臺中市,沙鹿區,鹿峰里,198,1469,366,454,820,49,869
臺中市,沙鹿區,鹿峰里,199,1902,459,586,1045,61,1106
臺中市,沙鹿區,鹿峰里,200,1675,463,494,957,35,992
臺中市,沙鹿區,鹿寮里,201,1098,298,314,612,25,637
臺中市,沙鹿區,鹿寮里,202,1539,395,510,905,39,944
臺中市,沙鹿區,鹿寮里,203,1329,377,423,800,33,833
臺中市,沙鹿區,鹿寮里,204,1255,368,316,684,33,717
臺中市,沙鹿區,鹿寮里,205,1507,407,468,875,35,910
臺中市,沙鹿區,竹林里,206,1463,345,475,820,52,872
臺中市,沙鹿區,竹林里,207,1279,294,365,659,55,714
臺中市,沙鹿區,竹林里,208,1024,229,308,537,20,557
臺中市,沙鹿區,竹林里,209,1388,297,405,702,59,761
臺中市,沙鹿區,竹林里,210,1074,358,267,625,34,659
臺中市,沙鹿區,竹林里,211,1072,267,357,624,30,654
臺中市,沙鹿區,犁分里,212,1107,290,349,639,50,689
臺中市,沙鹿區,福興里,213,1947,382,572,954,34,988
臺中市,沙鹿區,福興里,214,1682,348,489,837,47,884
臺中市,沙鹿區,北勢里,215,1633,366,559,925,36,961
臺中市,沙鹿區,北勢里,216,1533,303,483,786,45,831
臺中市,沙鹿區,北勢里,217,1605,365,393,758,28,786
臺中市,沙鹿區,晉江里,218,1694,381,514,895,39,934
臺中市,沙鹿區,六路里,219,1628,362,474,836,41,877
臺中市,沙鹿區,六路里,220,1665,398,548,946,23,969
臺中市,沙鹿區,六路里,221,1651,352,521,873,43,916
臺中市,沙鹿區,南勢里,222,1108,304,356,660,30,690
臺中市,沙鹿區,南勢里,223,1142,288,376,664,36,700
臺中市,沙鹿區,南勢里,224,1039,224,360,584,17,601
臺中市,沙鹿區,埔子里,225,1840,375,589,964,52,1016
臺中市,沙鹿區,埔子里,226,1872,376,628,1004,37,1041
臺中市,沙鹿區,埔子里,227,1558,350,432,782,57,839
臺中市,沙鹿區,三鹿里,228,1739,365,510,875,35,910
臺中市,沙鹿區,三鹿里,229,1672,314,487,801,54,855
臺中市,沙鹿區,三鹿里,230,1634,343,528,871,38,909
臺中市,沙鹿區,三鹿里,231,1616,348,456,804,27,831
臺中市,沙鹿區,公明里,232,1593,357,513,870,42,912
臺中市,沙鹿區,公明里,233,981,162,355,517,25,542
臺中市,沙鹿區,公明里,234,1740,416,584,1000,45,1045
臺中市,沙鹿區,清泉里,235,1247,318,405,723,45,768
臺中市,沙鹿區,清泉里,236,1047,198,403,601,15,616
臺中市,沙鹿區,西勢里,237,1119,282,347,629,40,669
臺中市,沙鹿區,西勢里,238,1025,224,338,562,17,579
臺中市,龍井區,竹坑里,239,1758,435,570,1005,63,1068
臺中市,龍井區,竹坑里,240,1275,276,417,693,36,729
臺中市,龍井區,龍東里,241,1379,324,366,690,19,709
臺中市,龍井區,龍東里,242,1403,309,409,718,32,750
臺中市,龍井區,龍西里,243,974,242,292,534,36,570
臺中市,龍井區,龍西里,244,901,200,305,505,35,540
臺中市,龍井區,田中里,245,1779,395,530,925,62,987
臺中市,龍井區,田中里,246,1609,418,501,919,45,964
臺中市,龍井區,福田里,247,1038,217,260,477,25,502
臺中市,龍井區,麗水里,248,1328,328,453,781,52,833
臺中市,龍井區,麗水里,249,921,238,319,557,24,581
臺中市,龍井區,龍津里,250,1609,346,473,819,35,854
臺中市,龍井區,龍津里,251,1227,283,315,598,20,618
臺中市,龍井區,龍津里,252,1278,304,386,690,43,733
臺中市,龍井區,龍津里,253,914,249,189,438,19,457
臺中市,龍井區,三德里,254,1678,346,464,810,26,836
臺中市,龍井區,三德里,255,1233,270,341,611,36,647
臺中市,龍井區,忠和里,256,1520,350,458,808,55,863
臺中市,龍井區,忠和里,257,1905,394,550,944,35,979
臺中市,龍井區,忠和里,258,1520,518,352,870,49,919
臺中市,龍井區,山腳里,259,1385,298,411,709,47,756
臺中市,龍井區,山腳里,260,1212,313,345,658,30,688
臺中市,龍井區,山腳里,261,1432,362,456,818,15,833
臺中市,龍井區,山腳里,262,1663,404,463,867,33,900
臺中市,龍井區,龍泉里,263,1422,288,452,740,33,773
臺中市,龍井區,龍泉里,264,1616,363,419,782,40,822
臺中市,龍井區,龍泉里,265,1422,314,482,796,51,847
臺中市,龍井區,龍泉里,266,1165,216,478,694,18,712
臺中市,龍井區,龍泉里,267,1624,373,504,877,23,900
臺中市,龍井區,龍崗里,268,1613,374,476,850,53,903
臺中市,龍井區,龍崗里,269,943,234,324,558,41,599
臺中市,龍井區,新庄里,270,1595,338,461,799,69,868
臺中市,龍井區,新庄里,271,1508,319,513,832,57,889
臺中市,龍井區,新庄里,272,1479,344,435,779,34,813
臺中市,龍井區,新庄里,273,1509,380,462,842,38,880
臺中市,龍井區,南寮里,274,1582,402,517,919,48,967
臺中市,龍井區,東海里,275,1725,353,577,930,49,979
臺中市,龍井區,東海里,276,1616,313,603,916,26,942
臺中市,龍井區,東海里,277,1657,409,555,964,29,993
臺中市,龍井區,東海里,278,1774,389,609,998,48,1046
臺中市,龍井區,東海里,279,1701,420,580,1000,47,1047
臺中市,龍井區,新東里,280,1121,297,345,642,26,668
臺中市,龍井區,新東里,281,987,289,301,590,30,620
臺中市,龍井區,新東里,282,1206,307,347,654,37,691
臺中市,龍井區,新東里,283,1378,313,511,824,25,849
臺中市,大肚區,王田里,284,1415,393,409,802,22,824
臺中市,大肚區,王田里,285,1392,299,405,704,46,750
臺中市,大肚區,王田里,286,1520,368,512,880,42,922
臺中市,大肚區,中和里,287,862,263,281,544,42,586
臺中市,大肚區,福山里,288,1256,298,445,743,41,784
臺中市,大肚區,福山里,289,1292,267,438,705,46,751
臺中市,大肚區,福山里,290,1010,268,312,580,39,619
臺中市,大肚區,營埔里,291,1485,356,500,856,63,919
臺中市,大肚區,社腳里,292,1190,289,439,728,44,772
臺中市,大肚區,社腳里,293,1250,307,392,699,47,746
臺中市,大肚區,新興里,294,1310,291,458,749,31,780
臺中市,大肚區,新興里,295,1294,333,362,695,43,738
臺中市,大肚區,大東里,296,1734,436,606,1042,51,1093
臺中市,大肚區,大東里,297,1316,306,421,727,51,778
臺中市,大肚區,大肚里,298,854,221,253,474,40,514
臺中市,大肚區,大肚里,299,1273,347,448,795,36,831
臺中市,大肚區,永和里,300,851,233,303,536,14,550
臺中市,大肚區,磺溪里,301,1629,376,526,902,27,929
臺中市,大肚區,永順里,302,1709,411,494,905,62,967
臺中市,大肚區,成功里,303,953,222,282,504,24,528
臺中市,大肚區,山陽里,304,1336,334,436,770,45,815
臺中市,大肚區,頂街里,305,2113,493,592,1085,65,1150
臺中市,大肚區,頂街里,306,1730,399,558,957,64,1021
臺中市,大肚區,頂街里,307,1692,374,553,927,34,961
臺中市,大肚區,頂街里,308,1747,374,589,963,49,1012
臺中市,大肚區,瑞井里,309,1672,425,500,925,39,964
臺中市,大肚區,瑞井里,310,1675,419,479,898,33,931
臺中市,大肚區,瑞井里,311,1673,384,525,909,48,957
臺中市,大肚區,蔗?里,312,1636,470,477,947,35,982
臺中市,大肚區,蔗?里,313,1753,421,474,895,61,956
臺中市,大肚區,蔗?里,314,1343,313,369,682,28,710
臺中市,大肚區,自強里,315,1822,427,533,960,50,1010
臺中市,大肚區,自強里,316,1670,366,627,993,40,1033
臺中市,烏日區,烏日里,317,1480,439,459,898,46,944
臺中市,烏日區,烏日里,318,1841,482,598,1080,49,1129
臺中市,烏日區,烏日里,319,1751,422,534,956,50,1006
臺中市,烏日區,烏日里,320,1547,437,483,920,40,960
臺中市,烏日區,烏日里,321,1836,428,608,1036,40,1076
臺中市,烏日區,湖日里,322,1239,418,354,772,62,834
臺中市,烏日區,湖日里,323,1295,323,372,695,55,750
臺中市,烏日區,三和里,324,1263,353,359,712,21,733
臺中市,烏日區,三和里,325,1622,395,484,879,31,910
臺中市,烏日區,三和里,326,1822,367,595,962,76,1038
臺中市,烏日區,榮泉里,327,1966,412,559,971,120,1091
臺中市,烏日區,榮泉里,328,1615,376,539,915,38,953
臺中市,烏日區,榮泉里,329,1232,294,400,694,36,730
臺中市,烏日區,學田里,330,1347,293,425,718,35,753
臺中市,烏日區,學田里,331,1165,276,329,605,22,627
臺中市,烏日區,九德里,332,1664,422,556,978,33,1011
臺中市,烏日區,九德里,333,1230,321,426,747,37,784
臺中市,烏日區,九德里,334,1574,422,517,939,61,1000
臺中市,烏日區,九德里,335,1452,376,510,886,34,920
臺中市,烏日區,九德里,336,1879,423,543,966,49,1015
臺中市,烏日區,九德里,337,1601,398,496,894,35,929
臺中市,烏日區,九德里,338,1546,380,531,911,51,962
臺中市,烏日區,九德里,339,1866,411,522,933,32,965
臺中市,烏日區,仁德里,340,1938,389,717,1106,50,1156
臺中市,烏日區,仁德里,341,1759,402,590,992,50,1042
臺中市,烏日區,仁德里,342,2061,433,669,1102,58,1160
臺中市,烏日區,仁德里,343,1691,374,596,970,35,1005
臺中市,烏日區,前竹里,344,1039,335,299,634,45,679
臺中市,烏日區,前竹里,345,1221,368,360,728,30,758
臺中市,烏日區,五光里,346,1650,422,519,941,66,1007
臺中市,烏日區,光明里,347,937,268,271,539,29,568
臺中市,烏日區,光明里,348,1220,320,365,685,49,734
臺中市,烏日區,東園里,349,2139,498,563,1061,84,1145
臺中市,烏日區,溪埧里,350,1371,381,460,841,52,893
臺中市,烏日區,溪埧里,351,1277,304,409,713,49,762
臺中市,烏日區,溪埧里,352,1708,422,493,915,42,957
臺中市,烏日區,螺潭里,353,2048,590,610,1200,57,1257
臺中市,烏日區,北里里,354,1632,406,443,849,63,912
臺中市,烏日區,南里里,355,1327,354,418,772,38,810
臺中市,烏日區,溪尾里,356,854,179,273,452,51,503
臺中市,后里區,廣福里,357,852,195,314,509,37,546
臺中市,后里區,廣福里,358,1135,230,370,600,50,650
臺中市,后里區,仁里里,359,1079,289,298,587,24,611
臺中市,后里區,義里里,360,1539,309,561,870,47,917
臺中市,后里區,義里里,361,1591,315,562,877,52,929
臺中市,后里區,義德里,362,1376,332,359,691,30,721
臺中市,后里區,義德里,363,1298,291,447,738,20,758
臺中市,后里區,后里里,364,1428,366,430,796,54,850
臺中市,后里區,后里里,365,1178,409,337,746,43,789
臺中市,后里區,后里里,366,1095,235,385,620,40,660
臺中市,后里區,厚里里,367,963,232,304,536,23,559
臺中市,后里區,厚里里,368,1163,261,373,634,40,674
臺中市,后里區,墩東里,369,1018,238,344,582,39,621
臺中市,后里區,墩東里,370,854,221,303,524,31,555
臺中市,后里區,墩東里,371,1485,320,456,776,39,815
臺中市,后里區,墩東里,372,1355,362,459,821,38,859
臺中市,后里區,墩西里,373,840,200,235,435,34,469
臺中市,后里區,墩西里,374,1146,317,341,658,33,691
臺中市,后里區,墩南里,375,1669,424,550,974,59,1033
臺中市,后里區,墩南里,376,1673,425,552,977,60,1037
臺中市,后里區,墩北里,377,1493,354,477,831,41,872
臺中市,后里區,墩北里,378,1052,279,331,610,48,658
臺中市,后里區,墩北里,379,909,229,260,489,15,504
臺中市,后里區,中和里,380,1091,327,302,629,44,673
臺中市,后里區,中和里,381,1342,355,459,814,20,834
臺中市,后里區,舊社里,382,1138,305,311,616,33,649
臺中市,后里區,舊社里,383,977,231,330,561,34,595
臺中市,后里區,聯合里,384,1584,328,428,756,42,798
臺中市,后里區,太平里,385,915,196,318,514,32,546
臺中市,后里區,太平里,386,1225,292,390,682,60,742
臺中市,后里區,眉山里,387,1552,356,496,852,38,890
臺中市,后里區,眉山里,388,1600,328,544,872,30,902
臺中市,后里區,月眉里,389,942,234,296,530,20,550
臺中市,后里區,月眉里,390,943,250,270,520,26,546
臺中市,后里區,公館里,391,1055,233,297,530,31,561
臺中市,后里區,公館里,392,1067,267,315,582,49,631
臺中市,后里區,泰安里,393,1340,328,361,689,29,718
臺中市,豐原區,豐原里,394,983,256,288,544,25,569
臺中市,豐原區,豐原里,395,1309,295,470,765,41,806
臺中市,豐原區,豐榮里,396,1116,346,319,665,37,702
臺中市,豐原區,頂街里,397,945,268,302,570,37,607
臺中市,豐原區,中山里,398,850,260,260,520,38,558
臺中市,豐原區,下街里,399,760,241,231,472,28,500
臺中市,豐原區,中陽里,400,1617,451,479,930,17,947
臺中市,豐原區,中陽里,401,1677,369,499,868,35,903
臺中市,豐原區,中陽里,402,1771,480,624,1104,34,1138
臺中市,豐原區,大湳里,403,1145,306,327,633,39,672
臺中市,豐原區,大湳里,404,1362,321,446,767,28,795
臺中市,豐原區,北湳里,405,1389,345,472,817,38,855
臺中市,豐原區,北湳里,406,1530,366,525,891,58,949
臺中市,豐原區,東湳里,407,1471,413,417,830,55,885
臺中市,豐原區,東湳里,408,1410,388,415,803,69,872
臺中市,豐原區,東湳里,409,1162,294,351,645,39,684
臺中市,豐原區,西湳里,410,1656,453,495,948,29,977
臺中市,豐原區,西湳里,411,1838,445,561,1006,41,1047
臺中市,豐原區,西湳里,412,1666,468,454,922,52,974
臺中市,豐原區,西湳里,413,1821,473,572,1045,51,1096
臺中市,豐原區,西湳里,414,1821,474,684,1158,58,1216
臺中市,豐原區,豐西里,415,1647,478,448,926,33,959
臺中市,豐原區,圳寮里,416,1256,397,387,784,60,844
臺中市,豐原區,豐圳里,417,1552,418,570,988,39,1027
臺中市,豐原區,豐圳里,418,1793,435,592,1027,36,1063
臺中市,豐原區,富春里,419,759,233,276,509,32,541
臺中市,豐原區,葫蘆里,420,642,202,201,403,26,429
臺中市,豐原區,西安里,421,1528,422,501,923,31,954
臺中市,豐原區,西安里,422,1788,499,604,1103,42,1145
臺中市,豐原區,西安里,423,1663,474,565,1039,59,1098
臺中市,豐原區,西勢里,424,1260,373,472,845,39,884
臺中市,豐原區,西勢里,425,902,248,272,520,27,547
臺中市,豐原區,中興里,426,1357,247,402,649,20,669
臺中市,豐原區,中興里,427,1592,352,595,947,41,988
臺中市,豐原區,社皮里,428,1873,470,597,1067,44,1111
臺中市,豐原區,社皮里,429,1867,454,611,1065,45,1110
臺中市,豐原區,社皮里,430,1823,468,527,995,60,1055
臺中市,豐原區,社皮里,431,1962,467,532,999,51,1050
臺中市,豐原區,社皮里,432,2313,614,748,1362,68,1430
臺中市,豐原區,三村里,433,1510,406,500,906,35,941
臺中市,豐原區,三村里,434,1824,441,603,1044,55,1099
臺中市,豐原區,三村里,435,1363,332,471,803,38,841
臺中市,豐原區,三村里,436,1535,426,507,933,41,974
臺中市,豐原區,東勢里,437,1457,455,419,874,43,917
臺中市,豐原區,民生里,438,1184,344,366,710,27,737
臺中市,豐原區,田心里,439,2299,476,613,1089,41,1130
臺中市,豐原區,田心里,440,1940,566,535,1101,52,1153
臺中市,豐原區,田心里,441,2067,559,600,1159,46,1205
臺中市,豐原區,豐田里,442,2038,475,634,1109,53,1162
臺中市,豐原區,豐田里,443,1835,484,551,1035,44,1079
臺中市,豐原區,豐田里,444,1979,493,600,1093,60,1153
臺中市,豐原區,豐田里,445,2014,449,632,1081,69,1150
臺中市,豐原區,豐田里,446,2257,541,714,1255,70,1325
臺中市,豐原區,鎌村里,447,1406,382,470,852,41,893
臺中市,豐原區,鎌村里,448,1418,387,444,831,37,868
臺中市,豐原區,鎌村里,449,1772,463,600,1063,60,1123
臺中市,豐原區,陽明里,450,1202,342,407,749,37,786
臺中市,豐原區,陽明里,451,1447,377,494,871,35,906
臺中市,豐原區,南陽里,452,1758,439,581,1020,58,1078
臺中市,豐原區,南陽里,453,1546,410,554,964,37,1001
臺中市,豐原區,南陽里,454,1815,437,667,1104,38,1142
臺中市,豐原區,南陽里,455,1932,515,626,1141,34,1175
臺中市,豐原區,南陽里,456,1770,478,613,1091,48,1139
臺中市,豐原區,南陽里,457,1560,344,497,841,36,877
臺中市,豐原區,北陽里,458,1810,438,590,1028,47,1075
臺中市,豐原區,北陽里,459,1653,423,579,1002,36,1038
臺中市,豐原區,北陽里,460,1444,362,471,833,43,876
臺中市,豐原區,北陽里,461,1318,348,471,819,26,845
臺中市,豐原區,北陽里,462,1566,432,475,907,51,958
臺中市,豐原區,北陽里,463,1748,390,585,975,54,1029
臺中市,豐原區,北陽里,464,1772,416,487,903,67,970
臺中市,豐原區,北陽里,465,1721,431,528,959,62,1021
臺中市,豐原區,東陽里,466,1578,449,474,923,32,955
臺中市,豐原區,南村里,467,1859,490,546,1036,61,1097
臺中市,豐原區,南村里,468,1479,338,510,848,37,885
臺中市,豐原區,南村里,469,1889,469,621,1090,35,1125
臺中市,豐原區,南田里,470,1803,442,551,993,43,1036
臺中市,豐原區,南田里,471,1421,398,391,789,44,833
臺中市,豐原區,南嵩里,472,1585,484,473,957,52,1009
臺中市,豐原區,南嵩里,473,1774,458,598,1056,59,1115
臺中市,豐原區,翁明里,474,2132,524,682,1206,67,1273
臺中市,豐原區,翁子里,475,1515,425,439,864,47,911
臺中市,豐原區,翁子里,476,1359,326,390,716,22,738
臺中市,豐原區,翁社里,477,948,271,298,569,33,602
臺中市,豐原區,翁社里,478,1134,310,366,676,39,715
臺中市,豐原區,朴子里,479,1114,374,327,701,49,750
臺中市,豐原區,朴子里,480,1050,309,297,606,37,643
臺中市,豐原區,朴子里,481,1182,363,353,716,59,775
臺中市,神岡區,神岡里,482,1684,431,548,979,50,1029
臺中市,神岡區,神岡里,483,1559,390,502,892,38,930
臺中市,神岡區,庄前里,484,1095,239,336,575,37,612
臺中市,神岡區,庄前里,485,1044,316,361,677,36,713
臺中市,神岡區,北庄里,486,1310,350,452,802,52,854
臺中市,神岡區,北庄里,487,1294,366,420,786,46,832
臺中市,神岡區,庄後里,488,1143,357,311,668,44,712
臺中市,神岡區,庄後里,489,1022,297,299,596,41,637
臺中市,神岡區,圳前里,490,1269,329,361,690,34,724
臺中市,神岡區,圳前里,491,1085,206,322,528,20,548
臺中市,神岡區,圳堵里,492,942,268,292,560,44,604
臺中市,神岡區,圳堵里,493,1154,267,398,665,31,696
臺中市,神岡區,新庄里,494,1390,367,382,749,43,792
臺中市,神岡區,新庄里,495,1372,356,451,807,61,868
臺中市,神岡區,新庄里,496,1328,290,391,681,40,721
臺中市,神岡區,山皮里,497,1038,290,290,580,28,608
臺中市,神岡區,社口里,498,1452,346,470,816,19,835
臺中市,神岡區,社口里,499,1551,410,497,907,48,955
臺中市,神岡區,社口里,500,1567,366,457,823,44,867
臺中市,神岡區,社口里,501,1449,400,420,820,25,845
臺中市,神岡區,社口里,502,1246,334,339,673,19,692
臺中市,神岡區,社南里,503,1431,379,441,820,51,871
臺中市,神岡區,社南里,504,1163,367,336,703,36,739
臺中市,神岡區,社南里,505,1402,425,443,868,46,914
臺中市,神岡區,社南里,506,1271,351,392,743,29,772
臺中市,神岡區,三角里,507,1198,341,355,696,53,749
臺中市,神岡區,三角里,508,1312,349,410,759,55,814
臺中市,神岡區,大社里,509,1590,437,443,880,44,924
臺中市,神岡區,大社里,510,1324,283,433,716,38,754
臺中市,神岡區,大社里,511,1415,288,476,764,38,802
臺中市,神岡區,岸裡里,512,1483,448,470,918,43,961
臺中市,神岡區,岸裡里,513,1402,369,385,754,34,788
臺中市,神岡區,豐洲里,514,1275,274,408,682,34,716
臺中市,神岡區,豐洲里,515,1288,311,359,670,39,709
臺中市,神岡區,豐洲里,516,1080,278,298,576,45,621
臺中市,神岡區,豐洲里,517,1344,340,399,739,24,763
臺中市,神岡區,豐洲里,518,1061,269,356,625,45,670
臺中市,神岡區,豐洲里,519,1176,319,407,726,28,754
臺中市,神岡區,神洲里,520,1244,374,361,735,47,782
臺中市,神岡區,神洲里,521,1318,396,417,813,44,857
臺中市,神岡區,溪洲里,522,1471,348,430,778,43,821
臺中市,神岡區,溪洲里,523,1323,423,406,829,50,879
臺中市,大雅區,上雅里,524,2027,450,681,1131,44,1175
臺中市,大雅區,上雅里,525,1967,428,578,1006,23,1029
臺中市,大雅區,上雅里,526,1912,427,598,1025,37,1062
臺中市,大雅區,大雅里,527,1537,349,562,911,36,947
臺中市,大雅區,大雅里,528,1439,353,498,851,49,900
臺中市,大雅區,大雅里,529,1402,355,444,799,40,839
臺中市,大雅區,文雅里,530,2013,394,671,1065,42,1107
臺中市,大雅區,文雅里,531,1917,463,603,1066,56,1122
臺中市,大雅區,文雅里,532,2011,429,653,1082,43,1125
臺中市,大雅區,三和里,533,1887,452,620,1072,46,1118
臺中市,大雅區,三和里,534,1480,397,479,876,37,913
臺中市,大雅區,三和里,535,1816,425,584,1009,50,1059
臺中市,大雅區,二和里,536,1898,397,549,946,40,986
臺中市,大雅區,二和里,537,2008,414,689,1103,47,1150
臺中市,大雅區,二和里,538,1976,417,697,1114,40,1154
臺中市,大雅區,四德里,539,1673,390,564,954,35,989
臺中市,大雅區,四德里,540,1409,375,483,858,31,889
臺中市,大雅區,四德里,541,1382,324,477,801,28,829
臺中市,大雅區,西寶里,542,1635,398,489,887,55,942
臺中市,大雅區,西寶里,543,1565,359,523,882,48,930
臺中市,大雅區,西寶里,544,1528,351,465,816,41,857
臺中市,大雅區,上楓里,545,1963,470,575,1045,33,1078
臺中市,大雅區,上楓里,546,2073,466,594,1060,44,1104
臺中市,大雅區,上楓里,547,1984,450,618,1068,37,1105
臺中市,大雅區,大楓里,548,1688,407,504,911,47,958
臺中市,大雅區,大楓里,549,1387,337,424,761,47,808
臺中市,大雅區,大楓里,550,1701,418,569,987,52,1039
臺中市,大雅區,雅楓里,551,1721,368,556,924,58,982
臺中市,大雅區,雅楓里,552,1879,342,527,869,50,919
臺中市,大雅區,員林里,553,1568,399,550,949,57,1006
臺中市,大雅區,員林里,554,1761,455,507,962,84,1046
臺中市,大雅區,員林里,555,1752,411,617,1028,45,1073
臺中市,大雅區,員林里,556,1264,320,400,720,42,762
臺中市,大雅區,員林里,557,1302,348,439,787,30,817
臺中市,大雅區,員林里,558,1449,387,400,787,45,832
臺中市,大雅區,六寶里,559,1621,388,545,933,67,1000
臺中市,大雅區,六寶里,560,1647,348,533,881,48,929
臺中市,大雅區,六寶里,561,1441,297,489,786,35,821
臺中市,大雅區,六寶里,562,1460,380,438,818,31,849
臺中市,大雅區,秀山里,563,1832,505,572,1077,52,1129
臺中市,大雅區,秀山里,564,1371,366,457,823,48,871
臺中市,大雅區,橫山里,565,1418,317,418,735,14,749
臺中市,大雅區,橫山里,566,1473,385,485,870,51,921
臺中市,大雅區,橫山里,567,1335,331,411,742,51,793
臺中市,大雅區,忠義里,568,1733,271,662,933,63,996
臺中市,大雅區,忠義里,569,1884,250,633,883,101,984
臺中市,潭子區,潭秀里,570,1306,359,416,775,39,814
臺中市,潭子區,潭北里,571,1128,290,374,664,30,694
臺中市,潭子區,潭北里,572,1159,302,406,708,38,746
臺中市,潭子區,潭陽里,573,1630,419,535,954,49,1003
臺中市,潭子區,潭陽里,574,1532,364,487,851,36,887
臺中市,潭子區,潭陽里,575,1677,388,475,863,30,893
臺中市,潭子區,潭陽里,576,1744,366,525,891,43,934
臺中市,潭子區,潭陽里,577,1795,451,550,1001,39,1040
臺中市,潭子區,潭陽里,578,1171,272,369,641,40,681
臺中市,潭子區,潭陽里,579,1427,330,454,784,32,816
臺中市,潭子區,福仁里,580,1709,397,546,943,48,991
臺中市,潭子區,福仁里,581,1723,391,550,941,41,982
臺中市,潭子區,福仁里,582,1782,406,530,936,40,976
臺中市,潭子區,福仁里,583,1407,272,460,732,38,770
臺中市,潭子區,福仁里,584,1771,553,480,1033,36,1069
臺中市,潭子區,福仁里,585,1795,427,603,1030,59,1089
臺中市,潭子區,頭家里,586,1612,393,584,977,36,1013
臺中市,潭子區,頭家里,587,1894,459,587,1046,36,1082
臺中市,潭子區,頭家里,588,1689,398,550,948,36,984
臺中市,潭子區,頭家東里,589,1525,332,466,798,37,835
臺中市,潭子區,頭家東里,590,1622,385,508,893,40,933
臺中市,潭子區,頭家東里,591,1200,301,383,684,41,725
臺中市,潭子區,家興里,592,1355,328,397,725,14,739
臺中市,潭子區,家興里,593,1777,400,555,955,24,979
臺中市,潭子區,家興里,594,1923,394,666,1060,35,1095
臺中市,潭子區,家興里,595,1674,363,519,882,49,931
臺中市,潭子區,家福里,596,1451,394,496,890,35,925
臺中市,潭子區,家福里,597,1486,374,493,867,37,904
臺中市,潭子區,家福里,598,1511,386,496,882,36,918
臺中市,潭子區,甘蔗里,599,1666,355,598,953,45,998
臺中市,潭子區,甘蔗里,600,1750,394,556,950,42,992
臺中市,潭子區,甘蔗里,601,1437,325,458,783,37,820
臺中市,潭子區,甘蔗里,602,1735,418,550,968,32,1000
臺中市,潭子區,甘蔗里,603,1612,375,506,881,41,922
臺中市,潭子區,甘蔗里,604,1143,274,410,684,23,707
臺中市,潭子區,東寶里,605,2096,485,646,1131,41,1172
臺中市,潭子區,東寶里,606,1549,389,498,887,45,932
臺中市,潭子區,東寶里,607,1573,416,513,929,23,952
臺中市,潭子區,東寶里,608,1585,465,397,862,29,891
臺中市,潭子區,東寶里,609,1572,350,508,858,35,893
臺中市,潭子區,東寶里,610,1738,409,625,1034,32,1066
臺中市,潭子區,東寶里,611,1883,443,577,1020,39,1059
臺中市,潭子區,大富里,612,1401,410,421,831,34,865
臺中市,潭子區,大富里,613,1352,352,455,807,31,838
臺中市,潭子區,大豐里,614,2085,493,675,1168,69,1237
臺中市,潭子區,大豐里,615,2047,496,671,1167,75,1242
臺中市,潭子區,大豐里,616,1673,382,508,890,25,915
臺中市,潭子區,栗林里,617,1874,479,574,1053,63,1116
臺中市,潭子區,栗林里,618,1051,345,267,612,28,640
臺中市,潭子區,栗林里,619,1674,389,481,870,36,906
臺中市,潭子區,嘉仁里,620,1831,503,539,1042,45,1087
臺中市,潭子區,嘉仁里,621,2003,461,602,1063,51,1114
臺中市,潭子區,新田里,622,1535,434,437,871,36,907
臺中市,潭子區,聚興里,623,2286,452,640,1092,80,1172
臺中市,潭子區,聚興里,624,1861,417,550,967,38,1005
臺中市,西屯區,西安里,625,1638,437,552,989,34,1023
臺中市,西屯區,西安里,626,1335,353,364,717,30,747
臺中市,西屯區,西安里,627,1776,397,625,1022,41,1063
臺中市,西屯區,至善里,628,1351,305,455,760,32,792
臺中市,西屯區,至善里,629,1338,317,474,791,39,830
臺中市,西屯區,至善里,630,1582,339,577,916,24,940
臺中市,西屯區,西平里,631,1710,299,583,882,38,920
臺中市,西屯區,西平里,632,1595,357,466,823,42,865
臺中市,西屯區,西平里,633,1585,282,621,903,45,948
臺中市,西屯區,西墩里,634,1749,438,526,964,43,1007
臺中市,西屯區,西墩里,635,1877,375,655,1030,46,1076
臺中市,西屯區,西墩里,636,1697,382,518,900,35,935
臺中市,西屯區,潮洋里,637,1480,326,550,876,34,910
臺中市,西屯區,潮洋里,638,1483,448,493,941,34,975
臺中市,西屯區,潮洋里,639,2484,370,526,896,25,921
臺中市,西屯區,龍潭里,640,781,259,238,497,32,529
臺中市,西屯區,惠來里,641,1477,346,517,863,37,900
臺中市,西屯區,惠來里,642,1784,384,581,965,43,1008
臺中市,西屯區,惠來里,643,1686,343,598,941,29,970
臺中市,西屯區,惠來里,644,1692,374,570,944,30,974
臺中市,西屯區,惠來里,645,1659,315,568,883,25,908
臺中市,西屯區,惠來里,646,1648,376,583,959,19,978
臺中市,西屯區,惠來里,647,1536,392,527,919,27,946
臺中市,西屯區,惠來里,648,1666,355,609,964,34,998
臺中市,西屯區,上石里,649,1428,325,488,813,45,858
臺中市,西屯區,上石里,650,1810,398,547,945,46,991
臺中市,西屯區,上石里,651,1574,326,544,870,27,897
臺中市,西屯區,上安里,652,1650,358,578,936,27,963
臺中市,西屯區,上安里,653,1681,411,530,941,34,975
臺中市,西屯區,上安里,654,1656,365,553,918,29,947
臺中市,西屯區,上德里,655,1243,273,450,723,44,767
臺中市,西屯區,上德里,656,1471,377,536,913,39,952
臺中市,西屯區,上德里,657,1431,341,529,870,32,902
臺中市,西屯區,逢甲里,658,1714,392,557,949,33,982
臺中市,西屯區,逢甲里,659,1424,335,476,811,37,848
臺中市,西屯區,逢甲里,660,1176,282,394,676,27,703
臺中市,西屯區,逢福里,661,1456,335,499,834,46,880
臺中市,西屯區,逢福里,662,1451,322,558,880,32,912
臺中市,西屯區,逢福里,663,1063,253,421,674,28,702
臺中市,西屯區,逢福里,664,1357,320,441,761,39,800
臺中市,西屯區,鵬程里,665,1355,182,604,786,56,842
臺中市,西屯區,鵬程里,666,1384,182,658,840,21,861
臺中市,西屯區,何厝里,667,1613,400,537,937,35,972
臺中市,西屯區,何厝里,668,1562,399,484,883,34,917
臺中市,西屯區,何明里,669,1219,362,404,766,40,806
臺中市,西屯區,何明里,670,1235,318,391,709,36,745
臺中市,西屯區,何明里,671,1131,288,356,644,35,679
臺中市,西屯區,何南里,672,1494,415,492,907,37,944
臺中市,西屯區,何南里,673,1325,296,479,775,24,799
臺中市,西屯區,何南里,674,1386,363,446,809,27,836
臺中市,西屯區,何成里,675,1816,442,600,1042,40,1082
臺中市,西屯區,何成里,676,1734,396,525,921,40,961
臺中市,西屯區,何成里,677,1777,438,593,1031,42,1073
臺中市,西屯區,何成里,678,1818,384,566,950,48,998
臺中市,西屯區,何安里,679,1699,407,510,917,55,972
臺中市,西屯區,何安里,680,1715,370,516,886,35,921
臺中市,西屯區,何安里,681,1654,358,509,867,42,909
臺中市,西屯區,何仁里,682,1636,386,504,890,23,913
臺中市,西屯區,何仁里,683,1298,334,369,703,21,724
臺中市,西屯區,何仁里,684,1391,405,423,828,15,843
臺中市,西屯區,何仁里,685,1853,453,604,1057,45,1102
臺中市,西屯區,何德里,686,1820,400,584,984,46,1030
臺中市,西屯區,何德里,687,1809,452,567,1019,45,1064
臺中市,西屯區,何福里,688,1352,346,469,815,32,847
臺中市,西屯區,何福里,689,1521,381,487,868,31,899
臺中市,西屯區,何福里,690,1486,379,500,879,34,913
臺中市,西屯區,何源里,691,1674,402,553,955,35,990
臺中市,西屯區,何源里,692,1610,398,545,943,49,992
臺中市,西屯區,何源里,693,1695,346,573,919,38,957
臺中市,西屯區,何源里,694,1684,335,578,913,31,944
臺中市,西屯區,大河里,695,1221,344,383,727,33,760
臺中市,西屯區,大河里,696,1252,408,394,802,48,850
臺中市,西屯區,大河里,697,1301,358,416,774,41,815
臺中市,西屯區,大石里,698,1049,155,487,642,28,670
臺中市,西屯區,大石里,699,1113,126,512,638,43,681
臺中市,西屯區,大福里,700,1557,296,535,831,30,861
臺中市,西屯區,大福里,701,1640,370,514,884,34,918
臺中市,西屯區,大鵬里,702,1402,413,478,891,48,939
臺中市,西屯區,大鵬里,703,1717,328,521,849,64,913
臺中市,西屯區,大鵬里,704,1688,343,569,912,50,962
臺中市,西屯區,港尾里,705,1168,323,375,698,26,724
臺中市,西屯區,港尾里,706,1729,367,581,948,7,955
臺中市,西屯區,港尾里,707,2007,418,630,1048,32,1080
臺中市,西屯區,廣福里,708,1296,361,382,743,58,801
臺中市,西屯區,廣福里,709,1068,272,274,546,23,569
臺中市,西屯區,林厝里,710,1707,338,508,846,66,912
臺中市,西屯區,林厝里,711,1636,358,583,941,40,981
臺中市,西屯區,永安里,712,1761,445,426,871,33,904
臺中市,西屯區,永安里,713,1314,323,423,746,38,784
臺中市,西屯區,永安里,714,1233,288,467,755,39,794
臺中市,西屯區,永安里,715,1549,362,473,835,36,871
臺中市,西屯區,永安里,716,1639,334,532,866,30,896
臺中市,西屯區,永安里,717,1486,271,505,776,45,821
臺中市,西屯區,永安里,718,1806,398,561,959,27,986
臺中市,西屯區,永安里,719,1451,307,462,769,23,792
臺中市,西屯區,福安里,720,1302,321,443,764,21,785
臺中市,西屯區,福安里,721,1353,372,437,809,40,849
臺中市,西屯區,福雅里,722,2162,495,738,1233,31,1264
臺中市,西屯區,福雅里,723,1520,301,524,825,42,867
臺中市,西屯區,福雅里,724,1935,382,672,1054,26,1080
臺中市,西屯區,福林里,725,1847,385,625,1010,42,1052
臺中市,西屯區,福林里,726,1738,409,570,979,32,1011
臺中市,西屯區,福林里,727,1640,394,576,970,38,1008
臺中市,西屯區,福林里,728,1908,368,695,1063,33,1096
臺中市,西屯區,福瑞里,729,1402,314,474,788,29,817
臺中市,西屯區,福瑞里,730,1515,303,511,814,28,842
臺中市,西屯區,福聯里,731,1541,278,454,732,27,759
臺中市,西屯區,福聯里,732,1502,347,451,798,42,840
臺中市,西屯區,福和里,733,1526,422,449,871,46,917
臺中市,西屯區,福和里,734,1425,427,437,864,41,905
臺中市,西屯區,福和里,735,1334,346,448,794,39,833
臺中市,西屯區,福中里,736,1649,393,582,975,36,1011
臺中市,西屯區,福中里,737,1566,376,488,864,28,892
臺中市,西屯區,福恩里,738,1629,373,591,964,33,997
臺中市,西屯區,福恩里,739,1628,443,498,941,32,973
臺中市,西屯區,福恩里,740,1442,342,526,868,33,901
臺中市,西屯區,協和里,741,1206,301,328,629,43,672
臺中市,西屯區,協和里,742,1086,334,330,664,32,696
臺中市,西屯區,協和里,743,1088,277,376,653,32,685
臺中市,西屯區,協和里,744,1140,275,375,650,28,678
臺中市,南屯區,南屯里,745,1321,362,426,788,31,819
臺中市,南屯區,南屯里,746,1346,395,403,798,47,845
臺中市,南屯區,南屯里,747,1428,388,471,859,36,895
臺中市,南屯區,南屯里,748,1442,349,466,815,35,850
臺中市,南屯區,南屯里,749,1408,355,533,888,23,911
臺中市,南屯區,南屯里,750,1404,318,526,844,22,866
臺中市,南屯區,豐樂里,751,1354,376,456,832,32,864
臺中市,南屯區,豐樂里,752,1332,325,467,792,47,839
臺中市,南屯區,豐樂里,753,1463,329,574,903,23,926
臺中市,南屯區,豐樂里,754,1413,356,457,813,43,856
臺中市,南屯區,豐樂里,755,1218,354,421,775,29,804
臺中市,南屯區,豐樂里,756,1308,368,408,776,25,801
臺中市,南屯區,豐樂里,757,1527,449,489,938,34,972
臺中市,南屯區,豐樂里,758,1294,350,449,799,27,826
臺中市,南屯區,楓樹里,759,1516,301,486,787,33,820
臺中市,南屯區,楓樹里,760,1529,376,511,887,66,953
臺中市,南屯區,楓樹里,761,1397,360,455,815,49,864
臺中市,南屯區,楓樹里,762,1406,316,450,766,40,806
臺中市,南屯區,中和里,763,1497,372,429,801,37,838
臺中市,南屯區,中和里,764,1424,372,391,763,65,828
臺中市,南屯區,中和里,765,1488,375,360,735,33,768
臺中市,南屯區,鎮平里,766,608,191,199,390,20,410
臺中市,南屯區,鎮平里,767,813,272,231,503,37,540
臺中市,南屯區,春社里,768,1190,306,396,702,37,739
臺中市,南屯區,春社里,769,1174,258,390,648,35,683
臺中市,南屯區,春社里,770,1224,297,413,710,16,726
臺中市,南屯區,春社里,771,1466,281,419,700,43,743
臺中市,南屯區,春社里,772,1333,215,331,546,24,570
臺中市,南屯區,春安里,773,814,206,270,476,44,520
臺中市,南屯區,文山里,774,1436,303,443,746,48,794
臺中市,南屯區,文山里,775,1515,365,500,865,44,909
臺中市,南屯區,文山里,776,1545,327,444,771,26,797
臺中市,南屯區,文山里,777,1383,305,476,781,38,819
臺中市,南屯區,文山里,778,1433,364,470,834,34,868
臺中市,南屯區,文山里,779,1134,262,334,596,31,627
臺中市,南屯區,文山里,780,1216,274,452,726,40,766
臺中市,南屯區,寶山里,781,1271,330,367,697,44,741
臺中市,南屯區,寶山里,782,1203,279,368,647,26,673
臺中市,南屯區,寶山里,783,1268,290,420,710,37,747
臺中市,南屯區,寶山里,784,1390,340,446,786,50,836
臺中市,南屯區,新生里,785,1397,358,426,784,35,819
臺中市,南屯區,永定里,786,1607,401,464,865,52,917
臺中市,南屯區,永定里,787,1582,423,495,918,40,958
臺中市,南屯區,永定里,788,1611,356,577,933,38,971
臺中市,南屯區,三厝里,789,1322,344,468,812,29,841
臺中市,南屯區,三厝里,790,1321,347,494,841,26,867
臺中市,南屯區,三厝里,791,1360,324,473,797,39,836
臺中市,南屯區,三厝里,792,1361,315,505,820,15,835
臺中市,南屯區,三厝里,793,1257,293,465,758,32,790
臺中市,南屯區,三義里,794,1207,282,482,764,26,790
臺中市,南屯區,三義里,795,1282,299,507,806,18,824
臺中市,南屯區,三義里,796,1248,317,472,789,37,826
臺中市,南屯區,三義里,797,1304,326,507,833,23,856
臺中市,南屯區,三義里,798,1214,296,423,719,27,746
臺中市,南屯區,三和里,799,1102,220,445,665,40,705
臺中市,南屯區,三和里,800,1630,321,690,1011,44,1055
臺中市,南屯區,三和里,801,1333,287,512,799,34,833
臺中市,南屯區,三和里,802,1292,295,506,801,20,821
臺中市,南屯區,三和里,803,1272,284,481,765,28,793
臺中市,南屯區,三和里,804,1345,306,493,799,19,818
臺中市,南屯區,黎明里,805,981,253,416,669,24,693
臺中市,南屯區,黎明里,806,1097,237,428,665,39,704
臺中市,南屯區,黎明里,807,991,252,378,630,19,649
臺中市,南屯區,黎明里,808,1170,290,413,703,25,728
臺中市,南屯區,溝墘里,809,1171,304,421,725,29,754
臺中市,南屯區,溝墘里,810,1349,352,420,772,40,812
臺中市,南屯區,溝墘里,811,1368,373,483,856,24,880
臺中市,南屯區,溝墘里,812,1263,317,470,787,34,821
臺中市,南屯區,大業里,813,1547,355,570,925,39,964
臺中市,南屯區,大業里,814,1649,397,556,953,40,993
臺中市,南屯區,大業里,815,1629,363,550,913,30,943
臺中市,南屯區,大業里,816,1580,367,466,833,29,862
臺中市,南屯區,惠中里,817,1444,385,535,920,28,948
臺中市,南屯區,惠中里,818,1413,352,481,833,10,843
臺中市,南屯區,惠中里,819,1377,288,485,773,27,800
臺中市,南屯區,惠中里,820,1527,418,484,902,35,937
臺中市,南屯區,惠中里,821,1335,330,485,815,29,844
臺中市,南屯區,田心里,822,1544,535,485,1020,26,1046
臺中市,南屯區,田心里,823,1482,452,493,945,33,978
臺中市,南屯區,田心里,824,1488,393,491,884,46,930
臺中市,南屯區,田心里,825,1538,339,448,787,29,816
臺中市,南屯區,向心里,826,1674,456,566,1022,39,1061
臺中市,南屯區,向心里,827,1996,358,489,847,19,866
臺中市,南屯區,向心里,828,1514,363,509,872,52,924
臺中市,南屯區,文心里,829,1217,293,456,749,40,789
臺中市,南屯區,文心里,830,1347,344,431,775,31,806
臺中市,南屯區,文心里,831,1109,268,410,678,27,705
臺中市,南屯區,同心里,832,1546,358,520,878,27,905
臺中市,南屯區,同心里,833,1408,358,516,874,32,906
臺中市,南屯區,同心里,834,1057,264,317,581,28,609
臺中市,南屯區,同心里,835,1133,286,371,657,38,695
臺中市,南屯區,大同里,836,1278,329,440,769,22,791
臺中市,南屯區,大同里,837,1144,355,378,733,28,761
臺中市,南屯區,大同里,838,1140,316,378,694,22,716
臺中市,南屯區,大同里,839,1171,303,409,712,31,743
臺中市,南屯區,大興里,840,1303,327,490,817,23,840
臺中市,南屯區,大興里,841,1402,354,434,788,25,813
臺中市,南屯區,大興里,842,1571,348,527,875,41,916
臺中市,南屯區,大誠里,843,1139,321,382,703,33,736
臺中市,南屯區,大誠里,844,1216,331,421,752,31,783
臺中市,南屯區,大誠里,845,1162,283,424,707,36,743
臺中市,北屯區,北屯里,846,1670,398,619,1017,35,1052
臺中市,北屯區,北屯里,847,1706,357,647,1004,36,1040
臺中市,北屯區,北京里,848,1507,391,436,827,45,872
臺中市,北屯區,北京里,849,1652,425,542,967,32,999
臺中市,北屯區,北興里,850,1107,227,358,585,15,600
臺中市,北屯區,北興里,851,2151,441,675,1116,47,1163
臺中市,北屯區,三光里,852,1612,544,424,968,21,989
臺中市,北屯區,三光里,853,1743,399,574,973,26,999
臺中市,北屯區,三光里,854,2099,460,620,1080,35,1115
臺中市,北屯區,三光里,855,1595,396,512,908,19,927
臺中市,北屯區,三和里,856,1923,401,688,1089,38,1127
臺中市,北屯區,三和里,857,1641,328,538,866,40,906
臺中市,北屯區,三和里,858,1157,280,471,751,18,769
臺中市,北屯區,三和里,859,1041,251,388,639,24,663
臺中市,北屯區,東光里,860,1563,480,345,825,25,850
臺中市,北屯區,東光里,861,1559,375,439,814,36,850
臺中市,北屯區,東光里,862,1411,276,448,724,13,737
臺中市,北屯區,水景里,863,1761,398,615,1013,33,1046
臺中市,北屯區,水景里,864,1361,354,475,829,34,863
臺中市,北屯區,水景里,865,1852,423,589,1012,63,1075
臺中市,北屯區,水景里,866,1928,446,653,1099,41,1140
臺中市,北屯區,水景里,867,1492,393,555,948,26,974
臺中市,北屯區,水景里,868,1998,445,618,1063,47,1110
臺中市,北屯區,水景里,869,1272,350,452,802,31,833
臺中市,北屯區,水景里,870,1317,431,359,790,31,821
臺中市,北屯區,軍功里,871,1327,337,338,675,47,722
臺中市,北屯區,軍功里,872,1280,344,346,690,21,711
臺中市,北屯區,軍功里,873,1865,387,575,962,33,995
臺中市,北屯區,軍功里,874,1230,301,455,756,33,789
臺中市,北屯區,軍功里,875,1356,295,431,726,27,753
臺中市,北屯區,軍功里,876,1732,360,591,951,45,996
臺中市,北屯區,軍功里,877,1586,381,526,907,33,940
臺中市,北屯區,軍功里,878,1441,337,453,790,28,818
臺中市,北屯區,和平里,879,2045,471,604,1075,45,1120
臺中市,北屯區,和平里,880,1914,436,544,980,34,1014
臺中市,北屯區,和平里,881,1918,430,635,1065,38,1103
臺中市,北屯區,和平里,882,2079,285,774,1059,25,1084
臺中市,北屯區,和平里,883,2040,469,656,1125,38,1163
臺中市,北屯區,?子里,884,2027,383,598,981,30,1011
臺中市,北屯區,?子里,885,1402,315,449,764,32,796
臺中市,北屯區,?子里,886,1826,442,599,1041,42,1083
臺中市,北屯區,?子里,887,2162,416,647,1063,34,1097
臺中市,北屯區,?子里,888,2332,451,629,1080,28,1108
臺中市,北屯區,民政里,889,985,231,324,555,33,588
臺中市,北屯區,東山里,890,2037,468,547,1015,37,1052
臺中市,北屯區,大坑里,891,1032,291,323,614,24,638
臺中市,北屯區,大坑里,892,1062,236,354,590,33,623
臺中市,北屯區,民德里,893,909,212,281,493,35,528
臺中市,北屯區,舊社里,894,1445,358,485,843,42,885
臺中市,北屯區,舊社里,895,1842,403,558,961,31,992
臺中市,北屯區,舊社里,896,1187,296,396,692,30,722
臺中市,北屯區,舊社里,897,1456,394,457,851,28,879
臺中市,北屯區,松茂里,898,1866,354,681,1035,48,1083
臺中市,北屯區,松茂里,899,1667,359,535,894,23,917
臺中市,北屯區,松茂里,900,1683,326,649,975,26,1001
臺中市,北屯區,松強里,901,1642,357,546,903,21,924
臺中市,北屯區,松強里,902,1475,373,522,895,14,909
臺中市,北屯區,松強里,903,1644,348,550,898,23,921
臺中市,北屯區,松強里,904,1603,343,613,956,23,979
臺中市,北屯區,松勇里,905,1949,450,658,1108,59,1167
臺中市,北屯區,松勇里,906,1790,403,701,1104,40,1144
臺中市,北屯區,松勇里,907,1440,351,493,844,24,868
臺中市,北屯區,松安里,908,1601,420,524,944,42,986
臺中市,北屯區,松安里,909,1527,374,456,830,36,866
臺中市,北屯區,松安里,910,1675,347,501,848,42,890
臺中市,北屯區,松和里,911,1579,347,430,777,29,806
臺中市,北屯區,松和里,912,1524,341,509,850,38,888
臺中市,北屯區,松和里,913,1677,327,573,900,29,929
臺中市,北屯區,松和里,914,1599,347,511,858,50,908
臺中市,北屯區,松竹里,915,1458,349,500,849,41,890
臺中市,北屯區,松竹里,916,1571,387,545,932,35,967
臺中市,北屯區,松竹里,917,1579,357,527,884,67,951
臺中市,北屯區,松竹里,918,1849,402,654,1056,41,1097
臺中市,北屯區,松竹里,919,1682,328,601,929,36,965
臺中市,北屯區,平興里,920,1760,358,606,964,22,986
臺中市,北屯區,平興里,921,1699,381,573,954,45,999
臺中市,北屯區,平興里,922,1626,431,560,991,36,1027
臺中市,北屯區,平興里,923,1491,419,483,902,12,914
臺中市,北屯區,平田里,924,1640,413,486,899,25,924
臺中市,北屯區,平田里,925,2052,522,653,1175,64,1239
臺中市,北屯區,平田里,926,1875,456,634,1090,24,1114
臺中市,北屯區,平昌里,927,1559,372,511,883,30,913
臺中市,北屯區,平昌里,928,1480,363,470,833,54,887
臺中市,北屯區,平昌里,929,1397,347,460,807,36,843
臺中市,北屯區,平安里,930,1889,480,587,1067,38,1105
臺中市,北屯區,平安里,931,1728,442,501,943,40,983
臺中市,北屯區,平安里,932,1592,374,476,850,55,905
臺中市,北屯區,平順里,933,1656,395,497,892,43,935
臺中市,北屯區,平順里,934,1524,335,454,789,35,824
臺中市,北屯區,平心里,935,1502,382,487,869,25,894
臺中市,北屯區,平心里,936,1772,383,583,966,27,993
臺中市,北屯區,平心里,937,1461,364,491,855,25,880
臺中市,北屯區,平福里,938,1769,333,569,902,16,918
臺中市,北屯區,平福里,939,1894,449,637,1086,51,1137
臺中市,北屯區,平德里,940,2033,437,606,1043,37,1080
臺中市,北屯區,平德里,941,1947,408,636,1044,33,1077
臺中市,北屯區,平德里,942,2188,524,716,1240,39,1279
臺中市,北屯區,平和里,943,1661,395,583,978,35,1013
臺中市,北屯區,平和里,944,1667,390,556,946,26,972
臺中市,北屯區,平和里,945,1728,356,589,945,43,988
臺中市,北屯區,平陽里,946,1688,390,530,920,23,943
臺中市,北屯區,平陽里,947,1475,349,476,825,28,853
臺中市,北屯區,平陽里,948,1681,431,612,1043,20,1063
臺中市,北屯區,仁和里,949,2078,518,668,1186,53,1239
臺中市,北屯區,仁和里,950,2059,434,681,1115,41,1156
臺中市,北屯區,仁和里,951,1792,427,590,1017,39,1056
臺中市,北屯區,仁和里,952,2974,413,619,1032,31,1063
臺中市,北屯區,仁愛里,953,1072,322,333,655,30,685
臺中市,北屯區,仁美里,954,2099,443,800,1243,32,1275
臺中市,北屯區,仁美里,955,1823,538,613,1151,45,1196
臺中市,北屯區,仁美里,956,2022,505,687,1192,60,1252
臺中市,北屯區,仁美里,957,1992,459,667,1126,32,1158
臺中市,北屯區,四民里,958,1585,437,506,943,44,987
臺中市,北屯區,同榮里,959,1565,362,567,929,40,969
臺中市,北屯區,同榮里,960,1780,361,577,938,23,961
臺中市,北屯區,同榮里,961,1874,448,672,1120,39,1159
臺中市,北屯區,后庄里,962,1755,415,626,1041,31,1072
臺中市,北屯區,后庄里,963,1497,367,631,998,27,1025
臺中市,北屯區,后庄里,964,1567,355,572,927,48,975
臺中市,北屯區,后庄里,965,1624,320,581,901,33,934
臺中市,北屯區,后庄里,966,1614,368,588,956,38,994
臺中市,北屯區,后庄里,967,1595,312,584,896,30,926
臺中市,北屯區,新平里,968,1782,346,566,912,48,960
臺中市,北屯區,新平里,969,1357,258,434,692,26,718
臺中市,北屯區,新平里,970,1071,222,372,594,37,631
臺中市,北屯區,陳平里,971,1372,298,430,728,46,774
臺中市,北屯區,陳平里,972,1415,289,506,795,51,846
臺中市,北屯區,陳平里,973,1789,429,626,1055,44,1099
臺中市,北屯區,忠平里,974,1907,515,637,1152,49,1201
臺中市,北屯區,忠平里,975,2008,436,705,1141,44,1185
臺中市,北屯區,大德里,976,1541,329,516,845,42,887
臺中市,北屯區,大德里,977,1669,353,615,968,37,1005
臺中市,北屯區,大德里,978,1685,383,579,962,33,995
臺中市,北屯區,水湳里,979,1785,501,535,1036,103,1139
臺中市,北屯區,水湳里,980,1596,367,572,939,48,987
臺中市,北屯區,水湳里,981,1731,406,591,997,50,1047
臺中市,北屯區,水湳里,982,1496,333,476,809,45,854
臺中市,北區,中正里,983,1437,388,383,771,30,801
臺中市,北區,六合里,984,1708,418,452,870,63,933
臺中市,北區,光大里,985,1051,258,279,537,31,568
臺中市,北區,光大里,986,996,289,285,574,24,598
臺中市,北區,文莊里,987,1504,218,634,852,24,876
臺中市,北區,文莊里,988,975,271,301,572,39,611
臺中市,北區,文莊里,989,886,224,279,503,27,530
臺中市,北區,大湖里,990,1276,312,282,594,29,623
臺中市,北區,大湖里,991,938,234,258,492,26,518
臺中市,北區,五常里,992,1404,352,376,728,54,782
臺中市,北區,錦平里,993,996,232,319,551,19,570
臺中市,北區,錦平里,994,869,258,221,479,30,509
臺中市,北區,新北里,995,704,211,234,445,13,458
臺中市,北區,新北里,996,979,253,286,539,21,560
臺中市,北區,新興里,997,773,186,215,401,13,414
臺中市,北區,新興里,998,759,180,270,450,19,469
臺中市,北區,樂英里,999,1438,209,596,805,40,845
臺中市,北區,樂英里,1000,1212,195,428,623,24,647
臺中市,北區,錦村里,1001,1731,410,567,977,36,1013
臺中市,北區,錦村里,1002,1445,337,546,883,22,905
臺中市,北區,建成里,1003,1855,480,547,1027,33,1060
臺中市,北區,建成里,1004,1728,328,524,852,39,891
臺中市,北區,建成里,1005,1878,372,563,935,35,970
臺中市,北區,建德里,1006,1793,385,527,912,37,949
臺中市,北區,建德里,1007,1555,430,478,908,60,968
臺中市,北區,錦洲里,1008,1761,357,530,887,26,913
臺中市,北區,錦洲里,1009,1579,342,512,854,28,882
臺中市,北區,錦祥里,1010,2192,474,652,1126,61,1187
臺中市,北區,錦祥里,1011,1560,344,548,892,45,937
臺中市,北區,金華里,1012,1476,361,478,839,25,864
臺中市,北區,金華里,1013,1006,248,356,604,28,632
臺中市,北區,金龍里,1014,1403,305,479,784,36,820
臺中市,北區,金龍里,1015,1446,330,443,773,28,801
臺中市,北區,金龍里,1016,1460,358,443,801,29,830
臺中市,北區,邱厝里,1017,1233,268,425,693,28,721
臺中市,北區,邱厝里,1018,1027,257,398,655,19,674
臺中市,北區,建興里,1019,1207,309,392,701,16,717
臺中市,北區,建興里,1020,1167,303,395,698,29,727
臺中市,北區,建興里,1021,1150,315,347,662,25,687
臺中市,北區,建興里,1022,1061,274,318,592,32,624
臺中市,北區,建興里,1023,1005,293,308,601,20,621
臺中市,北區,頂厝里,1024,1250,299,410,709,19,728
臺中市,北區,頂厝里,1025,1448,397,434,831,50,881
臺中市,北區,頂厝里,1026,1379,326,465,791,32,823
臺中市,北區,崇德里,1027,1652,418,509,927,42,969
臺中市,北區,崇德里,1028,1867,425,569,994,30,1024
臺中市,北區,賴厝里,1029,2078,236,335,571,18,589
臺中市,北區,賴厝里,1030,1562,333,578,911,44,955
臺中市,北區,賴厝里,1031,1430,326,478,804,28,832
臺中市,北區,賴福里,1032,2018,454,696,1150,38,1188
臺中市,北區,賴福里,1033,1710,374,491,865,25,890
臺中市,北區,賴興里,1034,1432,306,468,774,28,802
臺中市,北區,賴興里,1035,1157,316,373,689,27,716
臺中市,北區,賴興里,1036,1188,269,423,692,25,717
臺中市,北區,賴旺里,1037,1419,324,470,794,23,817
臺中市,北區,賴旺里,1038,1653,376,516,892,27,919
臺中市,北區,賴旺里,1039,1233,306,394,700,32,732
臺中市,北區,賴明里,1040,1243,297,408,705,21,726
臺中市,北區,賴明里,1041,1219,207,422,629,20,649
臺中市,北區,賴明里,1042,1272,334,400,734,33,767
臺中市,北區,梅川里,1043,1285,308,438,746,22,768
臺中市,北區,梅川里,1044,1780,431,596,1027,27,1054
臺中市,北區,賴村里,1045,1461,382,382,764,27,791
臺中市,北區,賴村里,1046,1310,359,415,774,31,805
臺中市,北區,賴村里,1047,1669,399,522,921,27,948
臺中市,北區,育德里,1048,1932,445,627,1072,58,1130
臺中市,北區,育德里,1049,1682,417,506,923,29,952
臺中市,北區,淡溝里,1050,1891,470,551,1021,25,1046
臺中市,北區,淡溝里,1051,1882,466,562,1028,43,1071
臺中市,北區,淡溝里,1052,1159,265,381,646,24,670
臺中市,北區,健行里,1053,1553,390,469,859,41,900
臺中市,北區,健行里,1054,1607,394,480,874,32,906
臺中市,北區,健行里,1055,1773,474,512,986,30,1016
臺中市,北區,健行里,1056,1524,425,413,838,44,882
臺中市,北區,明德里,1057,1613,452,510,962,49,1011
臺中市,北區,明德里,1058,1877,447,628,1075,38,1113
臺中市,北區,明德里,1059,1792,439,571,1010,35,1045
臺中市,北區,明新里,1060,1392,339,464,803,42,845
臺中市,北區,明新里,1061,1297,332,394,726,30,756
臺中市,北區,長青里,1062,1556,381,529,910,40,950
臺中市,北區,長青里,1063,1497,350,470,820,26,846
臺中市,北區,長青里,1064,1550,374,478,852,24,876
臺中市,北區,長青里,1065,1434,367,430,797,18,815
臺中市,北區,立人里,1066,1793,405,585,990,44,1034
臺中市,北區,立人里,1067,1866,412,608,1020,39,1059
臺中市,北區,中達里,1068,1346,343,419,762,44,806
臺中市,北區,中達里,1069,1267,290,407,697,43,740
臺中市,中區,綠川里,1070,1652,497,483,980,65,1045
臺中市,中區,繼光里,1071,1531,422,412,834,24,858
臺中市,中區,公園里,1072,1431,388,409,797,33,830
臺中市,中區,光復里,1073,1060,286,309,595,24,619
臺中市,中區,光復里,1074,982,249,280,529,27,556
臺中市,中區,大墩里,1075,1191,339,319,658,44,702
臺中市,中區,大墩里,1076,855,235,251,486,10,496
臺中市,中區,柳川里,1077,1135,255,267,522,25,547
臺中市,中區,柳川里,1078,705,186,220,406,19,425
臺中市,中區,大誠里,1079,1009,284,345,629,14,643
臺中市,中區,大誠里,1080,1304,338,335,673,58,731
臺中市,中區,中華里,1081,1841,445,482,927,22,949
臺中市,西區,三民里,1082,1400,208,282,490,27,517
臺中市,西區,三民里,1083,861,227,320,547,18,565
臺中市,西區,利民里,1084,1416,353,484,837,24,861
臺中市,西區,民生里,1085,1020,268,355,623,22,645
臺中市,西區,民生里,1086,778,231,262,493,22,515
臺中市,西區,廣民里,1087,1465,342,460,802,39,841
臺中市,西區,平和里,1088,1017,255,337,592,25,617
臺中市,西區,平和里,1089,868,228,285,513,25,538
臺中市,西區,東昇里,1090,1251,350,441,791,28,819
臺中市,西區,東昇里,1091,1044,289,376,665,26,691
臺中市,西區,公民里,1092,1487,386,460,846,30,876
臺中市,西區,公民里,1093,1573,421,484,905,37,942
臺中市,西區,公民里,1094,1731,413,565,978,34,1012
臺中市,西區,藍興里,1095,1209,344,390,734,27,761
臺中市,西區,藍興里,1096,1564,371,524,895,26,921
臺中市,西區,藍興里,1097,1175,325,384,709,31,740
臺中市,西區,公?里,1098,1505,368,480,848,25,873
臺中市,西區,公?里,1099,1418,397,460,857,25,882
臺中市,西區,公?里,1100,1497,291,413,704,2,706
臺中市,西區,公?里,1101,1260,381,364,745,29,774
臺中市,西區,安龍里,1102,1399,369,467,836,26,862
臺中市,西區,安龍里,1103,1447,405,408,813,30,843
臺中市,西區,吉龍里,1104,1683,441,520,961,37,998
臺中市,西區,吉龍里,1105,1585,380,546,926,37,963
臺中市,西區,吉龍里,1106,1557,373,572,945,18,963
臺中市,西區,吉龍里,1107,1663,387,491,878,35,913
臺中市,西區,土庫里,1108,1921,517,582,1099,33,1132
臺中市,西區,土庫里,1109,1952,443,579,1022,30,1052
臺中市,西區,土庫里,1110,1708,426,531,957,34,991
臺中市,西區,大忠里,1111,1131,279,429,708,29,737
臺中市,西區,大忠里,1112,1916,413,608,1021,42,1063
臺中市,西區,大忠里,1113,1275,378,393,771,22,793
臺中市,西區,民龍里,1114,1822,368,562,930,42,972
臺中市,西區,民龍里,1115,1374,336,448,784,28,812
臺中市,西區,和龍里,1116,1129,304,322,626,37,663
臺中市,西區,和龍里,1117,1201,328,325,653,31,684
臺中市,西區,後龍里,1118,1639,390,494,884,45,929
臺中市,西區,後龍里,1119,1863,528,529,1057,44,1101
臺中市,西區,?龍里,1120,1287,342,477,819,18,837
臺中市,西區,?龍里,1121,1504,401,496,897,39,936
臺中市,西區,昇平里,1122,1308,346,398,744,26,770
臺中市,西區,昇平里,1123,1433,364,413,777,72,849
臺中市,西區,昇平里,1124,1450,366,442,808,30,838
臺中市,西區,昇平里,1125,1465,425,465,890,42,932
臺中市,西區,中興里,1126,1818,414,548,962,45,1007
臺中市,西區,中興里,1127,1782,511,509,1020,35,1055
臺中市,西區,公益里,1128,1428,420,443,863,31,894
臺中市,西區,公益里,1129,1366,236,472,708,25,733
臺中市,西區,公德里,1130,1498,366,461,827,31,858
臺中市,西區,公德里,1131,1350,375,437,812,24,836
臺中市,西區,公德里,1132,1339,327,481,808,18,826
臺中市,西區,公正里,1133,1613,425,523,948,25,973
臺中市,西區,公正里,1134,1454,339,487,826,30,856
臺中市,西區,公正里,1135,1597,467,491,958,27,985
臺中市,西區,公正里,1136,1411,361,513,874,27,901
臺中市,西區,公平里,1137,1493,390,459,849,43,892
臺中市,西區,公平里,1138,1600,361,585,946,39,985
臺中市,西區,公平里,1139,1710,409,526,935,37,972
臺中市,西區,忠明里,1140,1139,277,389,666,17,683
臺中市,西區,忠明里,1141,1105,241,417,658,29,687
臺中市,西區,忠明里,1142,1498,399,426,825,43,868
臺中市,西區,忠明里,1143,1921,455,520,975,37,1012
臺中市,西區,忠誠里,1144,1340,363,405,768,27,795
臺中市,西區,忠誠里,1145,1536,428,499,927,26,953
臺中市,西區,忠誠里,1146,1361,385,390,775,39,814
臺中市,西區,忠誠里,1147,1430,374,509,883,24,907
臺中市,東區,新庄里,1148,1138,259,193,452,23,475
臺中市,東區,新庄里,1149,984,257,302,559,19,578
臺中市,東區,新庄里,1150,877,241,265,506,26,532
臺中市,東區,振興里,1151,1070,336,324,660,32,692
臺中市,東區,振興里,1152,1106,333,334,667,30,697
臺中市,東區,振興里,1153,953,304,260,564,25,589
臺中市,東區,東橋里,1154,1195,348,377,725,19,744
臺中市,東區,東橋里,1155,1251,327,367,694,30,724
臺中市,東區,東橋里,1156,1190,380,308,688,37,725
臺中市,東區,東興里,1157,1394,380,390,770,27,797
臺中市,東區,東興里,1158,1443,441,435,876,40,916
臺中市,東區,泉源里,1159,762,230,204,434,27,461
臺中市,東區,泉源里,1160,1140,327,372,699,44,743
臺中市,東區,干城里,1161,1211,413,327,740,34,774
臺中市,東區,干城里,1162,755,179,283,462,21,483
臺中市,東區,旱溪里,1163,1491,377,425,802,45,847
臺中市,東區,旱溪里,1164,1000,281,272,553,17,570
臺中市,東區,樂成里,1165,1114,328,317,645,39,684
臺中市,東區,樂成里,1166,1101,403,221,624,27,651
臺中市,東區,東門里,1167,1169,381,327,708,46,754
臺中市,東區,東門里,1168,1283,370,400,770,52,822
臺中市,東區,東門里,1169,1168,331,379,710,35,745
臺中市,東區,東門里,1170,1386,384,373,757,37,794
臺中市,東區,東門里,1171,1557,423,459,882,36,918
臺中市,東區,十甲里,1172,1380,397,383,780,40,820
臺中市,東區,十甲里,1173,1674,419,541,960,36,996
臺中市,東區,十甲里,1174,1604,443,515,958,43,1001
臺中市,東區,東英里,1175,1815,476,572,1048,51,1099
臺中市,東區,東英里,1176,1700,422,497,919,44,963
臺中市,東區,東英里,1177,1592,385,492,877,38,915
臺中市,東區,東英里,1178,1850,451,538,989,42,1031
臺中市,東區,東南里,1179,1252,291,454,745,20,765
臺中市,東區,東南里,1180,1250,370,393,763,37,800
臺中市,東區,東南里,1181,1241,291,431,722,33,755
臺中市,東區,東勢里,1182,1318,343,346,689,30,719
臺中市,東區,東勢里,1183,1288,275,412,687,55,742
臺中市,東區,合作里,1184,1442,372,492,864,49,913
臺中市,東區,合作里,1185,1202,282,399,681,38,719
臺中市,東區,合作里,1186,1452,247,553,800,56,856
臺中市,東區,富仁里,1187,1480,306,490,796,38,834
臺中市,東區,富仁里,1188,1736,254,693,947,36,983
臺中市,東區,富仁里,1189,867,209,271,480,20,500
臺中市,東區,富台里,1190,1693,298,563,861,46,907
臺中市,東區,東信里,1191,1538,425,468,893,56,949
臺中市,東區,東信里,1192,1593,447,489,936,59,995
臺中市,東區,東信里,1193,1481,333,457,790,26,816
臺中市,東區,東信里,1194,1414,367,478,845,35,880
臺中市,東區,東信里,1195,1297,409,340,749,28,777
臺中市,東區,東信里,1196,1394,396,408,804,36,840
臺中市,南區,長春里,1197,937,287,258,545,32,577
臺中市,南區,長春里,1198,1001,296,342,638,21,659
臺中市,南區,長榮里,1199,1249,382,408,790,36,826
臺中市,南區,長榮里,1200,1202,381,415,796,30,826
臺中市,南區,城隍里,1201,1130,340,361,701,21,722
臺中市,南區,城隍里,1202,1239,375,369,744,43,787
臺中市,南區,城隍里,1203,1238,329,376,705,34,739
臺中市,南區,國光里,1204,1272,368,390,758,44,802
臺中市,南區,國光里,1205,1273,365,367,732,49,781
臺中市,南區,國光里,1206,1317,394,371,765,45,810
臺中市,南區,南門里,1207,1160,359,413,772,27,799
臺中市,南區,南門里,1208,1205,354,407,761,37,798
臺中市,南區,南門里,1209,1111,327,338,665,23,688
臺中市,南區,德義里,1210,1407,405,490,895,38,933
臺中市,南區,德義里,1211,1419,369,448,817,40,857
臺中市,南區,積善里,1212,1157,332,356,688,50,738
臺中市,南區,積善里,1213,1415,360,442,802,44,846
臺中市,南區,江川里,1214,1289,374,445,819,35,854
臺中市,南區,江川里,1215,1454,375,463,838,42,880
臺中市,南區,新榮里,1216,1491,322,497,819,58,877
臺中市,南區,新榮里,1217,1394,347,468,815,25,840
臺中市,南區,新榮里,1218,1430,393,428,821,51,872
臺中市,南區,福興里,1219,1342,381,430,811,46,857
臺中市,南區,福興里,1220,1304,414,411,825,64,889
臺中市,南區,福興里,1221,1190,294,439,733,32,765
臺中市,南區,福平里,1222,1273,330,395,725,37,762
臺中市,南區,福平里,1223,1387,516,354,870,38,908
臺中市,南區,福平里,1224,1356,372,424,796,33,829
臺中市,南區,福平里,1225,1304,316,476,792,33,825
臺中市,南區,福順里,1226,1256,350,450,800,24,824
臺中市,南區,福順里,1227,1364,387,469,856,19,875
臺中市,南區,福順里,1228,1361,384,425,809,47,856
臺中市,南區,福順里,1229,1407,334,518,852,20,872
臺中市,南區,和平里,1230,1308,361,406,767,36,803
臺中市,南區,和平里,1231,1250,463,255,718,29,747
臺中市,南區,和平里,1232,1284,337,379,716,29,745
臺中市,南區,平和里,1233,1175,322,402,724,44,768
臺中市,南區,平和里,1234,1158,353,389,742,30,772
臺中市,南區,平和里,1235,1168,307,389,696,30,726
臺中市,南區,南和里,1236,1626,399,590,989,51,1040
臺中市,南區,南和里,1237,2115,368,500,868,28,896
臺中市,南區,南和里,1238,1805,391,585,976,36,1012
臺中市,南區,南和里,1239,1695,392,548,940,26,966
臺中市,南區,永興里,1240,1643,408,610,1018,34,1052
臺中市,南區,永興里,1241,1423,370,489,859,33,892
臺中市,南區,永興里,1242,1542,342,555,897,32,929
臺中市,南區,永興里,1243,1533,376,528,904,30,934
臺中市,南區,永興里,1244,1531,418,534,952,41,993
臺中市,南區,永和里,1245,1392,371,391,762,30,792
臺中市,南區,永和里,1246,1592,368,510,878,42,920
臺中市,南區,永和里,1247,1431,405,455,860,40,900
臺中市,南區,樹義里,1248,1799,395,554,949,46,995
臺中市,南區,樹義里,1249,1708,483,550,1033,54,1087
臺中市,南區,樹義里,1250,1700,403,544,947,50,997
臺中市,南區,樹義里,1251,1751,428,628,1056,36,1092
臺中市,南區,樹義里,1252,2109,495,675,1170,49,1219
臺中市,南區,樹義里,1253,1697,393,565,958,54,1012
臺中市,南區,工學里,1254,1456,343,494,837,31,868
臺中市,南區,工學里,1255,1726,463,639,1102,45,1147
臺中市,南區,工學里,1256,1723,435,619,1054,42,1096
臺中市,南區,工學里,1257,1569,374,552,926,49,975
臺中市,南區,樹德里,1258,1274,363,423,786,17,803
臺中市,南區,樹德里,1259,1390,353,549,902,22,924
臺中市,南區,樹德里,1260,1295,316,516,832,22,854
臺中市,南區,樹德里,1261,1312,363,407,770,38,808
臺中市,南區,樹德里,1262,1417,467,411,878,28,906
臺中市,南區,樹德里,1263,1230,341,494,835,21,856
臺中市,南區,西川里,1264,1308,318,427,745,50,795
臺中市,南區,西川里,1265,1467,386,446,832,50,882
臺中市,南區,西川里,1266,1399,320,501,821,40,861
臺中市,南區,崇倫里,1267,1207,324,371,695,41,736
臺中市,南區,崇倫里,1268,1317,363,426,789,32,821
臺中市,南區,崇倫里,1269,1563,364,520,884,36,920
臺中市,南區,崇倫里,1270,1221,505,230,735,37,772
臺中市,太平區,太平里,1271,1821,422,514,936,64,1000
臺中市,太平區,太平里,1272,1680,373,469,842,40,882
臺中市,太平區,太平里,1273,1947,523,552,1075,55,1130
臺中市,太平區,長億里,1274,1910,480,603,1083,71,1154
臺中市,太平區,長億里,1275,1894,442,544,986,33,1019
臺中市,太平區,長億里,1276,1953,299,633,932,51,983
臺中市,太平區,永成里,1277,1846,445,561,1006,59,1065
臺中市,太平區,永成里,1278,1493,376,484,860,41,901
臺中市,太平區,永成里,1279,1605,373,379,752,51,803
臺中市,太平區,永成里,1280,1619,391,544,935,39,974
臺中市,太平區,中平里,1281,2011,488,564,1052,54,1106
臺中市,太平區,中平里,1282,2056,507,581,1088,34,1122
臺中市,太平區,中政里,1283,1876,436,540,976,57,1033
臺中市,太平區,中政里,1284,1815,365,577,942,52,994
臺中市,太平區,平安里,1285,1281,345,352,697,38,735
臺中市,太平區,平安里,1286,1004,299,318,617,37,654
臺中市,太平區,中興里,1287,1886,506,575,1081,50,1131
臺中市,太平區,中興里,1288,1431,374,432,806,59,865
臺中市,太平區,永平里,1289,1930,460,535,995,65,1060
臺中市,太平區,永平里,1290,2164,477,604,1081,44,1125
臺中市,太平區,東平里,1291,2048,400,674,1074,42,1116
臺中市,太平區,東平里,1292,2035,438,611,1049,45,1094
臺中市,太平區,成功里,1293,1685,401,484,885,51,936
臺中市,太平區,成功里,1294,2185,487,542,1029,53,1082
臺中市,太平區,東和里,1295,1176,277,349,626,29,655
臺中市,太平區,東和里,1296,1597,356,494,850,25,875
臺中市,太平區,建國里,1297,1378,286,412,698,52,750
臺中市,太平區,建國里,1298,1546,384,458,842,41,883
臺中市,太平區,建興里,1299,1890,380,528,908,53,961
臺中市,太平區,建興里,1300,1053,222,338,560,38,598
臺中市,太平區,坪林里,1301,1582,385,510,895,65,960
臺中市,太平區,坪林里,1302,1699,337,600,937,58,995
臺中市,太平區,大興里,1303,1493,327,442,769,47,816
臺中市,太平區,大興里,1304,1063,244,305,549,42,591
臺中市,太平區,勤益里,1305,1117,247,402,649,31,680
臺中市,太平區,勤益里,1306,1084,248,377,625,39,664
臺中市,太平區,光華里,1307,1776,409,515,924,40,964
臺中市,太平區,光華里,1308,1729,329,580,909,37,946
臺中市,太平區,光華里,1309,1658,314,486,800,45,845
臺中市,太平區,光明里,1310,2010,365,655,1020,57,1077
臺中市,太平區,光明里,1311,1752,320,576,896,43,939
臺中市,太平區,中山里,1312,1654,339,615,954,50,1004
臺中市,太平區,中山里,1313,1951,319,476,795,21,816
臺中市,太平區,豐年里,1314,2170,543,758,1301,64,1365
臺中市,太平區,豐年里,1315,2231,499,791,1290,54,1344
臺中市,太平區,宜欣里,1316,1623,383,542,925,33,958
臺中市,太平區,宜欣里,1317,1548,361,391,752,33,785
臺中市,太平區,宜欣里,1318,1442,346,438,784,37,821
臺中市,太平區,宜欣里,1319,1501,349,378,727,28,755
臺中市,太平區,宜佳里,1320,2025,404,565,969,34,1003
臺中市,太平區,宜佳里,1321,1885,377,583,960,41,1001
臺中市,太平區,宜佳里,1322,2155,446,566,1012,52,1064
臺中市,太平區,宜昌里,1323,1775,419,483,902,40,942
臺中市,太平區,宜昌里,1324,2021,346,515,861,54,915
臺中市,太平區,新坪里,1325,2075,448,716,1164,50,1214
臺中市,太平區,新坪里,1326,1723,337,530,867,39,906
臺中市,太平區,新坪里,1327,2049,431,669,1100,45,1145
臺中市,太平區,新坪里,1328,1415,292,471,763,23,786
臺中市,太平區,新吉里,1329,1778,450,549,999,28,1027
臺中市,太平區,新吉里,1330,1706,335,533,868,36,904
臺中市,太平區,新吉里,1331,2090,415,678,1093,41,1134
臺中市,太平區,新城里,1332,2093,373,632,1005,35,1040
臺中市,太平區,新城里,1333,1688,330,462,792,29,821
臺中市,太平區,新城里,1334,1488,310,409,719,40,759
臺中市,太平區,新光里,1335,1667,331,502,833,43,876
臺中市,太平區,新光里,1336,1793,422,567,989,41,1030
臺中市,太平區,新光里,1337,1903,433,614,1047,44,1091
臺中市,太平區,新光里,1338,1834,453,530,983,43,1026
臺中市,太平區,新興里,1339,1526,354,467,821,27,848
臺中市,太平區,新興里,1340,1483,392,524,916,27,943
臺中市,太平區,新興里,1341,1694,383,551,934,25,959
臺中市,太平區,新高里,1342,1952,421,530,951,29,980
臺中市,太平區,新高里,1343,1995,454,611,1065,31,1096
臺中市,太平區,新高里,1344,1311,333,414,747,17,764
臺中市,太平區,新高里,1345,1537,426,566,992,28,1020
臺中市,太平區,新福里,1346,1974,380,581,961,39,1000
臺中市,太平區,新福里,1347,1828,431,588,1019,35,1054
臺中市,太平區,新福里,1348,2191,450,609,1059,37,1096
臺中市,太平區,頭汴里,1349,1825,393,514,907,71,978
臺中市,太平區,聖和里,1350,1559,340,446,786,21,807
臺中市,太平區,東汴里,1351,1225,286,342,628,66,694
臺中市,太平區,興隆里,1352,1678,339,564,903,38,941
臺中市,太平區,興隆里,1353,1501,380,395,775,34,809
臺中市,太平區,福隆里,1354,1450,457,443,900,52,952
臺中市,太平區,福隆里,1355,2126,437,709,1146,66,1212
臺中市,太平區,黃竹里,1356,699,177,244,421,30,451
臺中市,太平區,光隆里,1357,1428,352,347,699,34,733
臺中市,太平區,光隆里,1358,1666,437,477,914,65,979
臺中市,太平區,永隆里,1359,1241,321,374,695,34,729
臺中市,太平區,永隆里,1360,1266,352,370,722,61,783
臺中市,太平區,德隆里,1361,1166,300,337,637,35,672
臺中市,太平區,德隆里,1362,1790,493,507,1000,58,1058
臺中市,太平區,德隆里,1363,1754,327,442,769,43,812
臺中市,大里區,東湖里,1364,1614,336,496,832,36,868
臺中市,大里區,東湖里,1365,1599,313,484,797,39,836
臺中市,大里區,東湖里,1366,1715,381,455,836,37,873
臺中市,大里區,東湖里,1367,1264,346,365,711,36,747
臺中市,大里區,東湖里,1368,1416,318,413,731,32,763
臺中市,大里區,東湖里,1369,1188,292,344,636,24,660
臺中市,大里區,東湖里,1370,1359,346,380,726,35,761
臺中市,大里區,西湖里,1371,1457,380,416,796,54,850
臺中市,大里區,西湖里,1372,1403,331,467,798,39,837
臺中市,大里區,大里里,1373,1697,441,478,919,47,966
臺中市,大里區,大里里,1374,1811,471,547,1018,73,1091
臺中市,大里區,新里里,1375,1830,400,544,944,44,988
臺中市,大里區,新里里,1376,2228,426,503,929,41,970
臺中市,大里區,新里里,1377,1997,471,611,1082,51,1133
臺中市,大里區,新里里,1378,2033,473,774,1247,43,1290
臺中市,大里區,新里里,1379,1835,502,564,1066,39,1105
臺中市,大里區,國光里,1380,1268,315,404,719,24,743
臺中市,大里區,國光里,1381,1645,369,556,925,36,961
臺中市,大里區,國光里,1382,1561,402,521,923,29,952
臺中市,大里區,國光里,1383,1301,332,496,828,20,848
臺中市,大里區,樹王里,1384,1621,441,400,841,54,895
臺中市,大里區,樹王里,1385,1797,426,506,932,54,986
臺中市,大里區,祥興里,1386,1230,296,360,656,28,684
臺中市,大里區,祥興里,1387,1488,329,450,779,39,818
臺中市,大里區,祥興里,1388,1459,353,408,761,45,806
臺中市,大里區,祥興里,1389,1647,434,463,897,43,940
臺中市,大里區,祥興里,1390,1100,416,242,658,48,706
臺中市,大里區,內新里,1391,1410,323,454,777,29,806
臺中市,大里區,內新里,1392,1807,363,556,919,45,964
臺中市,大里區,內新里,1393,1331,332,402,734,32,766
臺中市,大里區,內新里,1394,1801,390,546,936,35,971
臺中市,大里區,內新里,1395,1909,364,565,929,42,971
臺中市,大里區,中新里,1396,1699,373,464,837,34,871
臺中市,大里區,中新里,1397,1627,384,500,884,47,931
臺中市,大里區,中新里,1398,1912,403,605,1008,39,1047
臺中市,大里區,東昇里,1399,1753,397,484,881,66,947
臺中市,大里區,東昇里,1400,1602,365,499,864,38,902
臺中市,大里區,大元里,1401,1144,294,343,637,44,681
臺中市,大里區,大元里,1402,1655,446,493,939,37,976
臺中市,大里區,大元里,1403,1438,342,436,778,38,816
臺中市,大里區,夏田里,1404,1000,283,288,571,34,605
臺中市,大里區,仁化里,1405,1711,402,529,931,39,970
臺中市,大里區,仁化里,1406,1698,399,495,894,18,912
臺中市,大里區,仁化里,1407,1914,472,550,1022,58,1080
臺中市,大里區,仁化里,1408,1465,362,458,820,36,856
臺中市,大里區,仁化里,1409,1581,385,461,846,64,910
臺中市,大里區,仁德里,1410,1509,366,488,854,44,898
臺中市,大里區,仁德里,1411,1570,358,470,828,23,851
臺中市,大里區,仁德里,1412,1425,363,425,788,41,829
臺中市,大里區,仁德里,1413,1384,366,402,768,53,821
臺中市,大里區,健民里,1414,1204,295,298,593,22,615
臺中市,大里區,健民里,1415,1761,404,469,873,33,906
臺中市,大里區,健民里,1416,1473,299,398,697,27,724
臺中市,大里區,塗城里,1417,1675,421,478,899,49,948
臺中市,大里區,塗城里,1418,1755,406,550,956,42,998
臺中市,大里區,塗城里,1419,1593,419,471,890,67,957
臺中市,大里區,塗城里,1420,1799,470,485,955,53,1008
臺中市,大里區,塗城里,1421,1606,422,456,878,40,918
臺中市,大里區,東興里,1422,1875,459,555,1014,29,1043
臺中市,大里區,東興里,1423,1670,391,524,915,45,960
臺中市,大里區,東興里,1424,1898,453,558,1011,53,1064
臺中市,大里區,東興里,1425,1679,387,482,869,41,910
臺中市,大里區,大明里,1426,1373,322,398,720,39,759
臺中市,大里區,大明里,1427,1299,315,389,704,50,754
臺中市,大里區,大明里,1428,1430,337,452,789,30,819
臺中市,大里區,永隆里,1429,1805,466,642,1108,29,1137
臺中市,大里區,永隆里,1430,1806,469,685,1154,21,1175
臺中市,大里區,永隆里,1431,1826,478,675,1153,42,1195
臺中市,大里區,永隆里,1432,1805,432,714,1146,38,1184
臺中市,大里區,永隆里,1433,1907,464,650,1114,38,1152
臺中市,大里區,日新里,1434,1103,261,417,678,18,696
臺中市,大里區,日新里,1435,1419,301,438,739,49,788
臺中市,大里區,日新里,1436,1434,297,471,768,47,815
臺中市,大里區,西榮里,1437,1875,410,538,948,29,977
臺中市,大里區,西榮里,1438,1862,468,528,996,37,1033
臺中市,大里區,西榮里,1439,1850,414,569,983,27,1010
臺中市,大里區,長榮里,1440,1622,392,506,898,39,937
臺中市,大里區,長榮里,1441,1638,384,599,983,40,1023
臺中市,大里區,長榮里,1442,1633,447,537,984,50,1034
臺中市,大里區,長榮里,1443,1662,418,449,867,30,897
臺中市,大里區,長榮里,1444,1917,456,646,1102,34,1136
臺中市,大里區,金城里,1445,1701,401,452,853,42,895
臺中市,大里區,金城里,1446,1549,368,419,787,46,833
臺中市,大里區,金城里,1447,1567,382,517,899,49,948
臺中市,大里區,金城里,1448,1614,396,481,877,55,932
臺中市,大里區,金城里,1449,1811,450,533,983,66,1049
臺中市,大里區,金城里,1450,1336,333,392,725,38,763
臺中市,大里區,立仁里,1451,1759,422,511,933,48,981
臺中市,大里區,立仁里,1452,1783,395,494,889,59,948
臺中市,大里區,立仁里,1453,1736,373,457,830,52,882
臺中市,大里區,立德里,1454,1874,458,575,1033,42,1075
臺中市,大里區,立德里,1455,1889,531,535,1066,20,1086
臺中市,大里區,立德里,1456,1947,475,564,1039,55,1094
臺中市,大里區,立德里,1457,1938,464,629,1093,36,1129
臺中市,大里區,新仁里,1458,1836,433,532,965,60,1025
臺中市,大里區,新仁里,1459,1913,438,561,999,54,1053
臺中市,大里區,新仁里,1460,1913,444,536,980,60,1040
臺中市,大里區,新仁里,1461,1937,593,386,979,37,1016
臺中市,大里區,瑞城里,1462,1508,356,439,795,38,833
臺中市,大里區,瑞城里,1463,1340,345,439,784,24,808
臺中市,大里區,瑞城里,1464,1656,383,534,917,55,972
臺中市,大里區,瑞城里,1465,1290,289,412,701,35,736
臺中市,大里區,瑞城里,1466,1655,403,504,907,27,934
臺中市,大里區,瑞城里,1467,1260,279,350,629,15,644
臺中市,大里區,瑞城里,1468,1247,330,395,725,21,746
臺中市,大里區,瑞城里,1469,1548,367,468,835,33,868
臺中市,霧峰區,桐林里,1470,1205,308,406,714,36,750
臺中市,霧峰區,吉峰里,1471,1620,384,500,884,50,934
臺中市,霧峰區,吉峰里,1472,1559,371,529,900,62,962
臺中市,霧峰區,吉峰里,1473,1660,376,528,904,51,955
臺中市,霧峰區,吉峰里,1474,1602,375,565,940,48,988
臺中市,霧峰區,吉峰里,1475,1325,331,369,700,36,736
臺中市,霧峰區,吉峰里,1476,1515,347,497,844,51,895
臺中市,霧峰區,甲寅里,1477,1561,337,505,842,46,888
臺中市,霧峰區,甲寅里,1478,1691,396,473,869,51,920
臺中市,霧峰區,甲寅里,1479,1486,330,484,814,53,867
臺中市,霧峰區,本鄉里,1480,975,269,302,571,42,613
臺中市,霧峰區,本鄉里,1481,1358,333,470,803,43,846
臺中市,霧峰區,中正里,1482,1141,295,440,735,34,769
臺中市,霧峰區,中正里,1483,855,238,292,530,37,567
臺中市,霧峰區,錦榮里,1484,1202,285,395,680,72,752
臺中市,霧峰區,萊園里,1485,1078,273,302,575,40,615
臺中市,霧峰區,本堂里,1486,1456,369,492,861,43,904
臺中市,霧峰區,本堂里,1487,1573,384,554,938,28,966
臺中市,霧峰區,本堂里,1488,1591,362,536,898,49,947
臺中市,霧峰區,本堂里,1489,1214,313,435,748,38,786
臺中市,霧峰區,北柳里,1490,1267,304,382,686,47,733
臺中市,霧峰區,北柳里,1491,1277,325,390,715,50,765
臺中市,霧峰區,北柳里,1492,1366,388,374,762,34,796
臺中市,霧峰區,南柳里,1493,994,287,351,638,52,690
臺中市,霧峰區,南柳里,1494,863,213,316,529,28,557
臺中市,霧峰區,四德里,1495,1274,310,388,698,36,734
臺中市,霧峰區,四德里,1496,1162,300,316,616,50,666
臺中市,霧峰區,五福里,1497,1252,314,415,729,57,786
臺中市,霧峰區,五福里,1498,1322,352,382,734,55,789
臺中市,霧峰區,丁台里,1499,1116,313,356,669,43,712
臺中市,霧峰區,丁台里,1500,1156,355,316,671,69,740
臺中市,霧峰區,北勢里,1501,1147,296,396,692,52,744
臺中市,霧峰區,北勢里,1502,928,233,350,583,47,630
臺中市,霧峰區,南勢里,1503,1296,288,409,697,37,734
臺中市,霧峰區,萬豐里,1504,1314,351,325,676,46,722
臺中市,霧峰區,萬豐里,1505,1328,357,408,765,55,820
臺中市,霧峰區,舊正里,1506,989,278,277,555,46,601
臺中市,霧峰區,舊正里,1507,1088,262,362,624,60,684
臺中市,霧峰區,坑口里,1508,1363,300,506,806,45,851
臺中市,霧峰區,坑口里,1509,1573,396,520,916,50,966
臺中市,霧峰區,峰谷里,1510,1117,281,334,615,46,661
臺中市,霧峰區,六股里,1511,1342,362,458,820,54,874
臺中市,霧峰區,六股里,1512,1024,328,317,645,44,689
臺中市,東勢區,慶福里,1513,1299,276,399,675,51,726
臺中市,東勢區,慶東里,1514,1007,233,316,549,37,586
臺中市,東勢區,慶東里,1515,859,196,244,440,41,481
臺中市,東勢區,上城里,1516,991,242,353,595,55,650
臺中市,東勢區,下城里,1517,863,200,242,442,31,473
臺中市,東勢區,詒福里,1518,1628,362,496,858,69,927
臺中市,東勢區,新盛里,1519,1335,308,368,676,46,722
臺中市,東勢區,新盛里,1520,1092,266,399,665,34,699
臺中市,東勢區,新盛里,1521,1050,255,377,632,43,675
臺中市,東勢區,新盛里,1522,1431,269,518,787,43,830
臺中市,東勢區,福隆里,1523,1372,168,603,771,53,824
臺中市,東勢區,福隆里,1524,1412,294,505,799,43,842
臺中市,東勢區,福隆里,1525,878,184,299,483,37,520
臺中市,東勢區,隆興里,1526,1475,299,437,736,40,776
臺中市,東勢區,中嵙里,1527,872,159,298,457,23,480
臺中市,東勢區,中嵙里,1528,1006,199,339,538,38,576
臺中市,東勢區,泰昌里,1529,1222,237,437,674,28,702
臺中市,東勢區,泰昌里,1530,1228,284,489,773,42,815
臺中市,東勢區,泰昌里,1531,1036,236,389,625,25,650
臺中市,東勢區,上新里,1532,977,213,381,594,31,625
臺中市,東勢區,廣興里,1533,1395,251,521,772,32,804
臺中市,東勢區,延平里,1534,1169,268,421,689,51,740
臺中市,東勢區,延平里,1535,1027,246,349,595,48,643
臺中市,東勢區,南平里,1536,984,198,374,572,26,598
臺中市,東勢區,南平里,1537,866,190,365,555,31,586
臺中市,東勢區,東安里,1538,1031,253,361,614,27,641
臺中市,東勢區,中寧里,1539,865,188,348,536,40,576
臺中市,東勢區,北興里,1540,1357,265,550,815,49,864
臺中市,東勢區,粵寧里,1541,736,177,251,428,29,457
臺中市,東勢區,粵寧里,1542,1314,308,433,741,46,787
臺中市,東勢區,下新里,1543,1677,385,464,849,79,928
臺中市,東勢區,東新里,1544,950,225,327,552,28,580
臺中市,東勢區,東新里,1545,1007,219,378,597,36,633
臺中市,東勢區,興隆里,1546,1214,286,333,619,29,648
臺中市,東勢區,茂興里,1547,907,197,289,486,39,525
臺中市,東勢區,茂興里,1548,902,195,269,464,35,499
臺中市,東勢區,泰興里,1549,720,144,178,322,13,335
臺中市,東勢區,埤頭里,1550,666,157,173,330,14,344
臺中市,東勢區,明正里,1551,1361,316,386,702,49,751
臺中市,石岡區,石岡里,1552,1244,289,412,701,33,734
臺中市,石岡區,萬安里,1553,1539,366,477,843,34,877
臺中市,石岡區,九房里,1554,1202,314,354,668,47,715
臺中市,石岡區,金星里,1555,1272,293,346,639,58,697
臺中市,石岡區,龍興里,1556,652,155,217,372,19,391
臺中市,石岡區,萬興里,1557,1457,404,502,906,54,960
臺中市,石岡區,梅子里,1558,1836,441,561,1002,59,1061
臺中市,石岡區,土牛里,1559,1001,221,327,548,39,587
臺中市,石岡區,德興里,1560,1448,310,532,842,53,895
臺中市,石岡區,和盛里,1561,1229,287,420,707,59,766
臺中市,新社區,新社里,1562,1011,250,319,569,30,599
臺中市,新社區,新社里,1563,1195,271,411,682,35,717
臺中市,新社區,新社里,1564,1053,272,361,633,31,664
臺中市,新社區,復盛里,1565,961,186,233,419,28,447
臺中市,新社區,復盛里,1566,919,207,285,492,13,505
臺中市,新社區,中正里,1567,1367,330,456,786,59,845
臺中市,新社區,月湖里,1568,1010,286,262,548,35,583
臺中市,新社區,崑山里,1569,1169,334,237,571,38,609
臺中市,新社區,大南里,1570,989,251,284,535,30,565
臺中市,新社區,大南里,1571,894,228,271,499,14,513
臺中市,新社區,永源里,1572,1033,226,319,545,27,572
臺中市,新社區,永源里,1573,1058,198,269,467,23,490
臺中市,新社區,永源里,1574,845,226,204,430,20,450
臺中市,新社區,中興里,1575,576,112,247,359,27,386
臺中市,新社區,協成里,1576,1229,292,302,594,34,628
臺中市,新社區,協成里,1577,890,247,196,443,18,461
臺中市,新社區,協成里,1578,781,176,210,386,26,412
臺中市,新社區,東興里,1579,1244,250,406,656,30,686
臺中市,新社區,慶西里,1580,213,29,45,74,10,84
臺中市,新社區,慶西里,1581,676,151,155,306,26,332
臺中市,新社區,中和里,1582,585,70,191,261,22,283
臺中市,新社區,福興里,1583,938,180,329,509,31,540
臺中市,新社區,福興里,1584,224,39,66,105,5,110
臺中市,和平區,南勢里,1585,956,318,261,579,38,617
臺中市,和平區,南勢里,1586,963,202,399,601,27,628
臺中市,和平區,天輪里,1587,456,104,159,263,11,274
臺中市,和平區,博愛里,1588,1011,193,418,611,45,656
臺中市,和平區,博愛里,1589,636,133,239,372,12,384
臺中市,和平區,自由里,1590,270,58,114,172,10,182
臺中市,和平區,自由里,1591,460,75,265,340,17,357
臺中市,和平區,自由里,1592,321,75,151,226,17,243
臺中市,和平區,達觀里,1593,783,197,294,491,26,517
臺中市,和平區,達觀里,1594,336,62,152,214,17,231
臺中市,和平區,中坑里,1595,451,121,196,317,9,326
臺中市,和平區,梨山里,1596,366,82,114,196,11,207
臺中市,和平區,梨山里,1597,771,130,201,331,11,342
臺中市,和平區,梨山里,1598,574,100,189,289,29,318
臺中市,和平區,梨山里,1599,274,54,106,160,11,171
臺中市,和平區,平等里,1600,157,29,56,85,6,91
臺中市,和平區,平等里,1601,713,127,284,411,16,427
臺南市,後壁區,後壁里,1,743,246,154,400,29,429
臺南市,後壁區,後壁里,2,898,205,241,446,10,456
臺南市,後壁區,侯伯里,3,786,212,153,365,28,393
臺南市,後壁區,侯伯里,4,534,136,98,234,42,276
臺南市,後壁區,嘉苳里,5,1034,273,226,499,37,536
臺南市,後壁區,嘉苳里,6,232,77,23,100,8,108
臺南市,後壁區,土溝里,7,479,141,87,228,14,242
臺南市,後壁區,土溝里,8,837,233,157,390,30,420
臺南市,後壁區,上茄苳里,9,1085,342,182,524,22,546
臺南市,後壁區,上茄苳里,10,1157,303,184,487,9,496
臺南市,後壁區,菁豐里,11,755,185,170,355,36,391
臺南市,後壁區,菁豐里,12,458,123,118,241,23,264
臺南市,後壁區,菁寮里,13,371,85,88,173,13,186
臺南市,後壁區,菁寮里,14,676,182,121,303,34,337
臺南市,後壁區,菁寮里,15,428,104,77,181,12,193
臺南市,後壁區,新嘉里,16,547,170,71,241,12,253
臺南市,後壁區,新嘉里,17,455,132,80,212,24,236
臺南市,後壁區,長短樹里,18,984,234,161,395,44,439
臺南市,後壁區,長短樹里,19,483,140,66,206,29,235
臺南市,後壁區,長短樹里,20,536,110,105,215,16,231
臺南市,後壁區,竹新里,21,958,281,136,417,11,428
臺南市,後壁區,竹新里,22,441,141,101,242,13,255
臺南市,後壁區,新東里,23,677,216,133,349,38,387
臺南市,後壁區,新東里,24,996,281,217,498,44,542
臺南市,後壁區,頂安里,25,1255,290,257,547,25,572
臺南市,後壁區,長安里,26,678,177,131,308,13,321
臺南市,後壁區,長安里,27,553,138,104,242,8,250
臺南市,後壁區,福安里,28,616,159,89,248,11,259
臺南市,後壁區,福安里,29,1189,314,255,569,31,600
臺南市,白河區,白河里,30,1176,340,262,602,43,645
臺南市,白河區,白河里,31,546,158,121,279,7,286
臺南市,白河區,永安里,32,859,252,203,455,21,476
臺南市,白河區,永安里,33,946,300,213,513,27,540
臺南市,白河區,永安里,34,1116,320,242,562,31,593
臺南市,白河區,外角里,35,1397,321,236,557,25,582
臺南市,白河區,庄內里,36,756,160,149,309,16,325
臺南市,白河區,庄內里,37,871,223,184,407,27,434
臺南市,白河區,秀祐里,38,897,236,200,436,18,454
臺南市,白河區,河東里,39,784,172,109,281,19,300
臺南市,白河區,河東里,40,572,164,89,253,7,260
臺南市,白河區,虎山里,41,457,89,67,156,6,162
臺南市,白河區,大林里,42,600,138,85,223,13,236
臺南市,白河區,崁頭里,43,375,67,53,120,3,123
臺南市,白河區,六溪里,44,508,127,49,176,3,179
臺南市,白河區,關嶺里,45,631,125,83,208,9,217
臺南市,白河區,關嶺里,46,391,62,52,114,8,122
臺南市,白河區,仙草里,47,799,196,100,296,22,318
臺南市,白河區,仙草里,48,506,80,77,157,16,173
臺南市,白河區,詔豐里,49,832,266,137,403,15,418
臺南市,白河區,詔豐里,50,1179,320,239,559,21,580
臺南市,白河區,大竹里,51,744,178,111,289,13,302
臺南市,白河區,大竹里,52,699,156,114,270,13,283
臺南市,白河區,廣蓮里,53,633,183,73,256,12,268
臺南市,白河區,廣蓮里,54,859,272,162,434,30,464
臺南市,白河區,竹門里,55,884,193,172,365,34,399
臺南市,白河區,崎內里,56,740,113,85,198,8,206
臺南市,白河區,昇安里,57,1334,310,245,555,33,588
臺南市,白河區,汴頭里,58,723,191,133,324,39,363
臺南市,白河區,內角里,59,682,203,148,351,43,394
臺南市,白河區,馬稠後里,60,855,233,179,412,33,445
臺南市,白河區,馬稠後里,61,543,133,79,212,21,233
臺南市,東山區,東山里,62,1401,298,289,587,35,622
臺南市,東山區,東中里,63,1185,280,223,503,32,535
臺南市,東山區,東中里,64,1303,285,211,496,42,538
臺南市,東山區,東正里,65,732,167,117,284,16,300
臺南市,東山區,東正里,66,721,157,111,268,23,291
臺南市,東山區,大客里,67,1104,215,173,388,24,412
臺南市,東山區,三榮里,68,943,237,153,390,20,410
臺南市,東山區,科里里,69,653,82,91,173,3,176
臺南市,東山區,科里里,70,596,158,104,262,21,283
臺南市,東山區,東河里,71,878,241,133,374,32,406
臺南市,東山區,聖賢里,72,771,208,117,325,16,341
臺南市,東山區,聖賢里,73,483,95,98,193,20,213
臺南市,東山區,聖賢里,74,640,174,128,302,21,323
臺南市,東山區,南溪里,75,425,60,48,108,4,112
臺南市,東山區,水雲里,76,394,87,55,142,7,149
臺南市,東山區,林安里,77,373,109,62,171,21,192
臺南市,東山區,東原里,78,1257,214,223,437,28,465
臺南市,東山區,東原里,79,887,107,118,225,10,235
臺南市,東山區,嶺南里,80,658,124,69,193,11,204
臺南市,東山區,南勢里,81,1101,183,143,326,26,352
臺南市,東山區,青山里,82,1057,158,134,292,13,305
臺南市,東山區,高原里,83,639,131,156,287,17,304
臺南市,東山區,高原里,84,270,53,54,107,11,118
臺南市,鹽水區,水秀里,85,1037,289,230,519,48,567
臺南市,鹽水區,水秀里,86,480,135,111,246,13,259
臺南市,鹽水區,津城里,87,636,214,154,368,16,384
臺南市,鹽水區,津城里,88,321,101,74,175,8,183
臺南市,鹽水區,津城里,89,497,150,129,279,21,300
臺南市,鹽水區,月港里,90,759,240,205,445,16,461
臺南市,鹽水區,月港里,91,341,83,74,157,10,167
臺南市,鹽水區,月港里,92,507,142,132,274,13,287
臺南市,鹽水區,橋南里,93,863,236,157,393,21,414
臺南市,鹽水區,橋南里,94,1373,337,324,661,20,681
臺南市,鹽水區,橋南里,95,1507,389,342,731,30,761
臺南市,鹽水區,岸內里,96,1374,370,327,697,38,735
臺南市,鹽水區,岸內里,97,1244,320,264,584,23,607
臺南市,鹽水區,岸內里,98,1022,270,233,503,40,543
臺南市,鹽水區,汫水里,99,921,258,103,361,30,391
臺南市,鹽水區,義中里,100,847,275,161,436,27,463
臺南市,鹽水區,義中里,101,736,179,125,304,10,314
臺南市,鹽水區,三明里,102,761,246,146,392,8,400
臺南市,鹽水區,三明里,103,285,74,62,136,7,143
臺南市,鹽水區,三明里,104,493,125,89,214,16,230
臺南市,鹽水區,文昌里,105,621,161,95,256,11,267
臺南市,鹽水區,文昌里,106,392,104,54,158,7,165
臺南市,鹽水區,歡雅里,107,925,270,179,449,20,469
臺南市,鹽水區,歡雅里,108,728,200,122,322,14,336
臺南市,鹽水區,三和里,109,214,57,26,83,6,89
臺南市,鹽水區,三和里,110,387,101,78,179,7,186
臺南市,鹽水區,三和里,111,301,82,67,149,8,157
臺南市,鹽水區,竹林里,112,755,208,106,314,12,326
臺南市,鹽水區,竹林里,113,365,96,54,150,14,164
臺南市,鹽水區,?頭港里,114,935,244,187,431,27,458
臺南市,鹽水區,?頭港里,115,494,128,96,224,16,240
臺南市,新營區,忠政里,116,1693,327,449,776,29,805
臺南市,新營區,忠政里,117,1561,379,474,853,23,876
臺南市,新營區,忠政里,118,1487,349,445,794,21,815
臺南市,新營區,民權里,119,1232,305,341,646,14,660
臺南市,新營區,民權里,120,1067,256,287,543,16,559
臺南市,新營區,三仙里,121,1419,355,310,665,29,694
臺南市,新營區,三仙里,122,1466,385,410,795,28,823
臺南市,新營區,永平里,123,932,290,269,559,23,582
臺南市,新營區,永平里,124,1099,298,225,523,23,546
臺南市,新營區,永平里,125,757,195,174,369,18,387
臺南市,新營區,大宏里,126,888,243,243,486,20,506
臺南市,新營區,大宏里,127,1115,274,292,566,11,577
臺南市,新營區,大宏里,128,937,248,210,458,11,469
臺南市,新營區,王公里,129,1387,345,328,673,21,694
臺南市,新營區,王公里,130,1526,340,388,728,34,762
臺南市,新營區,王公里,131,1301,340,379,719,15,734
臺南市,新營區,新東里,132,1538,376,465,841,32,873
臺南市,新營區,新東里,133,1584,359,466,825,32,857
臺南市,新營區,新東里,134,1583,350,528,878,21,899
臺南市,新營區,新東里,135,1530,367,451,818,24,842
臺南市,新營區,中營里,136,1193,341,355,696,27,723
臺南市,新營區,土庫里,137,1439,322,275,597,16,613
臺南市,新營區,興業里,138,1438,351,433,784,34,818
臺南市,新營區,興業里,139,359,117,82,199,11,210
臺南市,新營區,南興里,140,1233,270,253,523,20,543
臺南市,新營區,南興里,141,1227,247,289,536,16,552
臺南市,新營區,民生里,142,1320,302,304,606,19,625
臺南市,新營區,民生里,143,1930,432,397,829,15,844
臺南市,新營區,新北里,144,1501,366,401,767,36,803
臺南市,新營區,新北里,145,1475,312,390,702,21,723
臺南市,新營區,新北里,146,1753,448,463,911,28,939
臺南市,新營區,新南里,147,1748,418,431,849,29,878
臺南市,新營區,新南里,148,1741,402,470,872,24,896
臺南市,新營區,新南里,149,1433,359,338,697,16,713
臺南市,新營區,民榮里,150,1595,399,406,805,29,834
臺南市,新營區,民榮里,151,959,228,223,451,15,466
臺南市,新營區,民榮里,152,1865,434,414,848,51,899
臺南市,新營區,埤寮里,153,1678,419,345,764,27,791
臺南市,新營區,護鎮里,154,1373,344,272,616,26,642
臺南市,新營區,太南里,155,1431,340,242,582,19,601
臺南市,新營區,太南里,156,291,82,38,120,2,122
臺南市,新營區,太北里,157,1749,400,372,772,25,797
臺南市,新營區,南紙里,158,1862,423,430,853,31,884
臺南市,新營區,南紙里,159,1821,439,488,927,63,990
臺南市,新營區,嘉芳里,160,1845,446,398,844,22,866
臺南市,新營區,姑爺里,161,542,134,84,218,8,226
臺南市,新營區,姑爺里,162,402,78,66,144,6,150
臺南市,新營區,五興里,163,703,204,176,380,31,411
臺南市,新營區,五興里,164,941,233,191,424,21,445
臺南市,柳營區,士林里,165,1166,303,235,538,42,580
臺南市,柳營區,士林里,166,625,209,134,343,10,353
臺南市,柳營區,光福里,167,738,174,145,319,28,347
臺南市,柳營區,光福里,168,834,254,214,468,16,484
臺南市,柳營區,中埕里,169,1104,308,209,517,27,544
臺南市,柳營區,東昇里,170,1015,272,218,490,9,499
臺南市,柳營區,東昇里,171,1720,427,442,869,76,945
臺南市,柳營區,八翁里,172,1391,331,297,628,38,666
臺南市,柳營區,人和里,173,425,102,100,202,5,207
臺南市,柳營區,人和里,174,318,72,60,132,12,144
臺南市,柳營區,太康里,175,753,204,164,368,21,389
臺南市,柳營區,太康里,176,730,162,153,315,34,349
臺南市,柳營區,重溪里,177,725,209,140,349,19,368
臺南市,柳營區,重溪里,178,787,236,167,403,26,429
臺南市,柳營區,重溪里,179,297,81,68,149,22,171
臺南市,柳營區,篤農里,180,673,196,151,347,31,378
臺南市,柳營區,篤農里,181,640,190,145,335,39,374
臺南市,柳營區,大農里,182,660,192,105,297,12,309
臺南市,柳營區,神農里,183,1212,306,216,522,43,565
臺南市,柳營區,神農里,184,202,53,35,88,5,93
臺南市,柳營區,果毅里,185,1049,269,204,473,49,522
臺南市,柳營區,果毅里,186,158,45,37,82,1,83
臺南市,柳營區,旭山里,187,921,223,201,424,40,464
臺南市,柳營區,旭山里,188,504,127,108,235,12,247
臺南市,柳營區,旭山里,189,157,41,26,67,2,69
臺南市,北門區,永隆里,190,484,129,97,226,9,235
臺南市,北門區,永隆里,191,401,73,90,163,7,170
臺南市,北門區,北門里,192,456,74,100,174,5,179
臺南市,北門區,北門里,193,382,132,69,201,15,216
臺南市,北門區,玉港里,194,356,113,64,177,14,191
臺南市,北門區,玉港里,195,389,117,58,175,4,179
臺南市,北門區,保吉里,196,742,174,145,319,3,322
臺南市,北門區,保吉里,197,599,126,124,250,14,264
臺南市,北門區,蚵寮里,198,594,115,126,241,10,251
臺南市,北門區,蚵寮里,199,572,120,116,236,17,253
臺南市,北門區,蚵寮里,200,318,73,40,113,2,115
臺南市,北門區,雙春里,201,473,96,80,176,7,183
臺南市,北門區,錦湖里,202,954,212,117,329,15,344
臺南市,北門區,慈安里,203,737,185,189,374,25,399
臺南市,北門區,三光里,204,679,138,112,250,8,258
臺南市,北門區,三光里,205,521,120,79,199,19,218
臺南市,北門區,文山里,206,632,164,93,257,7,264
臺南市,北門區,文山里,207,636,143,104,247,7,254
臺南市,學甲區,秀昌里,208,862,246,210,456,37,493
臺南市,學甲區,秀昌里,209,611,195,145,340,12,352
臺南市,學甲區,秀昌里,210,936,262,203,465,22,487
臺南市,學甲區,明宜里,211,1066,405,102,507,29,536
臺南市,學甲區,明宜里,212,869,269,199,468,17,485
臺南市,學甲區,慈福里,213,635,174,144,318,16,334
臺南市,學甲區,慈福里,214,822,208,171,379,12,391
臺南市,學甲區,慈福里,215,443,102,81,183,14,197
臺南市,學甲區,仁得里,216,1370,390,292,682,30,712
臺南市,學甲區,仁得里,217,1117,314,270,584,33,617
臺南市,學甲區,仁得里,218,1365,340,303,643,48,691
臺南市,學甲區,新達里,219,1489,360,307,667,53,720
臺南市,學甲區,新達里,220,627,171,85,256,20,276
臺南市,學甲區,新榮里,221,1052,318,198,516,15,531
臺南市,學甲區,新榮里,222,1183,272,294,566,19,585
臺南市,學甲區,大灣里,223,979,239,177,416,20,436
臺南市,學甲區,豐和里,224,1241,321,221,542,27,569
臺南市,學甲區,中洲里,225,843,202,139,341,14,355
臺南市,學甲區,中洲里,226,580,147,111,258,25,283
臺南市,學甲區,光華里,227,832,211,114,325,15,340
臺南市,學甲區,光華里,228,406,103,53,156,7,163
臺南市,學甲區,宅港里,229,818,244,161,405,25,430
臺南市,學甲區,平和里,230,1052,293,135,428,15,443
臺南市,學甲區,三慶里,231,578,161,95,256,10,266
臺南市,學甲區,三慶里,232,430,100,77,177,13,190
臺南市,學甲區,三慶里,233,361,89,78,167,7,174
臺南市,將軍區,長榮里,234,1110,358,244,602,37,639
臺南市,將軍區,西甲里,235,1418,398,305,703,24,727
臺南市,將軍區,西甲里,236,969,262,208,470,16,486
臺南市,將軍區,忠嘉里,237,519,164,122,286,29,315
臺南市,將軍區,忠嘉里,238,1106,248,277,525,23,548
臺南市,將軍區,忠嘉里,239,542,155,102,257,16,273
臺南市,將軍區,忠嘉里,240,315,65,60,125,5,130
臺南市,將軍區,苓仔寮里,241,584,138,105,243,16,259
臺南市,將軍區,苓仔寮里,242,398,115,79,194,5,199
臺南市,將軍區,苓仔寮里,243,608,167,98,265,10,275
臺南市,將軍區,苓仔寮里,244,442,118,108,226,10,236
臺南市,將軍區,巷埔里,245,650,192,85,277,10,287
臺南市,將軍區,巷埔里,246,573,153,71,224,9,233
臺南市,將軍區,將軍里,247,617,158,109,267,10,277
臺南市,將軍區,將軍里,248,573,182,100,282,15,297
臺南市,將軍區,將軍里,249,434,120,90,210,14,224
臺南市,將軍區,玉山里,250,849,242,121,363,15,378
臺南市,將軍區,廣山里,251,645,129,118,247,23,270
臺南市,將軍區,長沙里,252,690,184,99,283,15,298
臺南市,將軍區,長沙里,253,663,135,88,223,11,234
臺南市,將軍區,平沙里,254,1175,318,203,521,18,539
臺南市,將軍區,鯤鯓里,255,837,237,109,346,12,358
臺南市,將軍區,鯤鯓里,256,1061,331,182,513,44,557
臺南市,將軍區,鯤溟里,257,976,282,135,417,11,428
臺南市,七股區,後港里,258,534,160,101,261,10,271
臺南市,七股區,後港里,259,508,185,102,287,8,295
臺南市,七股區,大潭里,260,665,177,96,273,4,277
臺南市,七股區,篤加里,261,834,217,141,358,20,378
臺南市,七股區,頂山里,262,810,221,132,353,13,366
臺南市,七股區,西寮里,263,480,138,59,197,11,208
臺南市,七股區,?埕里,264,445,155,65,220,12,232
臺南市,七股區,中寮里,265,680,176,83,259,7,266
臺南市,七股區,龍山里,266,838,229,130,359,16,375
臺南市,七股區,龍山里,267,780,207,109,316,17,333
臺南市,七股區,溪南里,268,350,105,82,187,10,197
臺南市,七股區,七股里,269,907,290,210,500,36,536
臺南市,七股區,玉成里,270,780,192,171,363,15,378
臺南市,七股區,大埕里,271,1658,388,336,724,27,751
臺南市,七股區,大埕里,272,913,242,170,412,21,433
臺南市,七股區,樹林里,273,1202,315,265,580,34,614
臺南市,七股區,樹林里,274,696,161,108,269,7,276
臺南市,七股區,竹橋里,275,647,188,128,316,24,340
臺南市,七股區,竹橋里,276,622,217,146,363,36,399
臺南市,七股區,義合里,277,1175,346,288,634,46,680
臺南市,七股區,義合里,278,698,194,127,321,12,333
臺南市,七股區,永吉里,279,983,272,205,477,42,519
臺南市,七股區,三股里,280,1366,293,250,543,26,569
臺南市,七股區,十份里,281,1379,330,244,574,47,621
臺南市,佳里區,東寧里,282,1391,440,305,745,34,779
臺南市,佳里區,東寧里,283,829,270,218,488,15,503
臺南市,佳里區,忠仁里,284,1401,366,292,658,14,672
臺南市,佳里區,忠仁里,285,1452,329,315,644,17,661
臺南市,佳里區,鎮山里,286,1382,378,298,676,48,724
臺南市,佳里區,鎮山里,287,1463,399,354,753,38,791
臺南市,佳里區,鎮山里,288,1280,361,266,627,22,649
臺南市,佳里區,鎮山里,289,1486,434,328,762,41,803
臺南市,佳里區,安西里,290,1378,412,316,728,43,771
臺南市,佳里區,安西里,291,1505,409,399,808,35,843
臺南市,佳里區,安西里,292,1860,511,430,941,33,974
臺南市,佳里區,安西里,293,1134,296,297,593,40,633
臺南市,佳里區,文新里,294,1426,408,342,750,22,772
臺南市,佳里區,文新里,295,1779,459,440,899,44,943
臺南市,佳里區,文新里,296,1906,470,549,1019,31,1050
臺南市,佳里區,建南里,297,1425,383,330,713,35,748
臺南市,佳里區,建南里,298,1255,348,286,634,28,662
臺南市,佳里區,建南里,299,1524,352,368,720,41,761
臺南市,佳里區,南勢里,300,1631,417,390,807,26,833
臺南市,佳里區,南勢里,301,1546,432,405,837,38,875
臺南市,佳里區,南勢里,302,1187,365,314,679,30,709
臺南市,佳里區,六安里,303,1381,381,342,723,20,743
臺南市,佳里區,六安里,304,1364,376,304,680,19,699
臺南市,佳里區,六安里,305,1314,356,347,703,11,714
臺南市,佳里區,佳化里,306,1164,357,269,626,33,659
臺南市,佳里區,佳化里,307,961,283,210,493,27,520
臺南市,佳里區,佳興里,308,1218,373,255,628,33,661
臺南市,佳里區,佳興里,309,919,297,223,520,14,534
臺南市,佳里區,營溪里,310,689,200,147,347,32,379
臺南市,佳里區,營溪里,311,383,106,79,185,7,192
臺南市,佳里區,海澄里,312,1507,336,343,679,44,723
臺南市,佳里區,海澄里,313,702,193,141,334,15,349
臺南市,佳里區,下營里,314,907,282,206,488,20,508
臺南市,佳里區,下營里,315,937,288,248,536,25,561
臺南市,佳里區,塭內里,316,1030,329,211,540,23,563
臺南市,佳里區,塭內里,317,981,318,187,505,21,526
臺南市,佳里區,塭內里,318,787,245,144,389,13,402
臺南市,佳里區,民安里,319,1513,434,306,740,52,792
臺南市,佳里區,子龍里,320,714,183,121,304,15,319
臺南市,佳里區,子龍里,321,745,212,138,350,27,377
臺南市,佳里區,子龍里,322,951,289,152,441,21,462
臺南市,西港區,西港里,323,933,240,212,452,20,472
臺南市,西港區,西港里,324,901,273,197,470,19,489
臺南市,西港區,西港里,325,1314,342,285,627,28,655
臺南市,西港區,慶安里,326,1349,348,307,655,46,701
臺南市,西港區,慶安里,327,1014,306,235,541,36,577
臺南市,西港區,慶安里,328,1900,396,354,750,24,774
臺南市,西港區,南海里,329,1663,449,323,772,36,808
臺南市,西港區,南海里,330,738,241,123,364,11,375
臺南市,西港區,港東里,331,1211,313,304,617,47,664
臺南市,西港區,港東里,332,382,113,61,174,20,194
臺南市,西港區,檨林里,333,786,212,142,354,21,375
臺南市,西港區,檨林里,334,838,212,181,393,22,415
臺南市,西港區,後營里,335,1449,401,232,633,29,662
臺南市,西港區,營西里,336,1479,365,270,635,25,660
臺南市,西港區,金砂里,337,763,239,156,395,38,433
臺南市,西港區,劉厝里,338,1297,358,254,612,18,630
臺南市,西港區,竹林里,339,1393,387,277,664,21,685
臺南市,西港區,永樂里,340,958,207,165,372,25,397
臺南市,西港區,永樂里,341,391,128,90,218,7,225
臺南市,西港區,新復里,342,805,207,193,400,30,430
臺南市,下營區,下營里,343,1558,443,223,666,32,698
臺南市,下營區,仁里里,344,1112,258,205,463,23,486
臺南市,下營區,仁里里,345,893,251,155,406,26,432
臺南市,下營區,宅內里,346,1623,367,322,689,34,723
臺南市,下營區,後街里,347,1568,396,335,731,50,781
臺南市,下營區,新興里,348,985,247,228,475,36,511
臺南市,下營區,新興里,349,953,238,198,436,14,450
臺南市,下營區,營前里,350,1031,273,212,485,25,510
臺南市,下營區,營前里,351,1077,300,263,563,48,611
臺南市,下營區,大吉里,352,703,177,117,294,21,315
臺南市,下營區,大吉里,353,854,201,165,366,14,380
臺南市,下營區,茅營里,354,1164,386,201,587,32,619
臺南市,下營區,茅營里,355,1091,298,187,485,19,504
臺南市,下營區,開化里,356,959,263,203,466,31,497
臺南市,下營區,開化里,357,935,262,186,448,22,470
臺南市,下營區,西連里,358,893,301,167,468,23,491
臺南市,下營區,賀建里,359,1293,399,225,624,52,676
臺南市,下營區,紅甲里,360,1185,382,202,584,53,637
臺南市,下營區,紅甲里,361,1070,290,170,460,21,481
臺南市,六甲區,六甲里,362,819,248,192,440,32,472
臺南市,六甲區,六甲里,363,645,198,144,342,11,353
臺南市,六甲區,六甲里,364,1444,398,261,659,29,688
臺南市,六甲區,甲東里,365,1554,393,289,682,26,708
臺南市,六甲區,甲東里,366,1171,287,216,503,33,536
臺南市,六甲區,甲南里,367,1351,360,268,628,32,660
臺南市,六甲區,七甲里,368,1010,252,188,440,41,481
臺南市,六甲區,七甲里,369,919,244,164,408,40,448
臺南市,六甲區,二甲里,370,1369,390,259,649,39,688
臺南市,六甲區,二甲里,371,976,281,197,478,40,518
臺南市,六甲區,二甲里,372,1015,313,217,530,32,562
臺南市,六甲區,水林里,373,1176,308,227,535,20,555
臺南市,六甲區,水林里,374,939,266,203,469,23,492
臺南市,六甲區,中社里,375,712,210,140,350,31,381
臺南市,六甲區,中社里,376,881,225,213,438,25,463
臺南市,六甲區,龜港里,377,1184,337,328,665,30,695
臺南市,六甲區,菁埔里,378,599,195,163,358,20,378
臺南市,六甲區,王爺里,379,759,144,115,259,7,266
臺南市,六甲區,大丘里,380,621,133,102,235,17,252
臺南市,麻豆區,新興里,381,1205,373,239,612,21,633
臺南市,麻豆區,新興里,382,660,226,129,355,18,373
臺南市,麻豆區,巷口里,383,523,191,107,298,9,307
臺南市,麻豆區,巷口里,384,1597,446,347,793,35,828
臺南市,麻豆區,東角里,385,1262,385,294,679,30,709
臺南市,麻豆區,東角里,386,1325,408,329,737,27,764
臺南市,麻豆區,?江里,387,1384,421,272,693,28,721
臺南市,麻豆區,?江里,388,1121,391,200,591,13,604
臺南市,麻豆區,中興里,389,1021,297,203,500,11,511
臺南市,麻豆區,中興里,390,954,279,197,476,18,494
臺南市,麻豆區,興農里,391,1513,433,272,705,25,730
臺南市,麻豆區,油車里,392,1726,469,308,777,30,807
臺南市,麻豆區,油車里,393,1804,504,375,879,44,923
臺南市,麻豆區,北勢里,394,1106,365,178,543,21,564
臺南市,麻豆區,大埕里,395,1503,473,333,806,22,828
臺南市,麻豆區,大埕里,396,1302,395,249,644,31,675
臺南市,麻豆區,清水里,397,645,191,144,335,10,345
臺南市,麻豆區,清水里,398,777,272,146,418,24,442
臺南市,麻豆區,南勢里,399,1612,420,316,736,57,793
臺南市,麻豆區,南勢里,400,718,195,138,333,5,338
臺南市,麻豆區,寮?里,401,1656,470,276,746,27,773
臺南市,麻豆區,埤頭里,402,1355,392,243,635,40,675
臺南市,麻豆區,埤頭里,403,977,283,140,423,10,433
臺南市,麻豆區,海埔里,404,1012,304,176,480,21,501
臺南市,麻豆區,海埔里,405,626,234,120,354,15,369
臺南市,麻豆區,海埔里,406,467,121,59,180,3,183
臺南市,麻豆區,港尾里,407,1260,365,238,603,18,621
臺南市,麻豆區,麻口里,408,1111,369,214,583,29,612
臺南市,麻豆區,安業里,409,550,210,103,313,19,332
臺南市,麻豆區,安業里,410,798,291,121,412,21,433
臺南市,麻豆區,謝厝寮里,411,852,295,177,472,43,515
臺南市,麻豆區,謝厝寮里,412,830,295,138,433,5,438
臺南市,麻豆區,安正里,413,941,247,182,429,17,446
臺南市,麻豆區,井東里,414,1158,414,201,615,28,643
臺南市,麻豆區,井東里,415,612,161,120,281,9,290
臺南市,官田區,官田里,416,1104,271,238,509,8,517
臺南市,官田區,官田里,417,965,265,183,448,26,474
臺南市,官田區,二鎮里,418,1402,426,276,702,29,731
臺南市,官田區,二鎮里,419,1653,533,313,846,67,913
臺南市,官田區,烏山頭里,420,966,302,146,448,28,476
臺南市,官田區,烏山頭里,421,284,72,49,121,7,128
臺南市,官田區,大崎里,422,402,89,46,135,4,139
臺南市,官田區,隆田里,423,982,275,217,492,7,499
臺南市,官田區,隆田里,424,975,238,186,424,22,446
臺南市,官田區,隆本里,425,802,194,179,373,26,399
臺南市,官田區,隆本里,426,1118,327,256,583,27,610
臺南市,官田區,隆本里,427,1455,366,344,710,24,734
臺南市,官田區,南?里,428,1208,353,243,596,25,621
臺南市,官田區,東西庄里,429,1293,451,189,640,48,688
臺南市,官田區,東西庄里,430,607,221,65,286,14,300
臺南市,官田區,渡拔里,431,501,127,102,229,19,248
臺南市,官田區,渡拔里,432,728,221,148,369,37,406
臺南市,官田區,渡拔里,433,842,248,166,414,22,436
臺南市,官田區,渡拔里,434,515,151,105,256,24,280
臺南市,官田區,社子里,435,873,245,163,408,20,428
臺南市,大內區,石湖里,436,759,173,131,304,25,329
臺南市,大內區,石湖里,437,262,35,55,90,0,90
臺南市,大內區,石林里,438,646,176,89,265,8,273
臺南市,大內區,石城里,439,1473,340,238,578,32,610
臺南市,大內區,內江里,440,915,258,211,469,35,504
臺南市,大內區,大內里,441,779,246,179,425,32,457
臺南市,大內區,內郭里,442,637,241,140,381,15,396
臺南市,大內區,頭社里,443,993,276,185,461,35,496
臺南市,大內區,環湖里,444,766,173,219,392,20,412
臺南市,大內區,二溪里,445,841,236,183,419,33,452
臺南市,大內區,曲溪里,446,583,163,107,270,24,294
臺南市,楠西區,楠西里,447,978,187,262,449,28,477
臺南市,楠西區,楠西里,448,870,187,265,452,27,479
臺南市,楠西區,灣丘里,449,1160,186,217,403,8,411
臺南市,楠西區,密枝里,450,699,130,148,278,23,301
臺南市,楠西區,照興里,451,990,168,209,377,16,393
臺南市,楠西區,鹿田里,452,928,191,209,400,22,422
臺南市,楠西區,龜丹里,453,660,146,143,289,42,331
臺南市,楠西區,東勢里,454,1187,253,293,546,45,591
臺南市,楠西區,東勢里,455,1056,202,283,485,28,513
臺南市,南化區,南化里,456,690,190,169,359,19,378
臺南市,南化區,南化里,457,695,172,193,365,25,390
臺南市,南化區,小崙里,458,806,165,163,328,39,367
臺南市,南化區,東和里,459,654,118,127,245,27,272
臺南市,南化區,西埔里,460,783,142,124,266,21,287
臺南市,南化區,中坑里,461,425,100,94,194,13,207
臺南市,南化區,北平里,462,559,138,123,261,18,279
臺南市,南化區,北寮里,463,1189,241,264,505,18,523
臺南市,南化區,玉山里,464,1044,224,293,517,25,542
臺南市,南化區,關山里,465,941,200,261,461,28,489
臺南市,玉井區,玉井里,466,1242,268,328,596,22,618
臺南市,玉井區,玉田里,467,1141,234,333,567,30,597
臺南市,玉井區,玉田里,468,698,167,161,328,20,348
臺南市,玉井區,玉田里,469,849,188,222,410,17,427
臺南市,玉井區,玉田里,470,949,194,293,487,29,516
臺南市,玉井區,中正里,471,618,137,162,299,23,322
臺南市,玉井區,中正里,472,594,125,139,264,12,276
臺南市,玉井區,竹圍里,473,927,205,182,387,14,401
臺南市,玉井區,竹圍里,474,512,122,126,248,32,280
臺南市,玉井區,沙田里,475,509,97,130,227,18,245
臺南市,玉井區,三埔里,476,496,124,123,247,25,272
臺南市,玉井區,三和里,477,759,165,188,353,13,366
臺南市,玉井區,望明里,478,669,128,128,256,8,264
臺南市,玉井區,望明里,479,787,193,145,338,45,383
臺南市,玉井區,層林里,480,620,148,117,265,36,301
臺南市,玉井區,豐里里,481,987,200,268,468,36,504
臺南市,左鎮區,光和里,482,392,92,87,179,14,193
臺南市,左鎮區,榮和里,483,644,173,138,311,28,339
臺南市,左鎮區,左鎮里,484,468,115,70,185,9,194
臺南市,左鎮區,中正里,485,753,152,146,298,31,329
臺南市,左鎮區,睦光里,486,345,70,73,143,17,160
臺南市,左鎮區,內庄里,487,393,75,85,160,16,176
臺南市,左鎮區,岡林里,488,420,115,83,198,11,209
臺南市,左鎮區,草山里,489,313,60,61,121,7,128
臺南市,左鎮區,二寮里,490,186,50,23,73,2,75
臺南市,左鎮區,澄山里,491,504,149,54,203,28,231
臺南市,善化區,東關里,492,1132,252,249,501,32,533
臺南市,善化區,坐駕里,493,1845,398,467,865,88,953
臺南市,善化區,坐駕里,494,2090,491,515,1006,49,1055
臺南市,善化區,光文里,495,1582,430,397,827,53,880
臺南市,善化區,光文里,496,1901,541,477,1018,41,1059
臺南市,善化區,光文里,497,1818,493,421,914,55,969
臺南市,善化區,文昌里,498,1639,417,397,814,43,857
臺南市,善化區,文昌里,499,1061,304,264,568,25,593
臺南市,善化區,南關里,500,1786,510,438,948,60,1008
臺南市,善化區,頂街里,501,1147,332,284,616,29,645
臺南市,善化區,文正里,502,1581,390,352,742,50,792
臺南市,善化區,胡家里,503,1240,393,212,605,64,669
臺南市,善化區,胡厝里,504,1743,427,294,721,27,748
臺南市,善化區,什乃里,505,1246,366,301,667,52,719
臺南市,善化區,溪美里,506,961,251,211,462,30,492
臺南市,善化區,溪美里,507,938,240,201,441,11,452
臺南市,善化區,六分里,508,722,243,147,390,12,402
臺南市,善化區,六德里,509,1062,315,207,522,11,533
臺南市,善化區,田寮里,510,1715,480,342,822,66,888
臺南市,善化區,昌隆里,511,1120,312,203,515,39,554
臺南市,善化區,昌隆里,512,865,231,167,398,38,436
臺南市,善化區,牛庄里,513,1574,455,327,782,45,827
臺南市,善化區,嘉北里,514,1535,376,289,665,39,704
臺南市,善化區,嘉南里,515,1106,328,208,536,55,591
臺南市,善化區,小新里,516,1402,380,289,669,41,710
臺南市,善化區,小新里,517,1458,393,412,805,71,876
臺南市,善化區,小新里,518,1380,320,303,623,20,643
臺南市,善化區,蓮潭里,519,1232,330,302,632,11,643
臺南市,善化區,蓮潭里,520,1069,317,253,570,13,583
臺南市,安定區,蘇林里,521,1251,401,333,734,50,784
臺南市,安定區,蘇林里,522,899,278,191,469,35,504
臺南市,安定區,蘇厝里,523,1106,320,252,572,36,608
臺南市,安定區,蘇厝里,524,948,259,235,494,42,536
臺南市,安定區,安定里,525,1442,347,313,660,47,707
臺南市,安定區,安加里,526,1385,374,291,665,38,703
臺南市,安定區,安加里,527,801,204,225,429,32,461
臺南市,安定區,港尾里,528,736,204,131,335,18,353
臺南市,安定區,港尾里,529,781,191,181,372,36,408
臺南市,安定區,中榮里,530,795,232,179,411,27,438
臺南市,安定區,中榮里,531,862,268,201,469,43,512
臺南市,安定區,港口里,532,1487,376,343,719,20,739
臺南市,安定區,港口里,533,1385,361,339,700,25,725
臺南市,安定區,港南里,534,1518,415,291,706,33,739
臺南市,安定區,港南里,535,1094,309,293,602,41,643
臺南市,安定區,嘉同里,536,1590,460,331,791,87,878
臺南市,安定區,嘉同里,537,754,196,201,397,34,431
臺南市,安定區,中沙里,538,716,197,184,381,33,414
臺南市,安定區,新吉里,539,1492,419,348,767,46,813
臺南市,安定區,新吉里,540,943,291,183,474,46,520
臺南市,安定區,海寮里,541,1157,439,166,605,28,633
臺南市,安定區,海寮里,542,1384,398,310,708,65,773
臺南市,安定區,文科里,543,967,308,198,506,27,533
臺南市,安定區,文科里,544,611,153,176,329,19,348
臺南市,新市區,新市里,545,960,249,216,465,17,482
臺南市,新市區,新市里,546,1118,346,292,638,20,658
臺南市,新市區,新市里,547,850,198,206,404,16,420
臺南市,新市區,新和里,548,1241,323,304,627,38,665
臺南市,新市區,新和里,549,1297,379,308,687,25,712
臺南市,新市區,新和里,550,962,233,291,524,22,546
臺南市,新市區,新和里,551,1237,333,335,668,35,703
臺南市,新市區,新和里,552,1326,372,306,678,39,717
臺南市,新市區,社內里,553,1211,578,85,663,35,698
臺南市,新市區,社內里,554,1305,386,263,649,23,672
臺南市,新市區,大洲里,555,688,180,171,351,27,378
臺南市,新市區,豐華里,556,911,261,232,493,25,518
臺南市,新市區,三舍里,557,1525,410,313,723,26,749
臺南市,新市區,大營里,558,1091,218,234,452,5,457
臺南市,新市區,大營里,559,1122,301,253,554,17,571
臺南市,新市區,大營里,560,1049,260,252,512,20,532
臺南市,新市區,大社里,561,1564,433,294,727,19,746
臺南市,新市區,大社里,562,1515,404,379,783,36,819
臺南市,新市區,大社里,563,1378,388,343,731,20,751
臺南市,新市區,潭頂里,564,827,267,206,473,42,515
臺南市,新市區,潭頂里,565,960,325,241,566,47,613
臺南市,新市區,港墘里,566,951,240,219,459,42,501
臺南市,新市區,港墘里,567,1264,359,295,654,42,696
臺南市,新市區,港墘里,568,1173,343,264,607,22,629
臺南市,新市區,永就里,569,684,199,177,376,21,397
臺南市,新市區,永就里,570,1055,326,272,598,50,648
臺南市,新市區,永就里,571,1122,359,312,671,26,697
臺南市,山上區,明和里,572,855,189,141,330,36,366
臺南市,山上區,明和里,573,836,204,116,320,24,344
臺南市,山上區,南洲里,574,753,202,138,340,38,378
臺南市,山上區,南洲里,575,788,221,143,364,15,379
臺南市,山上區,山上里,576,984,253,216,469,31,500
臺南市,山上區,新莊里,577,972,255,176,431,16,447
臺南市,山上區,玉?里,578,553,93,84,177,3,180
臺南市,山上區,平陽里,579,378,79,80,159,8,167
臺南市,山上區,豐德里,580,392,92,76,168,21,189
臺南市,新化區,武安里,581,746,197,233,430,24,454
臺南市,新化區,武安里,582,1102,332,290,622,33,655
臺南市,新化區,武安里,583,370,110,94,204,18,222
臺南市,新化區,武安里,584,947,255,261,516,51,567
臺南市,新化區,東榮里,585,1154,282,288,570,41,611
臺南市,新化區,東榮里,586,1082,301,250,551,56,607
臺南市,新化區,東榮里,587,1075,276,298,574,37,611
臺南市,新化區,東榮里,588,640,184,146,330,10,340
臺南市,新化區,護國里,589,410,111,96,207,14,221
臺南市,新化區,護國里,590,533,119,135,254,28,282
臺南市,新化區,護國里,591,836,234,228,462,17,479
臺南市,新化區,護國里,592,978,194,216,410,15,425
臺南市,新化區,太平里,593,1348,438,290,728,27,755
臺南市,新化區,太平里,594,1015,230,278,508,32,540
臺南市,新化區,太平里,595,1228,293,270,563,34,597
臺南市,新化區,太平里,596,789,242,195,437,20,457
臺南市,新化區,協興里,597,1022,259,260,519,29,548
臺南市,新化區,協興里,598,1021,254,267,521,16,537
臺南市,新化區,協興里,599,1229,334,335,669,46,715
臺南市,新化區,唪口里,600,1153,280,303,583,21,604
臺南市,新化區,唪口里,601,1012,267,181,448,16,464
臺南市,新化區,北勢里,602,1458,397,371,768,43,811
臺南市,新化區,豐榮里,603,1645,414,456,870,55,925
臺南市,新化區,豐榮里,604,1016,285,275,560,33,593
臺南市,新化區,豐榮里,605,559,154,134,288,9,297
臺南市,新化區,全興里,606,1222,320,339,659,22,681
臺南市,新化區,全興里,607,1562,397,387,784,37,821
臺南市,新化區,崙頂里,608,994,252,204,456,22,478
臺南市,新化區,崙頂里,609,1013,277,237,514,50,564
臺南市,新化區,知義里,610,1197,345,288,633,48,681
臺南市,新化區,知義里,611,1021,257,213,470,51,521
臺南市,新化區,山?里,612,1428,328,280,608,47,655
臺南市,新化區,大坑里,613,456,127,81,208,13,221
臺南市,新化區,??拔里,614,1037,276,271,547,43,590
臺南市,新化區,??拔里,615,1097,293,276,569,47,616
臺南市,新化區,羊林里,616,902,236,226,462,40,502
臺南市,新化區,礁坑里,617,999,296,179,475,45,520
臺南市,安南區,東和里,618,2549,671,649,1320,36,1356
臺南市,安南區,??南里,619,2321,605,572,1177,44,1221
臺南市,安南區,??南里,620,2156,608,555,1163,37,1200
臺南市,安南區,州南里,621,1662,502,426,928,49,977
臺南市,安南區,州南里,622,1512,426,415,841,58,899
臺南市,安南區,州南里,623,1625,405,374,779,51,830
臺南市,安南區,安順里,624,2143,473,465,938,56,994
臺南市,安南區,安順里,625,2457,691,587,1278,55,1333
臺南市,安南區,州北里,626,2148,634,513,1147,59,1206
臺南市,安南區,州北里,627,2364,601,586,1187,49,1236
臺南市,安南區,新順里,628,1868,435,442,877,36,913
臺南市,安南區,新順里,629,1797,529,481,1010,39,1049
臺南市,安南區,新順里,630,2268,602,579,1181,47,1228
臺南市,安南區,頂安里,631,2291,573,428,1001,51,1052
臺南市,安南區,頂安里,632,2255,567,534,1101,47,1148
臺南市,安南區,安慶里,633,1940,519,384,903,40,943
臺南市,安南區,安慶里,634,2013,606,481,1087,27,1114
臺南市,安南區,安慶里,635,2024,523,482,1005,41,1046
臺南市,安南區,溪北里,636,1613,479,457,936,50,986
臺南市,安南區,溪北里,637,1178,367,249,616,22,638
臺南市,安南區,安和里,638,2143,625,479,1104,59,1163
臺南市,安南區,安西里,639,1721,534,386,920,50,970
臺南市,安南區,安西里,640,1773,527,450,977,37,1014
臺南市,安南區,溪頂里,641,1428,421,347,768,15,783
臺南市,安南區,溪頂里,642,1626,456,404,860,35,895
臺南市,安南區,溪頂里,643,1358,338,372,710,26,736
臺南市,安南區,安東里,644,1447,451,372,823,37,860
臺南市,安南區,安東里,645,1358,373,337,710,59,769
臺南市,安南區,鳳凰里,646,2116,549,468,1017,39,1056
臺南市,安南區,鳳凰里,647,2321,570,529,1099,42,1141
臺南市,安南區,梅花里,648,2117,580,471,1051,28,1079
臺南市,安南區,梅花里,649,1927,521,380,901,60,961
臺南市,安南區,理想里,650,2242,578,505,1083,69,1152
臺南市,安南區,理想里,651,2334,612,511,1123,40,1163
臺南市,安南區,大安里,652,1822,516,435,951,41,992
臺南市,安南區,大安里,653,1813,537,427,964,63,1027
臺南市,安南區,原佃里,654,2188,545,555,1100,71,1171
臺南市,安南區,長安里,655,2399,582,533,1115,60,1175
臺南市,安南區,長安里,656,2247,547,477,1024,49,1073
臺南市,安南區,公親里,657,1165,408,273,681,44,725
臺南市,安南區,布袋里,658,1539,399,346,745,36,781
臺南市,安南區,總頭里,659,1835,550,420,970,70,1040
臺南市,安南區,南興里,660,1797,528,409,937,44,981
臺南市,安南區,學東里,661,2223,564,465,1029,61,1090
臺南市,安南區,公??里,662,977,346,239,585,41,626
臺南市,安南區,佃東里,663,1642,409,342,751,27,778
臺南市,安南區,佃東里,664,1697,481,429,910,32,942
臺南市,安南區,佃西里,665,1966,480,447,927,33,960
臺南市,安南區,淵西里,666,1319,366,294,660,44,704
臺南市,安南區,淵西里,667,1909,474,409,883,56,939
臺南市,安南區,海西里,668,1763,497,406,903,49,952
臺南市,安南區,海西里,669,965,266,212,478,40,518
臺南市,安南區,海東里,670,1547,360,316,676,44,720
臺南市,安南區,海東里,671,1784,461,418,879,31,910
臺南市,安南區,海東里,672,2145,485,504,989,41,1030
臺南市,安南區,溪心里,673,2443,657,605,1262,55,1317
臺南市,安南區,溪心里,674,2565,561,562,1123,6,1129
臺南市,安南區,溪心里,675,2480,673,557,1230,63,1293
臺南市,安南區,淵東里,676,2349,553,459,1012,59,1071
臺南市,安南區,淵東里,677,2168,607,502,1109,57,1166
臺南市,安南區,淵中里,678,1630,417,396,813,39,852
臺南市,安南區,淵中里,679,1675,414,349,763,39,802
臺南市,安南區,溪墘里,680,1627,499,457,956,64,1020
臺南市,安南區,溪墘里,681,1493,458,331,789,39,828
臺南市,安南區,海佃里,682,1397,390,357,747,40,787
臺南市,安南區,海佃里,683,1416,415,297,712,44,756
臺南市,安南區,海佃里,684,1460,452,309,761,24,785
臺南市,安南區,國安里,685,2222,515,469,984,27,1011
臺南市,安南區,溪東里,686,2070,550,493,1043,58,1101
臺南市,安南區,溪東里,687,1739,495,444,939,28,967
臺南市,安南區,安富里,688,1830,513,386,899,41,940
臺南市,安南區,安富里,689,1803,558,456,1014,46,1060
臺南市,安南區,安富里,690,1800,532,444,976,42,1018
臺南市,安南區,幸福里,691,1815,450,364,814,42,856
臺南市,安南區,幸福里,692,1846,535,363,898,24,922
臺南市,安南區,海南里,693,905,322,207,529,34,563
臺南市,安南區,海南里,694,1073,331,284,615,48,663
臺南市,安南區,城東里,695,1579,441,434,875,44,919
臺南市,安南區,城南里,696,1876,490,420,910,72,982
臺南市,安南區,城南里,697,1194,286,300,586,35,621
臺南市,安南區,青草里,698,1475,315,290,605,16,621
臺南市,安南區,城西里,699,1380,394,278,672,22,694
臺南市,安南區,城北里,700,1462,419,301,720,25,745
臺南市,安南區,城中里,701,1044,295,287,582,42,624
臺南市,安南區,砂崙里,702,603,186,172,358,37,395
臺南市,安南區,砂崙里,703,690,209,171,380,22,402
臺南市,安南區,顯宮里,704,1447,368,325,693,33,726
臺南市,安南區,鹿耳里,705,910,305,262,567,38,605
臺南市,安南區,四草里,706,1850,495,380,875,46,921
臺南市,安南區,?田里,707,1501,435,411,846,37,883
臺南市,永康區,五王里,708,1398,363,364,727,43,770
臺南市,永康區,五王里,709,1478,335,331,666,26,692
臺南市,永康區,五王里,710,1442,337,371,708,20,728
臺南市,永康區,五王里,711,1353,283,365,648,23,671
臺南市,永康區,三合里,712,1160,297,282,579,25,604
臺南市,永康區,三合里,713,1122,289,317,606,24,630
臺南市,永康區,三合里,714,1165,296,282,578,16,594
臺南市,永康區,六合里,715,1317,298,344,642,20,662
臺南市,永康區,六合里,716,1376,345,345,690,23,713
臺南市,永康區,六合里,717,1361,326,380,706,27,733
臺南市,永康區,六合里,718,1374,330,435,765,37,802
臺南市,永康區,網寮里,719,1709,412,386,798,39,837
臺南市,永康區,網寮里,720,1717,370,436,806,32,838
臺南市,永康區,網寮里,721,1759,408,413,821,27,848
臺南市,永康區,網寮里,722,1636,383,464,847,26,873
臺南市,永康區,二王里,723,1442,339,387,726,45,771
臺南市,永康區,二王里,724,1545,300,461,761,21,782
臺南市,永康區,二王里,725,1565,334,430,764,36,800
臺南市,永康區,二王里,726,1684,363,443,806,13,819
臺南市,永康區,二王里,727,1548,353,398,751,15,766
臺南市,永康區,永康里,728,1389,402,343,745,31,776
臺南市,永康區,永康里,729,1369,381,331,712,27,739
臺南市,永康區,永康里,730,1415,371,356,727,57,784
臺南市,永康區,永康里,731,1386,273,344,617,15,632
臺南市,永康區,永康里,732,1747,215,219,434,9,443
臺南市,永康區,永康里,733,1485,396,348,744,27,771
臺南市,永康區,埔園里,734,1747,410,431,841,54,895
臺南市,永康區,埔園里,735,1744,382,395,777,22,799
臺南市,永康區,埔園里,736,1797,432,406,838,29,867
臺南市,永康區,埔園里,737,1800,388,481,869,43,912
臺南市,永康區,龍埔里,738,1720,392,436,828,20,848
臺南市,永康區,龍埔里,739,1708,418,478,896,26,922
臺南市,永康區,正強里,740,1519,415,430,845,24,869
臺南市,永康區,正強里,741,1497,424,371,795,49,844
臺南市,永康區,正強里,742,1509,387,423,810,23,833
臺南市,永康區,正強里,743,1542,482,396,878,43,921
臺南市,永康區,正強里,744,1536,361,467,828,24,852
臺南市,永康區,大橋里,745,1531,386,409,795,34,829
臺南市,永康區,大橋里,746,1327,398,353,751,24,775
臺南市,永康區,大橋里,747,1456,362,401,763,7,770
臺南市,永康區,大橋里,748,1396,359,388,747,35,782
臺南市,永康區,東橋里,749,1636,398,421,819,29,848
臺南市,永康區,東橋里,750,1592,434,390,824,35,859
臺南市,永康區,東橋里,751,2017,460,478,938,21,959
臺南市,永康區,東橋里,752,672,206,165,371,13,384
臺南市,永康區,西橋里,753,1611,388,371,759,25,784
臺南市,永康區,西橋里,754,1502,394,375,769,30,799
臺南市,永康區,安康里,755,1660,360,369,729,17,746
臺南市,永康區,安康里,756,1561,329,345,674,24,698
臺南市,永康區,安康里,757,1590,381,385,766,19,785
臺南市,永康區,蔦松里,758,924,261,218,479,16,495
臺南市,永康區,蔦松里,759,938,278,255,533,11,544
臺南市,永康區,三民里,760,957,254,267,521,25,546
臺南市,永康區,三民里,761,496,157,103,260,23,283
臺南市,永康區,?行里,762,1717,475,415,890,25,915
臺南市,永康區,?行里,763,1615,410,369,779,23,802
臺南市,永康區,?行里,764,1554,407,376,783,21,804
臺南市,永康區,?興里,765,1196,334,268,602,18,620
臺南市,永康區,?興里,766,1274,314,328,642,21,663
臺南市,永康區,?興里,767,1215,329,306,635,19,654
臺南市,永康區,?洲里,768,1457,396,368,764,16,780
臺南市,永康區,?洲里,769,1451,382,382,764,18,782
臺南市,永康區,?洲里,770,1423,387,285,672,25,697
臺南市,永康區,?洲里,771,1394,398,341,739,26,765
臺南市,永康區,甲頂里,772,890,224,259,483,35,518
臺南市,永康區,甲頂里,773,1018,348,242,590,28,618
臺南市,永康區,甲頂里,774,368,108,96,204,11,215
臺南市,永康區,尚頂里,775,1208,373,323,696,27,723
臺南市,永康區,尚頂里,776,1187,352,242,594,24,618
臺南市,永康區,尚頂里,777,1381,239,445,684,21,705
臺南市,永康區,龍潭里,778,1405,382,324,706,35,741
臺南市,永康區,龍潭里,779,1445,375,312,687,46,733
臺南市,永康區,龍潭里,780,1687,423,396,819,31,850
臺南市,永康區,龍潭里,781,1535,412,291,703,29,732
臺南市,永康區,永明里,782,1542,376,435,811,28,839
臺南市,永康區,永明里,783,1618,357,447,804,28,832
臺南市,永康區,永明里,784,1338,336,387,723,20,743
臺南市,永康區,王行里,785,1285,413,298,711,36,747
臺南市,永康區,王行里,786,1240,335,323,658,15,673
臺南市,永康區,烏竹里,787,1343,331,315,646,35,681
臺南市,永康區,烏竹里,788,1327,366,381,747,19,766
臺南市,永康區,西勢里,789,1565,385,410,795,24,819
臺南市,永康區,西勢里,790,1476,422,358,780,52,832
臺南市,永康區,西勢里,791,1476,377,381,758,26,784
臺南市,永康區,西勢里,792,1463,404,416,820,28,848
臺南市,永康區,新樹里,793,983,288,236,524,51,575
臺南市,永康區,新樹里,794,1116,337,270,607,50,657
臺南市,永康區,大灣里,795,1117,311,249,560,40,600
臺南市,永康區,大灣里,796,1069,268,248,516,24,540
臺南市,永康區,大灣里,797,1180,350,328,678,20,698
臺南市,永康區,東灣里,798,1176,344,254,598,51,649
臺南市,永康區,東灣里,799,1158,308,277,585,25,610
臺南市,永康區,東灣里,800,1208,376,310,686,34,720
臺南市,永康區,西灣里,801,1501,440,336,776,45,821
臺南市,永康區,西灣里,802,1298,364,361,725,29,754
臺南市,永康區,西灣里,803,1542,393,394,787,28,815
臺南市,永康區,西灣里,804,1537,410,424,834,30,864
臺南市,永康區,西灣里,805,1359,381,403,784,42,826
臺南市,永康區,南灣里,806,1139,300,242,542,18,560
臺南市,永康區,南灣里,807,1158,307,249,556,22,578
臺南市,永康區,南灣里,808,1538,403,343,746,41,787
臺南市,永康區,崑山里,809,1166,288,294,582,17,599
臺南市,永康區,崑山里,810,1228,385,271,656,12,668
臺南市,永康區,崑山里,811,1200,371,277,648,37,685
臺南市,永康區,崑山里,812,1131,323,297,620,21,641
臺南市,永康區,崑山里,813,1147,317,291,608,17,625
臺南市,永康區,北灣里,814,1442,384,321,705,29,734
臺南市,永康區,北灣里,815,1325,350,316,666,21,687
臺南市,永康區,北灣里,816,1260,305,282,587,26,613
臺南市,永康區,北興里,817,1631,414,368,782,22,804
臺南市,永康區,北興里,818,1549,356,391,747,28,775
臺南市,永康區,北興里,819,1666,384,430,814,20,834
臺南市,永康區,復興里,820,1012,163,299,462,37,499
臺南市,永康區,復興里,821,976,159,264,423,23,446
臺南市,永康區,光復里,822,531,93,181,274,15,289
臺南市,永康區,建國里,823,859,187,270,457,36,493
臺南市,永康區,建國里,824,937,201,248,449,26,475
臺南市,永康區,復國里,825,1307,259,409,668,36,704
臺南市,永康區,復國里,826,1482,304,383,687,25,712
臺南市,永康區,復國里,827,1341,267,341,608,24,632
臺南市,永康區,復國里,828,1376,306,369,675,28,703
臺南市,永康區,復國里,829,1390,305,358,663,29,692
臺南市,永康區,復國里,830,1534,345,461,806,28,834
臺南市,永康區,復華里,831,1460,359,409,768,34,802
臺南市,永康區,復華里,832,1383,320,377,697,12,709
臺南市,永康區,復華里,833,1299,282,392,674,27,701
臺南市,永康區,復華里,834,1264,317,357,674,27,701
臺南市,永康區,復華里,835,1355,323,423,746,27,773
臺南市,永康區,復華里,836,1414,303,383,686,22,708
臺南市,永康區,復華里,837,1109,226,384,610,20,630
臺南市,永康區,神洲里,838,1151,230,331,561,35,596
臺南市,永康區,成功里,839,1026,216,405,621,40,661
臺南市,永康區,成功里,840,1071,209,303,512,20,532
臺南市,永康區,中華里,841,1387,383,460,843,29,872
臺南市,永康區,中華里,842,1377,390,400,790,27,817
臺南市,永康區,中興里,843,1687,379,490,869,38,907
臺南市,永康區,中興里,844,1700,379,431,810,37,847
臺南市,永康區,勝利里,845,1444,388,398,786,26,812
臺南市,永康區,勝利里,846,1485,349,382,731,29,760
臺南市,永康區,勝利里,847,1717,365,444,809,29,838
臺南市,永康區,勝利里,848,1701,356,409,765,43,808
臺南市,永康區,勝利里,849,1382,284,393,677,24,701
臺南市,北區,開元里,850,1793,418,452,870,40,910
臺南市,北區,開元里,851,1708,419,400,819,53,872
臺南市,北區,元寶里,852,997,248,255,503,11,514
臺南市,北區,元寶里,853,1452,319,303,622,32,654
臺南市,北區,元寶里,854,1351,327,341,668,20,688
臺南市,北區,合興里,855,1323,391,409,800,35,835
臺南市,北區,合興里,856,1073,307,294,601,20,621
臺南市,北區,合興里,857,1138,356,289,645,24,669
臺南市,北區,力行里,858,1189,298,316,614,23,637
臺南市,北區,力行里,859,1262,341,402,743,32,775
臺南市,北區,重興里,860,1017,257,336,593,21,614
臺南市,北區,重興里,861,847,211,250,461,18,479
臺南市,北區,東興里,862,1076,345,253,598,29,627
臺南市,北區,東興里,863,954,263,286,549,24,573
臺南市,北區,長勝里,864,1300,296,357,653,46,699
臺南市,北區,長勝里,865,1390,204,489,693,40,733
臺南市,北區,長勝里,866,1318,310,402,712,33,745
臺南市,北區,振興里,867,974,249,263,512,10,522
臺南市,北區,振興里,868,990,278,255,533,18,551
臺南市,北區,仁愛里,869,1016,292,328,620,12,632
臺南市,北區,仁愛里,870,1053,281,282,563,28,591
臺南市,北區,中樓里,871,1466,384,341,725,44,769
臺南市,北區,永祥里,872,1535,369,438,807,46,853
臺南市,北區,永祥里,873,1544,410,380,790,37,827
臺南市,北區,北門里,874,1760,434,493,927,57,984
臺南市,北區,北門里,875,1372,411,287,698,29,727
臺南市,北區,北門里,876,1002,252,305,557,30,587
臺南市,北區,北門里,877,1171,354,298,652,35,687
臺南市,北區,大光里,878,1285,209,397,606,26,632
臺南市,北區,大光里,879,1036,162,344,506,37,543
臺南市,北區,大光里,880,1392,286,420,706,36,742
臺南市,北區,大光里,881,1147,334,274,608,40,648
臺南市,北區,大興里,882,1526,347,367,714,27,741
臺南市,北區,大興里,883,1559,445,373,818,29,847
臺南市,北區,公園里,884,892,226,247,473,42,515
臺南市,北區,公園里,885,937,264,211,475,24,499
臺南市,北區,北華里,886,1449,444,346,790,53,843
臺南市,北區,北華里,887,1160,333,260,593,29,622
臺南市,北區,北華里,888,1567,331,252,583,24,607
臺南市,北區,長興里,889,1346,400,299,699,31,730
臺南市,北區,長興里,890,1451,345,350,695,17,712
臺南市,北區,小北里,891,1522,411,350,761,31,792
臺南市,北區,小北里,892,1278,322,324,646,23,669
臺南市,北區,小北里,893,1164,329,254,583,36,619
臺南市,北區,正覺里,894,1091,296,229,525,21,546
臺南市,北區,正覺里,895,993,300,210,510,15,525
臺南市,北區,正覺里,896,1119,309,192,501,34,535
臺南市,北區,成功里,897,1685,483,403,886,51,937
臺南市,北區,成功里,898,1368,391,333,724,23,747
臺南市,北區,成功里,899,1389,375,358,733,26,759
臺南市,北區,華德里,900,1469,406,423,829,19,848
臺南市,北區,華德里,901,1655,438,479,917,34,951
臺南市,北區,福德里,902,1261,326,372,698,24,722
臺南市,北區,福德里,903,1490,367,401,768,20,788
臺南市,北區,福德里,904,1436,383,428,811,26,837
臺南市,北區,成德里,905,1340,367,369,736,56,792
臺南市,北區,成德里,906,1464,368,418,786,32,818
臺南市,北區,成德里,907,1513,432,429,861,17,878
臺南市,北區,和順里,908,1709,452,503,955,22,977
臺南市,北區,和順里,909,1517,451,429,880,31,911
臺南市,北區,和順里,910,1598,470,364,834,28,862
臺南市,北區,立人里,911,1399,394,326,720,24,744
臺南市,北區,立人里,912,1214,393,242,635,35,670
臺南市,北區,雙安里,913,1064,277,304,581,16,597
臺南市,北區,雙安里,914,1148,366,321,687,20,707
臺南市,北區,文成里,915,1391,429,335,764,26,790
臺南市,北區,文成里,916,1584,449,417,866,38,904
臺南市,北區,元美里,917,1595,433,437,870,24,894
臺南市,北區,元美里,918,1397,367,378,745,18,763
臺南市,北區,文元里,919,1662,450,418,868,33,901
臺南市,北區,文元里,920,1634,408,408,816,27,843
臺南市,北區,大和里,921,1793,536,433,969,52,1021
臺南市,北區,大和里,922,1872,525,489,1014,36,1050
臺南市,北區,大港里,923,1874,515,440,955,60,1015
臺南市,北區,大港里,924,1760,446,439,885,48,933
臺南市,北區,大港里,925,1753,390,471,861,47,908
臺南市,北區,大豐里,926,1502,360,328,688,18,706
臺南市,北區,大豐里,927,1470,410,364,774,29,803
臺南市,北區,大豐里,928,1319,406,264,670,42,712
臺南市,北區,賢北里,929,1876,527,488,1015,41,1056
臺南市,北區,賢北里,930,1720,468,434,902,20,922
臺南市,中西區,赤嵌里,931,1332,409,300,709,31,740
臺南市,中西區,赤嵌里,932,1246,383,311,694,29,723
臺南市,中西區,赤嵌里,933,1276,373,267,640,42,682
臺南市,中西區,郡王里,934,1583,443,433,876,27,903
臺南市,中西區,郡王里,935,1464,447,366,813,27,840
臺南市,中西區,法華里,936,1234,350,290,640,19,659
臺南市,中西區,法華里,937,1368,368,390,758,31,789
臺南市,中西區,開山里,938,1322,376,259,635,26,661
臺南市,中西區,開山里,939,1216,368,253,621,30,651
臺南市,中西區,永華里,940,1289,388,283,671,32,703
臺南市,中西區,永華里,941,1237,381,309,690,22,712
臺南市,中西區,藥王里,942,1189,348,229,577,26,603
臺南市,中西區,藥王里,943,1201,395,257,652,33,685
臺南市,中西區,藥王里,944,1065,327,281,608,31,639
臺南市,中西區,光賢里,945,1055,332,257,589,30,619
臺南市,中西區,光賢里,946,1170,373,321,694,20,714
臺南市,中西區,光賢里,947,1280,395,378,773,27,800
臺南市,中西區,大涼里,948,1223,360,313,673,25,698
臺南市,中西區,大涼里,949,1292,353,376,729,30,759
臺南市,中西區,西湖里,950,993,285,292,577,18,595
臺南市,中西區,西湖里,951,1541,425,392,817,46,863
臺南市,中西區,西湖里,952,1652,445,492,937,56,993
臺南市,中西區,西湖里,953,1212,349,324,673,25,698
臺南市,中西區,西賢里,954,1621,473,427,900,30,930
臺南市,中西區,西賢里,955,1660,463,442,905,39,944
臺南市,中西區,西賢里,956,1595,419,427,846,23,869
臺南市,中西區,城隍里,957,1436,406,330,736,35,771
臺南市,中西區,城隍里,958,1265,373,330,703,26,729
臺南市,中西區,城隍里,959,856,293,204,497,33,530
臺南市,中西區,南美里,960,1168,354,259,613,24,637
臺南市,中西區,南美里,961,1134,359,288,647,23,670
臺南市,中西區,南美里,962,995,333,265,598,31,629
臺南市,中西區,南門里,963,1313,336,446,782,33,815
臺南市,中西區,南門里,964,1265,377,338,715,40,755
臺南市,中西區,小西門里,965,1215,342,284,626,26,652
臺南市,中西區,小西門里,966,1248,344,329,673,23,696
臺南市,中西區,小西門里,967,687,218,153,371,19,390
臺南市,中西區,五條港里,968,1139,363,244,607,42,649
臺南市,中西區,五條港里,969,971,283,260,543,25,568
臺南市,中西區,兌悅里,970,1254,304,218,522,28,550
臺南市,中西區,兌悅里,971,979,312,240,552,26,578
臺南市,中西區,兌悅里,972,1745,505,362,867,45,912
臺南市,中西區,淺草里,973,1074,315,258,573,22,595
臺南市,中西區,淺草里,974,1436,363,338,701,32,733
臺南市,中西區,府前里,975,865,296,187,483,32,515
臺南市,中西區,府前里,976,1164,349,270,619,22,641
臺南市,中西區,南廠里,977,1285,393,265,658,22,680
臺南市,中西區,南廠里,978,1078,315,244,559,38,597
臺南市,中西區,南廠里,979,1704,439,342,781,39,820
臺南市,中西區,西和里,980,1296,411,314,725,39,764
臺南市,中西區,西和里,981,1128,308,290,598,33,631
臺南市,中西區,西和里,982,1245,393,274,667,27,694
臺南市,安平區,文平里,983,1753,462,478,940,39,979
臺南市,安平區,文平里,984,1859,448,484,932,36,968
臺南市,安平區,文平里,985,1382,349,427,776,25,801
臺南市,安平區,建平里,986,2547,630,602,1232,45,1277
臺南市,安平區,建平里,987,2407,598,626,1224,36,1260
臺南市,安平區,怡平里,988,2070,444,500,944,26,970
臺南市,安平區,怡平里,989,2132,554,541,1095,29,1124
臺南市,安平區,華平里,990,1450,388,400,788,15,803
臺南市,安平區,華平里,991,1605,446,352,798,19,817
臺南市,安平區,華平里,992,1755,428,482,910,38,948
臺南市,安平區,平通里,993,1728,423,367,790,33,823
臺南市,安平區,平通里,994,1754,367,373,740,16,756
臺南市,安平區,平通里,995,1686,444,407,851,23,874
臺南市,安平區,平通里,996,1843,497,467,964,34,998
臺南市,安平區,億載里,997,1565,438,430,868,23,891
臺南市,安平區,億載里,998,1288,349,318,667,29,696
臺南市,安平區,育平里,999,1653,401,394,795,19,814
臺南市,安平區,育平里,1000,1697,360,460,820,25,845
臺南市,安平區,育平里,1001,2154,478,502,980,34,1014
臺南市,安平區,育平里,1002,2107,490,505,995,39,1034
臺南市,安平區,國平里,1003,1675,429,463,892,38,930
臺南市,安平區,國平里,1004,1979,491,496,987,42,1029
臺南市,安平區,國平里,1005,1602,428,350,778,21,799
臺南市,安平區,國平里,1006,1586,341,431,772,36,808
臺南市,安平區,漁光里,1007,438,133,85,218,9,227
臺南市,安平區,平安里,1008,1780,443,406,849,57,906
臺南市,安平區,平安里,1009,1623,436,358,794,26,820
臺南市,安平區,天妃里,1010,2157,548,482,1030,40,1070
臺南市,安平區,天妃里,1011,1286,373,252,625,36,661
臺南市,安平區,王城里,1012,1492,390,342,732,62,794
臺南市,安平區,王城里,1013,1325,271,341,612,26,638
臺南市,安平區,金城里,1014,2001,458,493,951,47,998
臺南市,南區,大恩里,1015,1221,335,331,666,40,706
臺南市,南區,大恩里,1016,2171,480,503,983,34,1017
臺南市,南區,大林里,1017,1150,293,349,642,25,667
臺南市,南區,大林里,1018,1122,261,359,620,26,646
臺南市,南區,大忠里,1019,1444,361,341,702,33,735
臺南市,南區,大忠里,1020,1765,404,459,863,33,896
臺南市,南區,大忠里,1021,1298,336,395,731,33,764
臺南市,南區,新生里,1022,1458,284,487,771,35,806
臺南市,南區,新生里,1023,1940,316,616,932,41,973
臺南市,南區,竹溪里,1024,1637,400,438,838,30,868
臺南市,南區,明德里,1025,871,162,234,396,11,407
臺南市,南區,大成里,1026,589,143,174,317,21,338
臺南市,南區,大成里,1027,801,284,219,503,27,530
臺南市,南區,田寮里,1028,990,290,251,541,38,579
臺南市,南區,田寮里,1029,1222,359,359,718,28,746
臺南市,南區,田寮里,1030,997,305,245,550,49,599
臺南市,南區,新興里,1031,1204,351,264,615,27,642
臺南市,南區,新興里,1032,1570,379,337,716,33,749
臺南市,南區,再興里,1033,1222,369,294,663,25,688
臺南市,南區,再興里,1034,1076,299,240,539,17,556
臺南市,南區,廣州里,1035,1127,365,253,618,13,631
臺南市,南區,廣州里,1036,1135,336,282,618,29,647
臺南市,南區,新昌里,1037,1263,331,321,652,25,677
臺南市,南區,新昌里,1038,1014,236,282,518,18,536
臺南市,南區,文華里,1039,1491,471,334,805,39,844
臺南市,南區,文華里,1040,1815,476,462,938,29,967
臺南市,南區,文南里,1041,1398,406,308,714,21,735
臺南市,南區,文南里,1042,2107,455,457,912,26,938
臺南市,南區,文南里,1043,1587,482,421,903,41,944
臺南市,南區,金華里,1044,1626,447,391,838,45,883
臺南市,南區,金華里,1045,1761,460,405,865,28,893
臺南市,南區,金華里,1046,1630,483,340,823,53,876
臺南市,南區,國宅里,1047,1542,454,367,821,34,855
臺南市,南區,國宅里,1048,1464,397,328,725,58,783
臺南市,南區,鹽埕里,1049,1727,505,364,869,49,918
臺南市,南區,鹽埕里,1050,1085,378,265,643,32,675
臺南市,南區,鹽埕里,1051,939,267,221,488,14,502
臺南市,南區,光明里,1052,1419,398,260,658,40,698
臺南市,南區,光明里,1053,1333,347,297,644,29,673
臺南市,南區,光明里,1054,1465,421,295,716,32,748
臺南市,南區,明亮里,1055,1099,319,267,586,24,610
臺南市,南區,明亮里,1056,1133,279,269,548,20,568
臺南市,南區,明亮里,1057,1375,393,296,689,33,722
臺南市,南區,府南里,1058,1781,428,393,821,18,839
臺南市,南區,府南里,1059,1542,429,417,846,34,880
臺南市,南區,府南里,1060,1486,388,333,721,23,744
臺南市,南區,明興里,1061,1640,504,377,881,49,930
臺南市,南區,明興里,1062,1701,431,312,743,21,764
臺南市,南區,郡南里,1063,1541,404,316,720,46,766
臺南市,南區,郡南里,1064,2027,527,432,959,65,1024
臺南市,南區,建南里,1065,1774,498,503,1001,44,1045
臺南市,南區,建南里,1066,1613,450,347,797,44,841
臺南市,南區,建南里,1067,1707,479,368,847,21,868
臺南市,南區,南都里,1068,1657,318,273,591,15,606
臺南市,南區,南都里,1069,1077,303,253,556,28,584
臺南市,南區,南華里,1070,1185,302,309,611,30,641
臺南市,南區,南華里,1071,1249,342,302,644,28,672
臺南市,南區,開南里,1072,1985,425,442,867,25,892
臺南市,南區,開南里,1073,2017,518,359,877,39,916
臺南市,南區,開南里,1074,1717,455,352,807,43,850
臺南市,南區,彰南里,1075,929,272,228,500,31,531
臺南市,南區,彰南里,1076,695,209,170,379,19,398
臺南市,南區,鯤鯓里,1077,997,251,229,480,14,494
臺南市,南區,鯤鯓里,1078,784,184,186,370,27,397
臺南市,南區,喜北里,1079,1119,342,280,622,32,654
臺南市,南區,喜北里,1080,1054,355,149,504,25,529
臺南市,南區,喜南里,1081,1245,402,213,615,36,651
臺南市,南區,喜東里,1082,2064,559,392,951,40,991
臺南市,南區,省躬里,1083,2056,469,377,846,31,877
臺南市,南區,省躬里,1084,1373,394,255,649,24,673
臺南市,南區,永寧里,1085,1002,310,172,482,17,499
臺南市,南區,永寧里,1086,760,277,160,437,32,469
臺南市,南區,松安里,1087,1031,370,173,543,47,590
臺南市,南區,松安里,1088,744,218,175,393,28,421
臺南市,南區,佛壇里,1089,1186,374,251,625,30,655
臺南市,南區,佛壇里,1090,1358,417,301,718,33,751
臺南市,南區,同安里,1091,897,253,161,414,30,444
臺南市,南區,同安里,1092,1265,350,273,623,50,673
臺南市,南區,興農里,1093,1093,372,186,558,26,584
臺南市,南區,興農里,1094,1016,325,247,572,14,586
臺南市,東區,崇信里,1095,2681,535,515,1050,23,1073
臺南市,東區,崇信里,1096,1811,494,446,940,30,970
臺南市,東區,崇學里,1097,1491,494,395,889,51,940
臺南市,東區,崇學里,1098,1378,372,352,724,31,755
臺南市,東區,崇德里,1099,1552,422,449,871,30,901
臺南市,東區,崇德里,1100,1326,436,321,757,22,779
臺南市,東區,崇德里,1101,1594,400,456,856,45,901
臺南市,東區,崇善里,1102,1639,440,484,924,24,948
臺南市,東區,崇善里,1103,1724,426,481,907,33,940
臺南市,東區,崇善里,1104,1629,520,352,872,41,913
臺南市,東區,崇成里,1105,1399,364,398,762,29,791
臺南市,東區,崇成里,1106,1534,376,446,822,29,851
臺南市,東區,崇文里,1107,1656,415,500,915,21,936
臺南市,東區,崇文里,1108,1322,309,386,695,39,734
臺南市,東區,崇文里,1109,1620,401,313,714,21,735
臺南市,東區,崇文里,1110,1331,296,489,785,29,814
臺南市,東區,東智里,1111,1039,266,302,568,30,598
臺南市,東區,東智里,1112,1257,310,319,629,23,652
臺南市,東區,大智里,1113,2067,482,529,1011,61,1072
臺南市,東區,大智里,1114,2153,445,698,1143,31,1174
臺南市,東區,大智里,1115,2363,475,735,1210,44,1254
臺南市,東區,德高里,1116,1427,402,361,763,31,794
臺南市,東區,德高里,1117,1555,452,428,880,28,908
臺南市,東區,仁和里,1118,2115,422,514,936,32,968
臺南市,東區,仁和里,1119,2340,555,568,1123,44,1167
臺南市,東區,和平里,1120,2474,624,660,1284,36,1320
臺南市,東區,和平里,1121,2391,675,544,1219,26,1245
臺南市,東區,虎尾里,1122,1673,424,504,928,30,958
臺南市,東區,虎尾里,1123,1594,446,406,852,25,877
臺南市,東區,虎尾里,1124,1607,409,477,886,36,922
臺南市,東區,裕聖里,1125,2087,502,685,1187,26,1213
臺南市,東區,裕聖里,1126,2369,568,768,1336,25,1361
臺南市,東區,復興里,1127,1696,455,401,856,58,914
臺南市,東區,復興里,1128,1612,460,413,873,33,906
臺南市,東區,自強里,1129,1708,449,404,853,40,893
臺南市,東區,自強里,1130,1560,372,464,836,26,862
臺南市,東區,自強里,1131,1854,472,486,958,34,992
臺南市,東區,東聖里,1132,2278,576,541,1117,25,1142
臺南市,東區,關聖里,1133,2093,479,581,1060,38,1098
臺南市,東區,關聖里,1134,2242,503,726,1229,51,1280
臺南市,東區,南聖里,1135,1152,334,324,658,33,691
臺南市,東區,南聖里,1136,1318,332,459,791,10,801
臺南市,東區,文聖里,1137,2200,571,626,1197,40,1237
臺南市,東區,文聖里,1138,1960,466,653,1119,30,1149
臺南市,東區,後甲里,1139,1489,408,396,804,35,839
臺南市,東區,後甲里,1140,1443,367,386,753,45,798
臺南市,東區,東光里,1141,1498,448,434,882,27,909
臺南市,東區,東光里,1142,1622,424,483,907,15,922
臺南市,東區,東光里,1143,1738,416,539,955,22,977
臺南市,東區,東明里,1144,1501,381,388,769,31,800
臺南市,東區,東明里,1145,1482,413,392,805,41,846
臺南市,東區,莊敬里,1146,1829,405,496,901,27,928
臺南市,東區,莊敬里,1147,1764,408,518,926,40,966
臺南市,東區,小東里,1148,1427,357,441,798,34,832
臺南市,東區,小東里,1149,1427,361,378,739,33,772
臺南市,東區,小東里,1150,1388,329,423,752,30,782
臺南市,東區,大學里,1151,1131,340,345,685,16,701
臺南市,東區,成大里,1152,1000,249,273,522,30,552
臺南市,東區,成大里,1153,996,236,301,537,18,555
臺南市,東區,東門里,1154,935,252,234,486,19,505
臺南市,東區,東門里,1155,947,308,209,517,31,548
臺南市,東區,圍下里,1156,1090,316,268,584,10,594
臺南市,東區,圍下里,1157,896,228,223,451,34,485
臺南市,東區,中西里,1158,1589,397,441,838,30,868
臺南市,東區,中西里,1159,1497,412,423,835,27,862
臺南市,東區,東安里,1160,1386,383,309,692,40,732
臺南市,東區,新東里,1161,1101,302,312,614,13,627
臺南市,東區,新東里,1162,1332,374,366,740,41,781
臺南市,東區,崇誨里,1163,1185,277,367,644,28,672
臺南市,東區,崇誨里,1164,1262,378,338,716,33,749
臺南市,東區,衛國里,1165,1517,371,392,763,32,795
臺南市,東區,裕農里,1166,1287,332,336,668,48,716
臺南市,東區,裕農里,1167,1657,425,462,887,40,927
臺南市,東區,富強里,1168,2238,500,667,1167,69,1236
臺南市,東區,富強里,1169,2246,593,571,1164,36,1200
臺南市,東區,富裕里,1170,2191,581,521,1102,33,1135
臺南市,東區,忠孝里,1171,2063,486,575,1061,32,1093
臺南市,東區,忠孝里,1172,2177,555,649,1204,58,1262
臺南市,東區,崇明里,1173,1863,441,603,1044,52,1096
臺南市,東區,崇明里,1174,2185,554,637,1191,25,1216
臺南市,東區,大福里,1175,1721,425,395,820,26,846
臺南市,東區,大德里,1176,1556,401,424,825,47,872
臺南市,東區,路東里,1177,1602,374,515,889,32,921
臺南市,東區,大同里,1178,1523,391,378,769,45,814
臺南市,東區,大同里,1179,1382,373,319,692,26,718
臺南市,東區,泉南里,1180,1486,417,369,786,31,817
臺南市,東區,泉南里,1181,1560,426,422,848,30,878
臺南市,東區,泉南里,1182,1684,398,394,792,47,839
臺南市,東區,龍山里,1183,1653,460,439,899,22,921
臺南市,東區,龍山里,1184,1554,457,392,849,17,866
臺南市,東區,龍山里,1185,1408,377,412,789,19,808
臺南市,東區,德光里,1186,2084,586,616,1202,30,1232
臺南市,東區,德光里,1187,1896,475,524,999,45,1044
臺南市,仁德區,太子里,1188,1318,427,270,697,44,741
臺南市,仁德區,太子里,1189,1406,332,388,720,52,772
臺南市,仁德區,太子里,1190,1465,418,306,724,50,774
臺南市,仁德區,太子里,1191,1192,385,296,681,45,726
臺南市,仁德區,土庫里,1192,1429,417,376,793,41,834
臺南市,仁德區,土庫里,1193,1320,394,274,668,56,724
臺南市,仁德區,一甲里,1194,1373,412,377,789,47,836
臺南市,仁德區,一甲里,1195,1330,373,375,748,34,782
臺南市,仁德區,仁德里,1196,1687,444,479,923,30,953
臺南市,仁德區,仁德里,1197,1491,359,346,705,60,765
臺南市,仁德區,仁德里,1198,1151,287,232,519,28,547
臺南市,仁德區,仁德里,1199,1407,297,420,717,18,735
臺南市,仁德區,仁德里,1200,1465,408,402,810,32,842
臺南市,仁德區,仁義里,1201,1335,344,388,732,31,763
臺南市,仁德區,仁義里,1202,1490,361,391,752,39,791
臺南市,仁德區,仁義里,1203,1453,379,432,811,44,855
臺南市,仁德區,仁義里,1204,990,207,295,502,14,516
臺南市,仁德區,仁義里,1205,1573,384,455,839,53,892
臺南市,仁德區,仁義里,1206,1031,295,240,535,35,570
臺南市,仁德區,仁義里,1207,1194,333,288,621,28,649
臺南市,仁德區,新田里,1208,1268,339,299,638,25,663
臺南市,仁德區,新田里,1209,929,275,233,508,31,539
臺南市,仁德區,新田里,1210,1145,262,286,548,15,563
臺南市,仁德區,後壁里,1211,1413,391,327,718,34,752
臺南市,仁德區,後壁里,1212,1465,369,368,737,50,787
臺南市,仁德區,後壁里,1213,1390,425,355,780,26,806
臺南市,仁德區,後壁里,1214,1396,405,341,746,37,783
臺南市,仁德區,後壁里,1215,1906,473,497,970,32,1002
臺南市,仁德區,後壁里,1216,1546,331,412,743,33,776
臺南市,仁德區,上崙里,1217,1546,378,305,683,25,708
臺南市,仁德區,上崙里,1218,1399,360,370,730,34,764
臺南市,仁德區,上崙里,1219,1748,465,415,880,50,930
臺南市,仁德區,上崙里,1220,1140,298,324,622,32,654
臺南市,仁德區,文賢里,1221,1277,334,331,665,23,688
臺南市,仁德區,文賢里,1222,1019,217,415,632,25,657
臺南市,仁德區,保安里,1223,1414,368,336,704,21,725
臺南市,仁德區,保安里,1224,1349,336,300,636,17,653
臺南市,仁德區,成功里,1225,1471,312,413,725,25,750
臺南市,仁德區,成功里,1226,1324,294,388,682,24,706
臺南市,仁德區,成功里,1227,1310,227,396,623,28,651
臺南市,仁德區,成功里,1228,554,142,148,290,21,311
臺南市,仁德區,仁和里,1229,1395,182,529,711,42,753
臺南市,仁德區,仁愛里,1230,1264,270,381,651,11,662
臺南市,仁德區,二行里,1231,1180,306,290,596,60,656
臺南市,仁德區,二行里,1232,928,245,204,449,17,466
臺南市,仁德區,大甲里,1233,965,259,192,451,25,476
臺南市,仁德區,大甲里,1234,1119,302,243,545,26,571
臺南市,仁德區,中洲里,1235,1206,323,292,615,39,654
臺南市,仁德區,中洲里,1236,1466,407,320,727,31,758
臺南市,歸仁區,南保里,1237,1560,385,383,768,48,816
臺南市,歸仁區,南保里,1238,1383,397,408,805,33,838
臺南市,歸仁區,南保里,1239,1491,405,368,773,27,800
臺南市,歸仁區,南保里,1240,1482,390,330,720,41,761
臺南市,歸仁區,南興里,1241,1330,357,354,711,24,735
臺南市,歸仁區,南興里,1242,1399,415,349,764,28,792
臺南市,歸仁區,南興里,1243,1416,351,336,687,27,714
臺南市,歸仁區,六甲里,1244,1336,316,263,579,23,602
臺南市,歸仁區,六甲里,1245,1183,314,242,556,38,594
臺南市,歸仁區,六甲里,1246,1237,347,269,616,20,636
臺南市,歸仁區,歸南里,1247,1133,327,263,590,46,636
臺南市,歸仁區,歸南里,1248,1149,304,263,567,31,598
臺南市,歸仁區,後市里,1249,1105,295,289,584,12,596
臺南市,歸仁區,後市里,1250,1099,304,281,585,25,610
臺南市,歸仁區,後市里,1251,1082,315,270,585,53,638
臺南市,歸仁區,文化里,1252,1519,380,407,787,30,817
臺南市,歸仁區,文化里,1253,1467,408,395,803,41,844
臺南市,歸仁區,辜厝里,1254,1090,263,292,555,27,582
臺南市,歸仁區,辜厝里,1255,1131,299,273,572,11,583
臺南市,歸仁區,辜厝里,1256,1080,272,264,536,31,567
臺南市,歸仁區,新厝里,1257,1121,306,229,535,17,552
臺南市,歸仁區,新厝里,1258,1336,353,331,684,41,725
臺南市,歸仁區,許厝里,1259,1128,308,264,572,47,619
臺南市,歸仁區,許厝里,1260,1055,318,239,557,18,575
臺南市,歸仁區,許厝里,1261,1102,298,284,582,18,600
臺南市,歸仁區,看西里,1262,1068,335,249,584,16,600
臺南市,歸仁區,看西里,1263,1033,318,249,567,32,599
臺南市,歸仁區,看東里,1264,1772,368,355,723,28,751
臺南市,歸仁區,崙頂里,1265,1399,411,336,747,32,779
臺南市,歸仁區,崙頂里,1266,1544,407,409,816,32,848
臺南市,歸仁區,沙崙里,1267,684,158,150,308,10,318
臺南市,歸仁區,大潭里,1268,839,278,203,481,26,507
臺南市,歸仁區,大潭里,1269,1014,346,220,566,41,607
臺南市,歸仁區,武東里,1270,1906,370,323,693,24,717
臺南市,歸仁區,歸仁里,1271,1245,358,325,683,30,713
臺南市,歸仁區,歸仁里,1272,1048,252,286,538,19,557
臺南市,歸仁區,八甲里,1273,1175,334,279,613,21,634
臺南市,歸仁區,八甲里,1274,1411,376,323,699,19,718
臺南市,歸仁區,七甲里,1275,1514,422,411,833,31,864
臺南市,歸仁區,七甲里,1276,1678,475,399,874,35,909
臺南市,歸仁區,媽廟里,1277,949,306,222,528,15,543
臺南市,歸仁區,媽廟里,1278,1009,340,250,590,29,619
臺南市,歸仁區,西埔里,1279,984,340,268,608,5,613
臺南市,歸仁區,西埔里,1280,756,235,189,424,30,454
臺南市,歸仁區,大廟里,1281,1478,408,431,839,45,884
臺南市,歸仁區,大廟里,1282,1467,441,397,838,32,870
臺南市,關廟區,關廟里,1283,982,273,257,530,24,554
臺南市,關廟區,關廟里,1284,1156,360,311,671,26,697
臺南市,關廟區,山西里,1285,1006,259,223,482,24,506
臺南市,關廟區,山西里,1286,1043,333,270,603,39,642
臺南市,關廟區,香洋里,1287,1012,293,247,540,45,585
臺南市,關廟區,香洋里,1288,1013,253,231,484,8,492
臺南市,關廟區,香洋里,1289,1294,321,298,619,38,657
臺南市,關廟區,北勢里,1290,1264,337,296,633,26,659
臺南市,關廟區,北勢里,1291,1166,319,271,590,32,622
臺南市,關廟區,新埔里,1292,1018,278,218,496,20,516
臺南市,關廟區,新光里,1293,733,179,144,323,23,346
臺南市,關廟區,五甲里,1294,1093,291,335,626,26,652
臺南市,關廟區,五甲里,1295,1081,294,286,580,16,596
臺南市,關廟區,五甲里,1296,978,272,272,544,33,577
臺南市,關廟區,東勢里,1297,1116,275,256,531,16,547
臺南市,關廟區,東勢里,1298,972,210,278,488,34,522
臺南市,關廟區,東勢里,1299,1045,326,245,571,33,604
臺南市,關廟區,松腳里,1300,872,239,220,459,25,484
臺南市,關廟區,松腳里,1301,1007,331,244,575,22,597
臺南市,關廟區,花園里,1302,763,233,195,428,35,463
臺南市,關廟區,花園里,1303,630,170,145,315,19,334
臺南市,關廟區,花園里,1304,959,321,215,536,33,569
臺南市,關廟區,花園里,1305,1123,293,277,570,31,601
臺南市,關廟區,深坑里,1306,804,243,194,437,33,470
臺南市,關廟區,深坑里,1307,720,195,166,361,16,377
臺南市,關廟區,布袋里,1308,843,194,190,384,13,397
臺南市,關廟區,布袋里,1309,358,98,76,174,8,182
臺南市,關廟區,南雄里,1310,797,235,170,405,30,435
臺南市,關廟區,南雄里,1311,709,161,162,323,15,338
臺南市,關廟區,埤頭里,1312,904,236,176,412,15,427
臺南市,關廟區,埤頭里,1313,963,300,217,517,15,532
臺南市,關廟區,下湖里,1314,489,166,115,281,8,289
臺南市,龍崎區,崎頂里,1315,1047,282,240,522,40,562
臺南市,龍崎區,土崎里,1316,630,165,140,305,16,321
臺南市,龍崎區,中坑里,1317,141,31,26,57,3,60
臺南市,龍崎區,楠坑里,1318,367,91,84,175,8,183
臺南市,龍崎區,牛埔里,1319,337,77,91,168,13,181
臺南市,龍崎區,大坪里,1320,318,75,65,140,10,150
臺南市,龍崎區,龍船里,1321,427,84,114,198,18,216
臺南市,龍崎區,石??里,1322,446,94,94,188,10,198
桃園市,桃園區,大林里,1,1593,352,425,777,31,808
桃園市,桃園區,大林里,2,1934,401,433,834,20,854
桃園市,桃園區,大林里,3,1661,403,480,883,35,918
桃園市,桃園區,大林里,4,1448,279,380,659,20,679
桃園市,桃園區,大樹里,5,1974,461,467,928,27,955
桃園市,桃園區,大樹里,6,1882,383,458,841,36,877
桃園市,桃園區,大豐里,7,1800,374,492,866,28,894
桃園市,桃園區,大豐里,8,1598,401,436,837,35,872
桃園市,桃園區,大豐里,9,1626,366,371,737,44,781
桃園市,桃園區,建國里,10,1590,343,421,764,36,800
桃園市,桃園區,建國里,11,1637,368,435,803,38,841
桃園市,桃園區,建國里,12,1943,419,486,905,46,951
桃園市,桃園區,雲林里,13,1482,362,398,760,24,784
桃園市,桃園區,雲林里,14,1423,319,440,759,24,783
桃園市,桃園區,雲林里,15,1509,345,462,807,30,837
桃園市,桃園區,雲林里,16,1567,295,529,824,26,850
桃園市,桃園區,福安里,17,1305,290,382,672,27,699
桃園市,桃園區,福安里,18,1416,281,381,662,38,700
桃園市,桃園區,福安里,19,1439,358,431,789,27,816
桃園市,桃園區,福林里,20,1399,330,426,756,31,787
桃園市,桃園區,福林里,21,1540,360,476,836,27,863
桃園市,桃園區,福林里,22,1638,334,434,768,37,805
桃園市,桃園區,福林里,23,1228,270,376,646,24,670
桃園市,桃園區,豐林里,24,1649,218,578,796,37,833
桃園市,桃園區,豐林里,25,1601,369,453,822,20,842
桃園市,桃園區,豐林里,26,1477,320,402,722,48,770
桃園市,桃園區,豐林里,27,1503,358,446,804,22,826
桃園市,桃園區,中和里,28,1375,400,368,768,38,806
桃園市,桃園區,中興里,29,1743,457,470,927,25,952
桃園市,桃園區,中興里,30,1862,377,502,879,32,911
桃園市,桃園區,中興里,31,1728,305,575,880,33,913
桃園市,桃園區,文化里,32,690,165,188,353,18,371
桃園市,桃園區,文昌里,33,852,259,240,499,22,521
桃園市,桃園區,文明里,34,1353,350,403,753,34,787
桃園市,桃園區,北門里,35,1698,349,313,662,27,689
桃園市,桃園區,民生里,36,1452,350,355,705,37,742
桃園市,桃園區,永興里,37,1681,400,405,805,77,882
桃園市,桃園區,光興里,38,1669,402,428,830,34,864
桃園市,桃園區,光興里,39,1530,393,457,850,30,880
桃園市,桃園區,光興里,40,1582,371,463,834,38,872
桃園市,桃園區,西門里,41,1587,328,409,737,32,769
桃園市,桃園區,西湖里,42,1451,350,417,767,45,812
桃園市,桃園區,武陵里,43,1582,355,352,707,18,725
桃園市,桃園區,長美里,44,1028,321,255,576,31,607
桃園市,桃園區,南門里,45,1934,421,501,922,51,973
桃園市,桃園區,南門里,46,1016,235,302,537,28,565
桃園市,桃園區,南門里,47,1079,283,292,575,20,595
桃園市,桃園區,南門里,48,1837,361,524,885,27,912
桃園市,桃園區,南華里,49,1390,392,365,757,37,794
桃園市,桃園區,中山里,50,1489,331,439,770,31,801
桃園市,桃園區,中山里,51,1821,319,682,1001,21,1022
桃園市,桃園區,中山里,52,1563,315,432,747,17,764
桃園市,桃園區,中山里,53,1697,375,496,871,45,916
桃園市,桃園區,中平里,54,1740,350,558,908,33,941
桃園市,桃園區,中平里,55,1626,364,461,825,38,863
桃園市,桃園區,中平里,56,1239,270,421,691,15,706
桃園市,桃園區,中正里,57,1766,366,555,921,27,948
桃園市,桃園區,中正里,58,1555,365,439,804,37,841
桃園市,桃園區,中正里,59,1831,375,557,932,29,961
桃園市,桃園區,中成里,60,1115,339,324,663,9,672
桃園市,桃園區,中成里,61,1562,393,440,833,30,863
桃園市,桃園區,中成里,62,1744,348,523,871,27,898
桃園市,桃園區,中信里,63,1838,369,460,829,35,864
桃園市,桃園區,中信里,64,1889,460,524,984,42,1026
桃園市,桃園區,中信里,65,1985,362,538,900,39,939
桃園市,桃園區,中原里,66,1524,364,471,835,47,882
桃園市,桃園區,中原里,67,1425,355,495,850,30,880
桃園市,桃園區,中原里,68,1606,337,555,892,45,937
桃園市,桃園區,中泰里,69,2056,418,711,1129,26,1155
桃園市,桃園區,中泰里,70,2010,389,698,1087,27,1114
桃園市,桃園區,中聖里,71,2245,375,693,1068,45,1113
桃園市,桃園區,中聖里,72,1590,346,372,718,27,745
桃園市,桃園區,中聖里,73,1536,318,583,901,24,925
桃園市,桃園區,中路里,74,1949,417,510,927,24,951
桃園市,桃園區,中路里,75,1965,370,565,935,41,976
桃園市,桃園區,中德里,76,2414,625,625,1250,48,1298
桃園市,桃園區,中德里,77,1942,493,476,969,40,1009
桃園市,桃園區,中德里,78,2156,472,605,1077,43,1120
桃園市,桃園區,文中里,79,1404,350,407,757,44,801
桃園市,桃園區,文中里,80,1194,315,390,705,27,732
桃園市,桃園區,玉山里,81,1449,395,402,797,47,844
桃園市,桃園區,玉山里,82,1803,390,449,839,48,887
桃園市,桃園區,玉山里,83,1692,392,473,865,40,905
桃園市,桃園區,泰山里,84,1913,432,526,958,50,1008
桃園市,桃園區,泰山里,85,1815,406,451,857,37,894
桃園市,桃園區,龍山里,86,1173,267,294,561,32,593
桃園市,桃園區,龍山里,87,1162,219,342,561,21,582
桃園市,桃園區,龍山里,88,1194,224,289,513,45,558
桃園市,桃園區,龍安里,89,1695,379,488,867,40,907
桃園市,桃園區,龍安里,90,1797,378,513,891,28,919
桃園市,桃園區,龍安里,91,1592,286,512,798,23,821
桃園市,桃園區,龍岡里,92,1780,342,510,852,52,904
桃園市,桃園區,龍岡里,93,1904,344,501,845,27,872
桃園市,桃園區,龍岡里,94,2021,345,637,982,18,1000
桃園市,桃園區,龍祥里,95,1545,219,533,752,44,796
桃園市,桃園區,龍祥里,96,1617,270,476,746,38,784
桃園市,桃園區,龍祥里,97,1683,482,348,830,30,860
桃園市,桃園區,龍壽里,98,1834,380,563,943,20,963
桃園市,桃園區,龍壽里,99,2055,390,559,949,31,980
桃園市,桃園區,龍壽里,100,1828,361,523,884,22,906
桃園市,桃園區,龍鳳里,101,1873,391,516,907,15,922
桃園市,桃園區,龍鳳里,102,3687,313,433,746,28,774
桃園市,桃園區,龍鳳里,103,1850,406,572,978,29,1007
桃園市,桃園區,龍鳳里,104,1827,597,296,893,31,924
桃園市,桃園區,中埔里,105,1149,320,343,663,29,692
桃園市,桃園區,中埔里,106,1061,296,309,605,25,630
桃園市,桃園區,中寧里,107,1831,357,495,852,29,881
桃園市,桃園區,中寧里,108,2168,412,638,1050,34,1084
桃園市,桃園區,中寧里,109,1874,369,529,898,19,917
桃園市,桃園區,北埔里,110,1524,304,385,689,22,711
桃園市,桃園區,北埔里,111,1528,284,496,780,27,807
桃園市,桃園區,北埔里,112,1489,320,453,773,39,812
桃園市,桃園區,永安里,113,1308,330,326,656,31,687
桃園市,桃園區,永安里,114,1583,352,427,779,39,818
桃園市,桃園區,永安里,115,1618,460,408,868,21,889
桃園市,桃園區,同安里,116,2127,476,533,1009,51,1060
桃園市,桃園區,同安里,117,2033,394,582,976,23,999
桃園市,桃園區,同安里,118,2098,401,639,1040,25,1065
桃園市,桃園區,同安里,119,2126,467,629,1096,47,1143
桃園市,桃園區,同德里,120,1917,539,384,923,25,948
桃園市,桃園區,同德里,121,1997,352,596,948,34,982
桃園市,桃園區,同德里,122,1929,394,598,992,27,1019
桃園市,桃園區,自強里,123,1691,351,489,840,24,864
桃園市,桃園區,自強里,124,1900,338,602,940,29,969
桃園市,桃園區,自強里,125,1761,369,524,893,42,935
桃園市,桃園區,自強里,126,1922,385,565,950,26,976
桃園市,桃園區,西埔里,127,1995,466,499,965,36,1001
桃園市,桃園區,西埔里,128,1063,305,270,575,27,602
桃園市,桃園區,明德里,129,1412,293,415,708,30,738
桃園市,桃園區,明德里,130,1746,363,557,920,20,940
桃園市,桃園區,東埔里,131,1689,370,430,800,41,841
桃園市,桃園區,東埔里,132,1542,334,357,691,26,717
桃園市,桃園區,東埔里,133,1437,338,356,694,33,727
桃園市,桃園區,長安里,134,1679,448,423,871,25,896
桃園市,桃園區,長安里,135,1886,368,480,848,33,881
桃園市,桃園區,長德里,136,1657,374,480,854,46,900
桃園市,桃園區,長德里,137,1349,324,384,708,22,730
桃園市,桃園區,長德里,138,1805,375,550,925,27,952
桃園市,桃園區,信光里,139,1846,418,479,897,46,943
桃園市,桃園區,信光里,140,1644,384,366,750,33,783
桃園市,桃園區,信光里,141,1674,335,441,776,30,806
桃園市,桃園區,信光里,142,1737,363,500,863,25,888
桃園市,桃園區,南埔里,143,1566,359,443,802,38,840
桃園市,桃園區,南埔里,144,1517,342,438,780,31,811
桃園市,桃園區,南埔里,145,1619,284,448,732,22,754
桃園市,桃園區,莊敬里,146,1774,300,582,882,30,912
桃園市,桃園區,莊敬里,147,1666,309,531,840,27,867
桃園市,桃園區,莊敬里,148,1528,304,479,783,14,797
桃園市,桃園區,莊敬里,149,1709,337,474,811,34,845
桃園市,桃園區,莊敬里,150,1719,341,486,827,22,849
桃園市,桃園區,慈文里,151,1569,311,391,702,31,733
桃園市,桃園區,慈文里,152,1505,270,433,703,38,741
桃園市,桃園區,慈文里,153,1496,354,368,722,43,765
桃園市,桃園區,慈文里,154,1505,335,453,788,20,808
桃園市,桃園區,新埔里,155,1807,340,546,886,28,914
桃園市,桃園區,新埔里,156,1857,355,579,934,35,969
桃園市,桃園區,新埔里,157,1589,326,538,864,45,909
桃園市,桃園區,新埔里,158,2088,396,627,1023,36,1059
桃園市,桃園區,新埔里,159,1893,360,574,934,27,961
桃園市,桃園區,瑞慶里,160,1303,242,321,563,29,592
桃園市,桃園區,瑞慶里,161,1416,310,428,738,21,759
桃園市,桃園區,瑞慶里,162,1351,288,360,648,23,671
桃園市,桃園區,瑞慶里,163,1659,340,469,809,19,828
桃園市,桃園區,寶安里,164,2103,371,620,991,32,1023
桃園市,桃園區,寶安里,165,1943,333,606,939,25,964
桃園市,桃園區,寶安里,166,1927,399,541,940,46,986
桃園市,桃園區,寶安里,167,1929,382,471,853,34,887
桃園市,桃園區,寶慶里,168,2204,485,723,1208,22,1230
桃園市,桃園區,寶慶里,169,2033,402,504,906,24,930
桃園市,桃園區,寶慶里,170,1656,301,524,825,15,840
桃園市,桃園區,三元里,171,1712,352,484,836,39,875
桃園市,桃園區,三元里,172,1738,338,501,839,43,882
桃園市,桃園區,三民里,173,1432,335,511,846,25,871
桃園市,桃園區,三民里,174,1421,319,467,786,36,822
桃園市,桃園區,三民里,175,1344,289,398,687,21,708
桃園市,桃園區,大有里,176,1942,331,550,881,26,907
桃園市,桃園區,大有里,177,2001,390,593,983,29,1012
桃園市,桃園區,大有里,178,1941,342,536,878,22,900
桃園市,桃園區,大業里,179,1702,402,496,898,19,917
桃園市,桃園區,大業里,180,1589,307,486,793,36,829
桃園市,桃園區,大業里,181,1544,292,463,755,37,792
桃園市,桃園區,大興里,182,1860,388,423,811,19,830
桃園市,桃園區,大興里,183,1726,381,462,843,30,873
桃園市,桃園區,大興里,184,1798,365,481,846,34,880
桃園市,桃園區,成功里,185,1925,408,559,967,22,989
桃園市,桃園區,成功里,186,1945,444,514,958,39,997
桃園市,桃園區,汴洲里,187,1764,408,393,801,40,841
桃園市,桃園區,汴洲里,188,1899,425,553,978,58,1036
桃園市,桃園區,汴洲里,189,1415,310,416,726,12,738
桃園市,桃園區,忠義里,190,1790,302,534,836,24,860
桃園市,桃園區,忠義里,191,1693,326,480,806,21,827
桃園市,桃園區,東山里,192,1916,455,453,908,35,943
桃園市,桃園區,東門里,193,1434,332,348,680,23,703
桃園市,桃園區,東門里,194,1494,374,455,829,26,855
桃園市,桃園區,青溪里,195,1311,346,336,682,43,725
桃園市,桃園區,青溪里,196,1476,378,388,766,28,794
桃園市,桃園區,青溪里,197,1484,380,429,809,22,831
桃園市,桃園區,春日里,198,1514,338,419,757,34,791
桃園市,桃園區,春日里,199,1446,349,373,722,40,762
桃園市,桃園區,春日里,200,1573,325,437,762,20,782
桃園市,桃園區,春日里,201,1564,298,402,700,27,727
桃園市,桃園區,朝陽里,202,1015,282,267,549,27,576
桃園市,桃園區,朝陽里,203,955,236,230,466,22,488
桃園市,桃園區,會稽里,204,1796,372,511,883,25,908
桃園市,桃園區,會稽里,205,1878,364,535,899,16,915
桃園市,桃園區,會稽里,206,1729,334,497,831,34,865
桃園市,桃園區,會稽里,207,1843,311,525,836,22,858
桃園市,桃園區,會稽里,208,1817,311,442,753,32,785
桃園市,桃園區,萬壽里,209,979,274,262,536,21,557
桃園市,桃園區,福元里,210,1363,283,424,707,21,728
桃園市,桃園區,福元里,211,1546,326,456,782,14,796
桃園市,桃園區,福元里,212,1308,289,351,640,22,662
桃園市,桃園區,寶山里,213,2164,443,584,1027,46,1073
桃園市,桃園區,寶山里,214,2020,389,553,942,30,972
桃園市,桃園區,寶山里,215,1924,333,504,837,27,864
桃園市,桃園區,寶山里,216,2088,336,542,878,28,906
桃園市,龜山區,精忠里,217,874,104,347,451,26,477
桃園市,龜山區,精忠里,218,2014,314,667,981,57,1038
桃園市,龜山區,精忠里,219,2145,502,535,1037,19,1056
桃園市,龜山區,陸光里,220,1744,167,719,886,60,946
桃園市,龜山區,陸光里,221,1885,239,725,964,60,1024
桃園市,龜山區,中興里,222,1546,293,381,674,48,722
桃園市,龜山區,中興里,223,1684,375,412,787,45,832
桃園市,龜山區,中興里,224,1477,313,369,682,12,694
桃園市,龜山區,新興里,225,1528,250,565,815,46,861
桃園市,龜山區,新興里,226,1428,142,138,280,13,293
桃園市,龜山區,新路里,227,1525,392,404,796,42,838
桃園市,龜山區,新路里,228,1041,271,312,583,30,613
桃園市,龜山區,新路里,229,1404,353,341,694,28,722
桃園市,龜山區,新路里,230,1478,380,399,779,39,818
桃園市,龜山區,龜山里,231,2178,447,636,1083,50,1133
桃園市,龜山區,龜山里,232,1672,439,418,857,49,906
桃園市,龜山區,龜山里,233,1376,278,376,654,29,683
桃園市,龜山區,龜山里,234,1480,322,390,712,40,752
桃園市,龜山區,大同里,235,1258,317,350,667,26,693
桃園市,龜山區,大同里,236,1464,310,422,732,31,763
桃園市,龜山區,大同里,237,1844,410,483,893,52,945
桃園市,龜山區,大同里,238,1169,248,344,592,21,613
桃園市,龜山區,山頂里,239,1921,310,443,753,33,786
桃園市,龜山區,山頂里,240,1694,373,434,807,23,830
桃園市,龜山區,山頂里,241,1771,442,515,957,32,989
桃園市,龜山區,山德里,242,1665,319,430,749,40,789
桃園市,龜山區,山德里,243,1439,346,354,700,40,740
桃園市,龜山區,山德里,244,1728,331,438,769,40,809
桃園市,龜山區,山福里,245,1788,402,560,962,37,999
桃園市,龜山區,山福里,246,1465,289,394,683,33,716
桃園市,龜山區,幸福里,247,1659,281,282,563,39,602
桃園市,龜山區,幸福里,248,1693,349,359,708,35,743
桃園市,龜山區,幸福里,249,1818,333,361,694,21,715
桃園市,龜山區,龍壽里,250,1752,506,366,872,36,908
桃園市,龜山區,龍華里,251,1818,479,449,928,13,941
桃園市,龜山區,龍華里,252,1499,366,362,728,22,750
桃園市,龜山區,迴龍里,253,1916,457,486,943,35,978
桃園市,龜山區,迴龍里,254,1804,389,487,876,37,913
桃園市,龜山區,迴龍里,255,2127,467,521,988,38,1026
桃園市,龜山區,嶺頂里,256,1005,255,244,499,41,540
桃園市,龜山區,嶺頂里,257,1449,351,392,743,33,776
桃園市,龜山區,嶺頂里,258,1498,352,331,683,50,733
桃園市,龜山區,新嶺里,259,2149,435,478,913,43,956
桃園市,龜山區,新嶺里,260,1771,346,336,682,20,702
桃園市,龜山區,兔坑里,261,841,227,220,447,13,460
桃園市,龜山區,兔坑里,262,2284,500,502,1002,44,1046
桃園市,龜山區,兔坑里,263,1228,276,324,600,54,654
桃園市,龜山區,福源里,264,1979,392,496,888,35,923
桃園市,龜山區,舊路里,265,1378,302,342,644,25,669
桃園市,龜山區,舊路里,266,1061,272,237,509,24,533
桃園市,龜山區,大坑里,267,1917,440,449,889,34,923
桃園市,龜山區,楓福里,268,1540,374,507,881,22,903
桃園市,龜山區,楓福里,269,1433,322,434,756,30,786
桃園市,龜山區,楓樹里,270,1455,338,385,723,26,749
桃園市,龜山區,楓樹里,271,2280,543,639,1182,43,1225
桃園市,龜山區,樂善里,272,1668,413,418,831,34,865
桃園市,龜山區,樂善里,273,1885,425,482,907,34,941
桃園市,龜山區,長庚里,274,1849,469,409,878,29,907
桃園市,龜山區,長庚里,275,1704,465,469,934,15,949
桃園市,龜山區,公西里,276,1156,293,307,600,28,628
桃園市,龜山區,大崗里,277,2114,403,450,853,54,907
桃園市,龜山區,大崗里,278,1943,408,425,833,31,864
桃園市,龜山區,大湖里,279,1800,307,466,773,21,794
桃園市,龜山區,大湖里,280,2020,418,530,948,38,986
桃園市,龜山區,大湖里,281,1319,326,375,701,29,730
桃園市,龜山區,大華里,282,2229,546,599,1145,40,1185
桃園市,龜山區,大華里,283,1992,413,540,953,18,971
桃園市,龜山區,大華里,284,2237,488,529,1017,37,1054
桃園市,龜山區,大華里,285,2133,457,556,1013,17,1030
桃園市,龜山區,文化里,286,2187,491,572,1063,44,1107
桃園市,龜山區,文化里,287,1959,418,506,924,33,957
桃園市,龜山區,文化里,288,1910,390,469,859,27,886
桃園市,龜山區,南上里,289,1840,478,441,919,65,984
桃園市,龜山區,南美里,290,2266,506,589,1095,38,1133
桃園市,龜山區,文青里,291,2387,411,637,1048,36,1084
桃園市,龜山區,文青里,292,1692,333,437,770,21,791
桃園市,龜山區,文青里,293,904,218,241,459,15,474
桃園市,龜山區,文青里,294,1469,299,462,761,26,787
桃園市,八德區,興仁里,295,1761,387,412,799,39,838
桃園市,八德區,興仁里,296,1804,314,401,715,21,736
桃園市,八德區,興仁里,297,1813,214,272,486,28,514
桃園市,八德區,興仁里,298,1784,205,587,792,33,825
桃園市,八德區,福興里,299,2257,332,569,901,35,936
桃園市,八德區,福興里,300,1857,373,424,797,23,820
桃園市,八德區,福興里,301,2261,414,522,936,42,978
桃園市,八德區,福興里,302,1903,413,530,943,48,991
桃園市,八德區,瑞豐里,303,1955,357,566,923,57,980
桃園市,八德區,瑞豐里,304,1665,318,399,717,15,732
桃園市,八德區,瑞興里,305,1431,390,352,742,38,780
桃園市,八德區,瑞興里,306,1263,305,366,671,34,705
桃園市,八德區,瑞泰里,307,1583,482,442,924,45,969
桃園市,八德區,瑞泰里,308,1246,317,345,662,22,684
桃園市,八德區,瑞泰里,309,1356,276,413,689,36,725
桃園市,八德區,瑞發里,310,1630,365,487,852,54,906
桃園市,八德區,瑞發里,311,1586,270,506,776,29,805
桃園市,八德區,瑞德里,312,1649,316,505,821,51,872
桃園市,八德區,瑞德里,313,1910,303,536,839,61,900
桃園市,八德區,瑞祥里,314,1612,305,534,839,61,900
桃園市,八德區,瑞祥里,315,1640,261,556,817,37,854
桃園市,八德區,廣德里,316,1303,324,326,650,32,682
桃園市,八德區,廣德里,317,1413,338,440,778,33,811
桃園市,八德區,廣興里,318,1711,408,428,836,41,877
桃園市,八德區,廣興里,319,1562,363,446,809,35,844
桃園市,八德區,廣隆里,320,1735,302,567,869,42,911
桃園市,八德區,廣隆里,321,1658,343,477,820,31,851
桃園市,八德區,廣隆里,322,1022,264,308,572,43,615
桃園市,八德區,竹園里,323,1673,307,440,747,40,787
桃園市,八德區,竹園里,324,1741,319,509,828,35,863
桃園市,八德區,霄裡里,325,2110,437,585,1022,47,1069
桃園市,八德區,龍友里,326,1145,179,402,581,35,616
桃園市,八德區,龍友里,327,1010,177,399,576,35,611
桃園市,八德區,茄明里,328,1848,334,472,806,19,825
桃園市,八德區,茄明里,329,1334,306,392,698,36,734
桃園市,八德區,茄明里,330,1349,252,326,578,21,599
桃園市,八德區,茄苳里,331,1341,344,392,736,31,767
桃園市,八德區,茄苳里,332,1178,304,332,636,45,681
桃園市,八德區,永豐里,333,1374,312,407,719,32,751
桃園市,八德區,永豐里,334,1462,294,397,691,56,747
桃園市,八德區,高明里,335,1943,387,462,849,38,887
桃園市,八德區,高明里,336,1928,342,379,721,44,765
桃園市,八德區,高城里,337,1403,300,377,677,24,701
桃園市,八德區,高城里,338,1672,349,418,767,35,802
桃園市,八德區,白鷺里,339,1947,399,490,889,36,925
桃園市,八德區,白鷺里,340,1200,260,354,614,44,658
桃園市,八德區,大湳里,341,1895,546,415,961,41,1002
桃園市,八德區,大湳里,342,1988,411,468,879,43,922
桃園市,八德區,大發里,343,2006,485,507,992,58,1050
桃園市,八德區,大仁里,344,2061,442,477,919,9,928
桃園市,八德區,大仁里,345,2108,439,491,930,47,977
桃園市,八德區,大明里,346,1862,354,501,855,42,897
桃園市,八德區,大明里,347,1681,371,449,820,26,846
桃園市,八德區,大安里,348,1317,345,338,683,39,722
桃園市,八德區,大安里,349,2093,533,591,1124,43,1167
桃園市,八德區,大竹里,350,1499,409,406,815,40,855
桃園市,八德區,大興里,351,1782,357,511,868,40,908
桃園市,八德區,大興里,352,1763,363,502,865,24,889
桃園市,八德區,大愛里,353,1226,263,361,624,43,667
桃園市,八德區,大愛里,354,1311,291,402,693,31,724
桃園市,八德區,大華里,355,1170,285,337,622,46,668
桃園市,八德區,大華里,356,1313,250,443,693,32,725
桃園市,八德區,大順里,357,1186,250,374,624,26,650
桃園市,八德區,大順里,358,1481,347,347,694,31,725
桃園市,八德區,大和里,359,1998,412,570,982,46,1028
桃園市,八德區,大和里,360,916,217,284,501,19,520
桃園市,八德區,大和里,361,1943,308,573,881,46,927
桃園市,八德區,大和里,362,2076,321,639,960,30,990
桃園市,八德區,大昌里,363,1363,299,391,690,41,731
桃園市,八德區,大昌里,364,1491,294,430,724,63,787
桃園市,八德區,大信里,365,1474,347,370,717,46,763
桃園市,八德區,大信里,366,718,41,121,162,15,177
桃園市,八德區,大信里,367,1386,322,374,696,39,735
桃園市,八德區,陸光里,368,1487,202,497,699,70,769
桃園市,八德區,陸光里,369,1552,188,554,742,71,813
桃園市,八德區,陸光里,370,1255,172,387,559,58,617
桃園市,八德區,大同里,371,1505,340,471,811,31,842
桃園市,八德區,大慶里,372,1436,309,354,663,42,705
桃園市,八德區,大成里,373,1618,400,449,849,42,891
桃園市,八德區,大成里,374,1685,337,478,815,43,858
桃園市,八德區,大義里,375,1835,299,518,817,37,854
桃園市,八德區,大義里,376,1881,380,521,901,48,949
桃園市,八德區,大忠里,377,1766,320,518,838,33,871
桃園市,八德區,大智里,378,1817,333,553,886,46,932
桃園市,八德區,大智里,379,2198,383,723,1106,26,1132
桃園市,八德區,大宏里,380,1732,353,519,872,35,907
桃園市,八德區,大宏里,381,2089,401,553,954,30,984
桃園市,八德區,大正里,382,1257,295,378,673,31,704
桃園市,八德區,大正里,383,1267,262,360,622,39,661
桃園市,八德區,大正里,384,1427,305,460,765,15,780
桃園市,八德區,大福里,385,1685,355,577,932,46,978
桃園市,八德區,大福里,386,1748,420,490,910,36,946
桃園市,八德區,大福里,387,1650,396,704,1100,40,1140
桃園市,八德區,大強里,388,1478,359,403,762,45,807
桃園市,八德區,大強里,389,1607,322,502,824,47,871
桃園市,八德區,大勇里,390,1841,446,529,975,48,1023
桃園市,八德區,大勇里,391,2082,455,569,1024,54,1078
桃園市,八德區,大榮里,392,1959,380,501,881,33,914
桃園市,八德區,大千里,393,2209,491,605,1096,48,1144
桃園市,八德區,大漢里,394,1864,336,601,937,39,976
桃園市,八德區,大漢里,395,2000,360,571,931,45,976
桃園市,蘆竹區,新興里,396,1358,384,304,688,39,727
桃園市,蘆竹區,新興里,397,1538,397,338,735,51,786
桃園市,蘆竹區,中福里,398,2118,398,459,857,48,905
桃園市,蘆竹區,中福里,399,1673,447,455,902,43,945
桃園市,蘆竹區,上興里,400,1500,336,453,789,20,809
桃園市,蘆竹區,上興里,401,1699,380,494,874,35,909
桃園市,蘆竹區,中興里,402,2250,438,666,1104,44,1148
桃園市,蘆竹區,中興里,403,2354,436,576,1012,27,1039
桃園市,蘆竹區,新莊里,404,1446,334,365,699,24,723
桃園市,蘆竹區,新莊里,405,1623,380,352,732,42,774
桃園市,蘆竹區,新莊里,406,1747,341,482,823,28,851
桃園市,蘆竹區,上竹里,407,1988,396,565,961,59,1020
桃園市,蘆竹區,上竹里,408,1437,312,415,727,33,760
桃園市,蘆竹區,宏竹里,409,1532,388,430,818,46,864
桃園市,蘆竹區,宏竹里,410,1447,301,431,732,23,755
桃園市,蘆竹區,大竹里,411,2189,512,560,1072,48,1120
桃園市,蘆竹區,大竹里,412,2498,356,663,1019,55,1074
桃園市,蘆竹區,富竹里,413,1322,335,364,699,34,733
桃園市,蘆竹區,蘆竹里,414,1991,433,382,815,43,858
桃園市,蘆竹區,蘆竹里,415,2097,480,471,951,55,1006
桃園市,蘆竹區,南興里,416,1558,329,493,822,28,850
桃園市,蘆竹區,南興里,417,1891,602,354,956,39,995
桃園市,蘆竹區,南興里,418,1590,305,430,735,38,773
桃園市,蘆竹區,福昌里,419,2404,430,613,1043,41,1084
桃園市,蘆竹區,福昌里,420,2522,482,725,1207,43,1250
桃園市,蘆竹區,福興里,421,1633,353,473,826,22,848
桃園市,蘆竹區,福興里,422,1715,351,493,844,36,880
桃園市,蘆竹區,正興里,423,2215,458,546,1004,31,1035
桃園市,蘆竹區,正興里,424,2029,415,537,952,30,982
桃園市,蘆竹區,順興里,425,1731,365,445,810,34,844
桃園市,蘆竹區,順興里,426,1820,340,554,894,32,926
桃園市,蘆竹區,蘆興里,427,1633,364,479,843,46,889
桃園市,蘆竹區,南榮里,428,1668,346,398,744,29,773
桃園市,蘆竹區,南榮里,429,1493,339,451,790,27,817
桃園市,蘆竹區,南崁里,430,1864,400,539,939,45,984
桃園市,蘆竹區,南崁里,431,1703,374,443,817,30,847
桃園市,蘆竹區,錦興里,432,1893,407,499,906,37,943
桃園市,蘆竹區,錦興里,433,1922,446,567,1013,48,1061
桃園市,蘆竹區,興榮里,434,1393,300,427,727,19,746
桃園市,蘆竹區,興榮里,435,1338,296,413,709,26,735
桃園市,蘆竹區,錦中里,436,1688,321,501,822,33,855
桃園市,蘆竹區,錦中里,437,1462,357,359,716,40,756
桃園市,蘆竹區,長興里,438,1232,295,334,629,24,653
桃園市,蘆竹區,長興里,439,1356,258,341,599,22,621
桃園市,蘆竹區,五福里,440,1181,307,369,676,27,703
桃園市,蘆竹區,五福里,441,1199,226,361,587,23,610
桃園市,蘆竹區,中山里,442,1710,347,542,889,23,912
桃園市,蘆竹區,中山里,443,1423,274,405,679,36,715
桃園市,蘆竹區,福祿里,444,1522,370,418,788,27,815
桃園市,蘆竹區,福祿里,445,1639,335,517,852,29,881
桃園市,蘆竹區,羊稠里,446,2055,410,583,993,42,1035
桃園市,蘆竹區,羊稠里,447,2178,413,658,1071,27,1098
桃園市,蘆竹區,吉祥里,448,1709,371,522,893,26,919
桃園市,蘆竹區,長壽里,449,1667,331,557,888,28,916
桃園市,蘆竹區,長壽里,450,1745,362,556,918,29,947
桃園市,蘆竹區,長壽里,451,1967,390,639,1029,47,1076
桃園市,蘆竹區,吉祥里,452,1802,377,616,993,19,1012
桃園市,蘆竹區,營盤里,453,2727,495,794,1289,33,1322
桃園市,蘆竹區,營盤里,454,1868,388,471,859,27,886
桃園市,蘆竹區,營福里,455,1537,343,410,753,29,782
桃園市,蘆竹區,營福里,456,1616,339,483,822,27,849
桃園市,蘆竹區,瓦窯里,457,1483,371,474,845,28,873
桃園市,蘆竹區,瓦窯里,458,1689,303,492,795,54,849
桃園市,蘆竹區,內厝里,459,1318,271,274,545,24,569
桃園市,蘆竹區,內厝里,460,1203,340,359,699,72,771
桃園市,蘆竹區,山鼻里,461,1771,370,449,819,23,842
桃園市,蘆竹區,山腳里,462,1832,389,415,804,76,880
桃園市,蘆竹區,山腳里,463,1763,408,419,827,63,890
桃園市,蘆竹區,外社里,464,1497,344,321,665,17,682
桃園市,蘆竹區,坑子里,465,1671,480,426,906,86,992
桃園市,蘆竹區,坑口里,466,929,242,242,484,54,538
桃園市,蘆竹區,坑口里,467,1559,408,392,800,82,882
桃園市,蘆竹區,海湖里,468,1497,301,443,744,25,769
桃園市,蘆竹區,海湖里,469,1441,489,361,850,61,911
桃園市,蘆竹區,濱海里,470,1465,299,403,702,55,757
桃園市,蘆竹區,濱海里,471,1029,236,257,493,41,534
桃園市,大園區,大園里,472,1538,286,381,667,45,712
桃園市,大園區,大園里,473,1616,256,378,634,35,669
桃園市,大園區,大園里,474,1437,359,418,777,37,814
桃園市,大園區,大園里,475,1554,366,464,830,32,862
桃園市,大園區,田心里,476,1237,319,303,622,28,650
桃園市,大園區,田心里,477,1347,291,363,654,43,697
桃園市,大園區,田心里,478,1261,306,322,628,24,652
桃園市,大園區,田心里,479,1256,281,325,606,34,640
桃園市,大園區,田心里,480,1370,305,318,623,29,652
桃園市,大園區,溪海里,481,1610,197,507,704,44,748
桃園市,大園區,溪海里,482,1419,308,377,685,34,719
桃園市,大園區,溪海里,483,1588,289,355,644,24,668
桃園市,大園區,和平里,484,1612,375,405,780,34,814
桃園市,大園區,橫峰里,485,1440,298,384,682,35,717
桃園市,大園區,橫峰里,486,1326,277,339,616,39,655
桃園市,大園區,橫峰里,487,1455,307,466,773,52,825
桃園市,大園區,橫峰里,488,1562,405,402,807,36,843
桃園市,大園區,橫峰里,489,1284,289,416,705,29,734
桃園市,大園區,橫峰里,490,1454,281,394,675,17,692
桃園市,大園區,橫峰里,491,1490,298,443,741,17,758
桃園市,大園區,五權里,492,1617,377,390,767,28,795
桃園市,大園區,五權里,493,1594,377,394,771,61,832
桃園市,大園區,五權里,494,1650,382,409,791,46,837
桃園市,大園區,埔心里,495,1467,331,361,692,16,708
桃園市,大園區,埔心里,496,1494,313,420,733,31,764
桃園市,大園區,埔心里,497,1538,349,494,843,44,887
桃園市,大園區,埔心里,498,1397,318,370,688,27,715
桃園市,大園區,大海里,499,1637,337,451,788,22,810
桃園市,大園區,三石里,500,1452,320,347,667,34,701
桃園市,大園區,三石里,501,1414,778,27,805,49,854
桃園市,大園區,?林里,502,1670,390,428,818,48,866
桃園市,大園區,?林里,503,1701,364,406,770,26,796
桃園市,大園區,?林里,504,1813,354,399,753,29,782
桃園市,大園區,?林里,505,1687,356,412,768,38,806
桃園市,大園區,竹圍里,506,1650,339,499,838,17,855
桃園市,大園區,竹圍里,507,1556,405,436,841,42,883
桃園市,大園區,海口里,508,1844,358,444,802,22,824
桃園市,大園區,沙崙里,509,1336,371,244,615,38,653
桃園市,大園區,沙崙里,510,1414,362,394,756,38,794
桃園市,大園區,後厝里,511,1238,322,395,717,39,756
桃園市,大園區,後厝里,512,1227,319,389,708,39,747
桃園市,大園區,圳頭里,513,1199,270,311,581,29,610
桃園市,大園區,圳頭里,514,1349,281,336,617,24,641
桃園市,大園區,內海里,515,1120,270,297,567,21,588
桃園市,大園區,內海里,516,1080,273,285,558,24,582
桃園市,大園區,北港里,517,1341,322,297,619,41,660
桃園市,大園區,北港里,518,1345,321,362,683,31,714
桃園市,大園區,南港里,519,1565,321,369,690,31,721
桃園市,大園區,南港里,520,1519,270,372,642,17,659
桃園市,大園區,南港里,521,2130,415,527,942,45,987
桃園市,大溪區,興和里,522,1477,450,357,807,37,844
桃園市,大溪區,福仁里,523,1006,310,250,560,26,586
桃園市,大溪區,田心里,524,1553,357,423,780,40,820
桃園市,大溪區,田心里,525,1597,446,390,836,41,877
桃園市,大溪區,田心里,526,1358,351,351,702,31,733
桃園市,大溪區,一心里,527,1585,342,389,731,32,763
桃園市,大溪區,一心里,528,1612,380,430,810,33,843
桃園市,大溪區,一心里,529,1555,350,373,723,29,752
桃園市,大溪區,一德里,530,1282,339,395,734,39,773
桃園市,大溪區,一德里,531,1392,285,418,703,34,737
桃園市,大溪區,一德里,532,1422,356,341,697,36,733
桃園市,大溪區,一德里,533,1448,354,382,736,51,787
桃園市,大溪區,月眉里,534,1269,389,353,742,39,781
桃園市,大溪區,永福里,535,977,323,228,551,49,600
桃園市,大溪區,康安里,536,1359,430,335,765,34,799
桃園市,大溪區,義和里,537,1135,319,331,650,44,694
桃園市,大溪區,義和里,538,660,202,138,340,14,354
桃園市,大溪區,美華里,539,1056,282,229,511,26,537
桃園市,大溪區,美華里,540,1263,320,306,626,29,655
桃園市,大溪區,美華里,541,717,209,167,376,28,404
桃園市,大溪區,福安里,542,1299,320,266,586,13,599
桃園市,大溪區,福安里,543,976,288,229,517,29,546
桃園市,大溪區,復興里,544,938,240,233,473,35,508
桃園市,大溪區,新峰里,545,832,189,216,405,31,436
桃園市,大溪區,中新里,546,866,220,167,387,16,403
桃園市,大溪區,中新里,547,694,180,150,330,24,354
桃園市,大溪區,瑞興里,548,1410,408,308,716,30,746
桃園市,大溪區,瑞興里,549,1303,256,350,606,44,650
桃園市,大溪區,仁善里,550,1125,271,285,556,37,593
桃園市,大溪區,仁善里,551,1170,267,362,629,18,647
桃園市,大溪區,仁善里,552,1308,299,440,739,27,766
桃園市,大溪區,仁美里,553,1094,258,305,563,58,621
桃園市,大溪區,仁美里,554,2153,471,622,1093,56,1149
桃園市,大溪區,僑愛里,555,1173,148,492,640,42,682
桃園市,大溪區,僑愛里,556,1369,204,473,677,26,703
桃園市,大溪區,仁義里,557,1446,235,446,681,60,741
桃園市,大溪區,仁義里,558,1406,166,427,593,34,627
桃園市,大溪區,仁和里,559,1592,317,516,833,28,861
桃園市,大溪區,仁和里,560,1497,341,473,814,41,855
桃園市,大溪區,仁和里,561,1559,362,476,838,46,884
桃園市,大溪區,仁愛里,562,1684,356,505,861,23,884
桃園市,大溪區,仁愛里,563,1959,448,599,1047,39,1086
桃園市,大溪區,仁愛里,564,1369,317,411,728,51,779
桃園市,大溪區,仁武里,565,1431,297,462,759,43,802
桃園市,大溪區,仁武里,566,1657,278,400,678,23,701
桃園市,大溪區,仁文里,567,1387,269,317,586,27,613
桃園市,大溪區,仁文里,568,1085,221,322,543,34,577
桃園市,大溪區,仁文里,569,1403,331,429,760,35,795
桃園市,大溪區,南興里,570,1511,375,347,722,62,784
桃園市,大溪區,南興里,571,1719,380,362,742,62,804
桃園市,大溪區,南興里,572,1717,350,394,744,48,792
桃園市,大溪區,光明里,573,1207,226,332,558,54,612
桃園市,大溪區,光明里,574,1188,195,409,604,73,677
桃園市,大溪區,員林里,575,1514,292,419,711,27,738
桃園市,大溪區,三元里,576,1529,271,543,814,45,859
桃園市,大溪區,三元里,577,1260,237,478,715,28,743
桃園市,大溪區,瑞源里,578,831,167,299,466,10,476
桃園市,大溪區,瑞源里,579,1407,318,436,754,33,787
桃園市,大溪區,瑞源里,580,1494,343,374,717,42,759
桃園市,復興區,三民里,581,1991,391,655,1046,70,1116
桃園市,復興區,澤仁里,582,1392,253,497,750,46,796
桃園市,復興區,霞雲里,583,564,103,182,285,21,306
桃園市,復興區,義盛里,584,716,106,247,353,19,372
桃園市,復興區,羅浮里,585,1016,275,311,586,56,642
桃園市,復興區,長興里,586,669,119,161,280,8,288
桃園市,復興區,奎輝里,587,760,117,235,352,14,366
桃園市,復興區,高義里,588,751,116,262,378,24,402
桃園市,復興區,三光里,589,683,70,164,234,9,243
桃園市,復興區,華陵里,590,1224,256,383,639,31,670
桃園市,中壢區,後寮里,591,1401,267,441,708,40,748
桃園市,中壢區,後寮里,592,1798,377,491,868,32,900
桃園市,中壢區,後寮里,593,1642,303,448,751,31,782
桃園市,中壢區,明德里,594,1670,316,539,855,38,893
桃園市,中壢區,明德里,595,1456,348,441,789,19,808
桃園市,中壢區,明德里,596,1531,357,514,871,38,909
桃園市,中壢區,至善里,597,1623,301,603,904,39,943
桃園市,中壢區,至善里,598,1953,278,589,867,29,896
桃園市,中壢區,龍慈里,599,1155,240,394,634,28,662
桃園市,中壢區,龍慈里,600,1800,263,552,815,32,847
桃園市,中壢區,龍慈里,601,1757,274,557,831,21,852
桃園市,中壢區,龍興里,602,1281,259,464,723,43,766
桃園市,中壢區,龍興里,603,1462,313,487,800,30,830
桃園市,中壢區,龍興里,604,1560,262,471,733,47,780
桃園市,中壢區,龍德里,605,1602,344,544,888,52,940
桃園市,中壢區,龍德里,606,1006,216,405,621,25,646
桃園市,中壢區,龍德里,607,1474,262,551,813,24,837
桃園市,中壢區,龍岡里,608,1627,187,641,828,48,876
桃園市,中壢區,龍岡里,609,1519,277,547,824,35,859
桃園市,中壢區,龍岡里,610,1526,229,543,772,71,843
桃園市,中壢區,龍東里,611,1618,274,536,810,63,873
桃園市,中壢區,龍東里,612,1554,249,605,854,49,903
桃園市,中壢區,龍東里,613,1706,223,641,864,62,926
桃園市,中壢區,龍昌里,614,1818,324,671,995,41,1036
桃園市,中壢區,龍昌里,615,1991,331,636,967,34,1001
桃園市,中壢區,龍昌里,616,1609,291,533,824,37,861
桃園市,中壢區,龍平里,617,1329,145,483,628,25,653
桃園市,中壢區,龍平里,618,1587,229,519,748,48,796
桃園市,中壢區,仁美里,619,1955,288,673,961,34,995
桃園市,中壢區,仁美里,620,1711,314,544,858,31,889
桃園市,中壢區,仁美里,621,1712,696,153,849,31,880
桃園市,中壢區,仁福里,622,1448,260,537,797,39,836
桃園市,中壢區,仁福里,623,1605,253,536,789,46,835
桃園市,中壢區,仁福里,624,1633,242,514,756,15,771
桃園市,中壢區,華愛里,625,1795,456,501,957,50,1007
桃園市,中壢區,華愛里,626,1689,175,719,894,21,915
桃園市,中壢區,普仁里,627,1201,241,401,642,31,673
桃園市,中壢區,普仁里,628,1353,297,397,694,27,721
桃園市,中壢區,普仁里,629,1587,297,457,754,34,788
桃園市,中壢區,普忠里,630,1883,385,580,965,40,1005
桃園市,中壢區,普忠里,631,1448,253,468,721,24,745
桃園市,中壢區,普強里,632,1810,360,566,926,31,957
桃園市,中壢區,普強里,633,1916,363,565,928,56,984
桃園市,中壢區,普慶里,634,1177,249,416,665,24,689
桃園市,中壢區,普慶里,635,1410,315,498,813,31,844
桃園市,中壢區,信義里,636,1368,318,390,708,19,727
桃園市,中壢區,信義里,637,1424,334,491,825,31,856
桃園市,中壢區,信義里,638,1573,313,544,857,25,882
桃園市,中壢區,正義里,639,1152,263,374,637,23,660
桃園市,中壢區,正義里,640,1178,288,354,642,16,658
桃園市,中壢區,正義里,641,1966,400,626,1026,37,1063
桃園市,中壢區,普義里,642,3474,248,445,693,23,716
桃園市,中壢區,普義里,643,2099,393,697,1090,48,1138
桃園市,中壢區,德義里,644,1178,225,410,635,34,669
桃園市,中壢區,德義里,645,1397,300,511,811,46,857
桃園市,中壢區,仁義里,646,1669,363,526,889,42,931
桃園市,中壢區,仁義里,647,2087,397,578,975,36,1011
桃園市,中壢區,忠義里,648,1900,385,557,942,33,975
桃園市,中壢區,忠義里,649,1640,306,399,705,19,724
桃園市,中壢區,龍安里,650,994,157,412,569,28,597
桃園市,中壢區,龍安里,651,1131,231,467,698,32,730
桃園市,中壢區,仁愛里,652,1625,357,564,921,38,959
桃園市,中壢區,仁愛里,653,1384,353,481,834,26,860
桃園市,中壢區,仁德里,654,1588,300,512,812,45,857
桃園市,中壢區,仁德里,655,1445,260,490,750,36,786
桃園市,中壢區,仁和里,656,1743,286,539,825,43,868
桃園市,中壢區,仁和里,657,1812,330,551,881,29,910
桃園市,中壢區,仁祥里,658,1546,272,476,748,43,791
桃園市,中壢區,仁祥里,659,1290,229,422,651,42,693
桃園市,中壢區,華勛里,660,2145,300,700,1000,74,1074
桃園市,中壢區,華勛里,661,1451,228,455,683,35,718
桃園市,中壢區,中堅里,662,1489,266,478,744,36,780
桃園市,中壢區,中堅里,663,827,152,295,447,19,466
桃園市,中壢區,中堅里,664,1442,254,473,727,22,749
桃園市,中壢區,興仁里,665,1842,334,531,865,14,879
桃園市,中壢區,興仁里,666,1520,243,477,720,30,750
桃園市,中壢區,中正里,667,1764,308,481,789,37,826
桃園市,中壢區,中正里,668,1488,258,540,798,25,823
桃園市,中壢區,中正里,669,1593,292,518,810,42,852
桃園市,中壢區,中山里,670,1505,277,485,762,39,801
桃園市,中壢區,中山里,671,1661,326,526,852,21,873
桃園市,中壢區,中山里,672,1492,268,520,788,31,819
桃園市,中壢區,篤行里,673,1249,265,329,594,23,617
桃園市,中壢區,篤行里,674,1257,245,433,678,23,701
桃園市,中壢區,自強里,675,1659,275,539,814,52,866
桃園市,中壢區,自強里,676,1815,319,626,945,38,983
桃園市,中壢區,中興里,677,1702,289,534,823,44,867
桃園市,中壢區,中興里,678,1541,274,531,805,22,827
桃園市,中壢區,自立里,679,1659,273,497,770,48,818
桃園市,中壢區,自立里,680,1874,200,700,900,74,974
桃園市,中壢區,自立里,681,1603,178,594,772,36,808
桃園市,中壢區,自信里,682,1735,269,582,851,32,883
桃園市,中壢區,自信里,683,1815,294,596,890,22,912
桃園市,中壢區,自信里,684,1873,323,588,911,26,937
桃園市,中壢區,莊敬里,685,1739,205,722,927,42,969
桃園市,中壢區,莊敬里,686,1709,169,642,811,37,848
桃園市,中壢區,自治里,687,1655,264,599,863,49,912
桃園市,中壢區,自治里,688,1664,265,604,869,20,889
桃園市,中壢區,內壢里,689,1087,224,324,548,18,566
桃園市,中壢區,內壢里,690,1065,230,336,566,33,599
桃園市,中壢區,成功里,691,1844,394,562,956,42,998
桃園市,中壢區,成功里,692,1220,228,331,559,37,596
桃園市,中壢區,成功里,693,1219,249,385,634,25,659
桃園市,中壢區,福德里,694,1260,282,381,663,37,700
桃園市,中壢區,福德里,695,1594,309,572,881,48,929
桃園市,中壢區,中原里,696,1733,438,461,899,48,947
桃園市,中壢區,中原里,697,1979,347,662,1009,39,1048
桃園市,中壢區,忠孝里,698,1621,350,520,870,21,891
桃園市,中壢區,忠孝里,699,1391,303,454,757,27,784
桃園市,中壢區,忠孝里,700,1531,278,547,825,25,850
桃園市,中壢區,復興里,701,1943,322,579,901,34,935
桃園市,中壢區,復興里,702,1363,276,421,697,23,720
桃園市,中壢區,復興里,703,2172,357,590,947,43,990
桃園市,中壢區,復興里,704,1798,285,559,844,35,879
桃園市,中壢區,復興里,705,1671,271,532,803,25,828
桃園市,中壢區,復華里,706,1969,369,580,949,33,982
桃園市,中壢區,復華里,707,1563,370,576,946,33,979
桃園市,中壢區,復華里,708,1762,341,593,934,43,977
桃園市,中壢區,文化里,709,1923,278,516,794,33,827
桃園市,中壢區,文化里,710,1572,326,527,853,50,903
桃園市,中壢區,文化里,711,1850,398,595,993,27,1020
桃園市,中壢區,文化里,712,1583,309,461,770,52,822
桃園市,中壢區,文化里,713,1735,366,508,874,33,907
桃園市,中壢區,和平里,714,1292,274,407,681,17,698
桃園市,中壢區,和平里,715,1265,260,406,666,18,684
桃園市,中壢區,內定里,716,1798,408,500,908,29,937
桃園市,中壢區,內定里,717,1822,453,560,1013,39,1052
桃園市,中壢區,內定里,718,1613,362,477,839,23,862
桃園市,中壢區,內定里,719,1405,339,393,732,26,758
桃園市,中壢區,石頭里,720,1730,405,536,941,46,987
桃園市,中壢區,中央里,721,1384,322,507,829,24,853
桃園市,中壢區,中央里,722,1122,251,371,622,18,640
桃園市,中壢區,中央里,723,992,256,319,575,31,606
桃園市,中壢區,新興里,724,1820,375,553,928,26,954
桃園市,中壢區,新興里,725,1847,344,574,918,29,947
桃園市,中壢區,林森里,726,1302,297,427,724,38,762
桃園市,中壢區,林森里,727,1203,266,404,670,28,698
桃園市,中壢區,林森里,728,1226,294,458,752,43,795
桃園市,中壢區,振興里,729,1234,249,446,695,33,728
桃園市,中壢區,振興里,730,2023,312,598,910,46,956
桃園市,中壢區,振興里,731,1555,259,468,727,27,754
桃園市,中壢區,東興里,732,1951,384,555,939,44,983
桃園市,中壢區,東興里,733,1383,333,412,745,28,773
桃園市,中壢區,健行里,734,1164,249,428,677,28,705
桃園市,中壢區,健行里,735,1482,267,528,795,27,822
桃園市,中壢區,健行里,736,1770,339,578,917,35,952
桃園市,中壢區,水尾里,737,1703,438,524,962,36,998
桃園市,中壢區,水尾里,738,1841,383,554,937,47,984
桃園市,中壢區,金華里,739,1941,379,659,1038,28,1066
桃園市,中壢區,金華里,740,2029,346,744,1090,27,1117
桃園市,中壢區,忠福里,741,1636,364,542,906,32,938
桃園市,中壢區,忠福里,742,1528,333,510,843,30,873
桃園市,中壢區,忠福里,743,2289,300,746,1046,57,1103
桃園市,中壢區,忠福里,744,2020,424,581,1005,28,1033
桃園市,中壢區,幸福里,745,2027,419,627,1046,42,1088
桃園市,中壢區,幸福里,746,1883,327,493,820,17,837
桃園市,中壢區,幸福里,747,2080,368,617,985,40,1025
桃園市,中壢區,永福里,748,646,152,185,337,15,352
桃園市,中壢區,永福里,749,1780,628,438,1066,44,1110
桃園市,中壢區,永福里,750,1372,298,467,765,21,786
桃園市,中壢區,永福里,751,1668,359,567,926,34,960
桃園市,中壢區,青埔里,752,1987,431,540,971,29,1000
桃園市,中壢區,青埔里,753,1520,325,455,780,33,813
桃園市,中壢區,新街里,754,852,219,226,445,27,472
桃園市,中壢區,新街里,755,1209,266,379,645,26,671
桃園市,中壢區,興南里,756,1481,331,429,760,50,810
桃園市,中壢區,興南里,757,1564,270,463,733,20,753
桃園市,中壢區,興國里,758,1957,464,585,1049,32,1081
桃園市,中壢區,興平里,759,1223,301,361,662,36,698
桃園市,中壢區,興平里,760,1182,294,384,678,26,704
桃園市,中壢區,興和里,761,1066,267,330,597,35,632
桃園市,中壢區,興和里,762,1701,371,584,955,24,979
桃園市,中壢區,永興里,763,943,214,271,485,20,505
桃園市,中壢區,中壢里,764,731,191,239,430,14,444
桃園市,中壢區,中榮里,765,851,217,252,469,30,499
桃園市,中壢區,中建里,766,1011,293,254,547,20,567
桃園市,中壢區,舊明里,767,1532,397,473,870,30,900
桃園市,中壢區,新明里,768,1028,251,277,528,35,563
桃園市,中壢區,新明里,769,1157,310,329,639,38,677
桃園市,中壢區,新明里,770,1591,361,461,822,32,854
桃園市,中壢區,光明里,771,2156,347,638,985,43,1028
桃園市,中壢區,光明里,772,1479,300,414,714,13,727
桃園市,中壢區,光明里,773,1780,368,543,911,33,944
桃園市,中壢區,永光里,774,1651,383,470,853,41,894
桃園市,中壢區,永光里,775,1870,337,666,1003,27,1030
桃園市,中壢區,永光里,776,1913,236,617,853,21,874
桃園市,中壢區,三民里,777,1609,336,410,746,40,786
桃園市,中壢區,三民里,778,1539,349,407,756,34,790
桃園市,中壢區,五權里,779,1426,303,441,744,25,769
桃園市,中壢區,五權里,780,1618,325,447,772,29,801
桃園市,中壢區,五權里,781,1441,290,453,743,40,783
桃園市,中壢區,五權里,782,1528,329,474,803,42,845
桃園市,中壢區,五福里,783,1683,387,465,852,60,912
桃園市,中壢區,五福里,784,1945,404,622,1026,48,1074
桃園市,中壢區,芝芭里,785,1534,395,398,793,33,826
桃園市,中壢區,芝芭里,786,1810,354,524,878,49,927
桃園市,中壢區,洽溪里,787,1097,251,278,529,33,562
桃園市,中壢區,洽溪里,788,1917,363,542,905,29,934
桃園市,中壢區,洽溪里,789,1858,367,557,924,32,956
桃園市,中壢區,內厝里,790,1576,449,360,809,47,856
桃園市,中壢區,內厝里,791,1478,387,420,807,27,834
桃園市,中壢區,內厝里,792,1589,362,455,817,25,842
桃園市,中壢區,月眉里,793,2037,488,562,1050,66,1116
桃園市,中壢區,月眉里,794,1158,341,333,674,29,703
桃園市,中壢區,月眉里,795,1967,526,508,1034,48,1082
桃園市,中壢區,山東里,796,1830,407,474,881,41,922
桃園市,中壢區,山東里,797,1856,433,514,947,52,999
桃園市,中壢區,過嶺里,798,2068,452,556,1008,50,1058
桃園市,中壢區,過嶺里,799,2152,376,486,862,30,892
桃園市,中壢區,過嶺里,800,2158,423,527,950,39,989
桃園市,平鎮區,平鎮里,801,1487,305,395,700,32,732
桃園市,平鎮區,平鎮里,802,1453,271,456,727,43,770
桃園市,平鎮區,平鎮里,803,1491,295,490,785,28,813
桃園市,平鎮區,鎮興里,804,1346,293,372,665,44,709
桃園市,平鎮區,鎮興里,805,1660,337,483,820,35,855
桃園市,平鎮區,南勢里,806,1921,312,566,878,45,923
桃園市,平鎮區,南勢里,807,1974,354,673,1027,42,1069
桃園市,平鎮區,南勢里,808,1867,349,552,901,34,935
桃園市,平鎮區,金星里,809,1786,305,588,893,34,927
桃園市,平鎮區,金星里,810,1634,276,383,659,30,689
桃園市,平鎮區,金星里,811,1080,215,367,582,19,601
桃園市,平鎮區,金星里,812,1514,323,448,771,25,796
桃園市,平鎮區,平安里,813,1918,324,494,818,52,870
桃園市,平鎮區,平安里,814,1182,268,342,610,50,660
桃園市,平鎮區,平安里,815,1667,303,471,774,31,805
桃園市,平鎮區,平南里,816,1640,281,453,734,31,765
桃園市,平鎮區,平南里,817,1603,342,487,829,23,852
桃園市,平鎮區,平南里,818,1556,315,536,851,23,874
桃園市,平鎮區,平南里,819,1697,303,530,833,33,866
桃園市,平鎮區,山峰里,820,1130,227,329,556,14,570
桃園市,平鎮區,山峰里,821,1196,218,392,610,36,646
桃園市,平鎮區,福林里,822,1685,337,537,874,29,903
桃園市,平鎮區,福林里,823,1532,418,400,818,33,851
桃園市,平鎮區,湧光里,824,1564,337,454,791,38,829
桃園市,平鎮區,湧光里,825,1824,259,493,752,31,783
桃園市,平鎮區,湧光里,826,1912,308,621,929,22,951
桃園市,平鎮區,莊敬里,827,1048,190,339,529,37,566
桃園市,平鎮區,莊敬里,828,1259,220,450,670,40,710
桃園市,平鎮區,莊敬里,829,1061,189,358,547,24,571
桃園市,平鎮區,莊敬里,830,1072,223,393,616,27,643
桃園市,平鎮區,湧豐里,831,1788,346,537,883,41,924
桃園市,平鎮區,湧安里,832,1510,331,431,762,33,795
桃園市,平鎮區,湧安里,833,1403,266,426,692,48,740
桃園市,平鎮區,湧安里,834,1407,280,444,724,47,771
桃園市,平鎮區,宋屋里,835,1901,379,582,961,56,1017
桃園市,平鎮區,宋屋里,836,1994,317,581,898,29,927
桃園市,平鎮區,平興里,837,1730,295,587,882,22,904
桃園市,平鎮區,平興里,838,1905,368,596,964,48,1012
桃園市,平鎮區,平興里,839,1723,346,602,948,23,971
桃園市,平鎮區,廣興里,840,1307,296,391,687,44,731
桃園市,平鎮區,廣興里,841,1337,303,425,728,27,755
桃園市,平鎮區,廣興里,842,980,234,381,615,28,643
桃園市,平鎮區,廣興里,843,1818,356,549,905,31,936
桃園市,平鎮區,廣達里,844,1463,329,447,776,31,807
桃園市,平鎮區,廣達里,845,1213,291,398,689,27,716
桃園市,平鎮區,廣達里,846,1085,261,349,610,29,639
桃園市,平鎮區,廣仁里,847,1458,245,469,714,22,736
桃園市,平鎮區,廣仁里,848,1408,273,467,740,42,782
桃園市,平鎮區,廣仁里,849,1396,392,297,689,31,720
桃園市,平鎮區,復旦里,850,1044,610,35,645,24,669
桃園市,平鎮區,復旦里,851,1124,219,399,618,15,633
桃園市,平鎮區,復旦里,852,1517,338,478,816,17,833
桃園市,平鎮區,復旦里,853,1571,289,523,812,21,833
桃園市,平鎮區,復興里,854,1752,391,589,980,22,1002
桃園市,平鎮區,復興里,855,1434,336,521,857,18,875
桃園市,平鎮區,復興里,856,1710,375,587,962,23,985
桃園市,平鎮區,義民里,857,1555,261,592,853,23,876
桃園市,平鎮區,義民里,858,2051,358,609,967,27,994
桃園市,平鎮區,義民里,859,1477,289,476,765,22,787
桃園市,平鎮區,義興里,860,1501,333,471,804,23,827
桃園市,平鎮區,義興里,861,1405,298,454,752,36,788
桃園市,平鎮區,義興里,862,1656,314,527,841,43,884
桃園市,平鎮區,義興里,863,1921,337,580,917,22,939
桃園市,平鎮區,雙連里,864,1717,310,502,812,28,840
桃園市,平鎮區,雙連里,865,1319,290,406,696,25,721
桃園市,平鎮區,雙連里,866,1745,342,513,855,42,897
桃園市,平鎮區,高雙里,867,1721,387,527,914,38,952
桃園市,平鎮區,高雙里,868,1206,247,398,645,29,674
桃園市,平鎮區,高雙里,869,1202,328,434,762,25,787
桃園市,平鎮區,北勢里,870,1208,261,417,678,28,706
桃園市,平鎮區,北勢里,871,1267,446,302,748,24,772
桃園市,平鎮區,北華里,872,1094,208,377,585,24,609
桃園市,平鎮區,北華里,873,1394,312,487,799,34,833
桃園市,平鎮區,北華里,874,1215,279,443,722,16,738
桃園市,平鎮區,新勢里,875,1010,246,311,557,31,588
桃園市,平鎮區,新勢里,876,1261,300,413,713,20,733
桃園市,平鎮區,新勢里,877,1314,280,474,754,25,779
桃園市,平鎮區,北安里,878,722,178,216,394,31,425
桃園市,平鎮區,北安里,879,839,213,219,432,23,455
桃園市,平鎮區,新榮里,880,1399,322,427,749,31,780
桃園市,平鎮區,新榮里,881,1968,380,571,951,45,996
桃園市,平鎮區,新榮里,882,1672,303,554,857,38,895
桃園市,平鎮區,新富里,883,2213,260,368,628,26,654
桃園市,平鎮區,新富里,884,949,222,349,571,20,591
桃園市,平鎮區,新富里,885,1621,326,597,923,46,969
桃園市,平鎮區,新富里,886,1643,288,523,811,30,841
桃園市,平鎮區,新英里,887,1844,363,622,985,27,1012
桃園市,平鎮區,新英里,888,1752,313,600,913,34,947
桃園市,平鎮區,新貴里,889,1577,312,457,769,31,800
桃園市,平鎮區,新貴里,890,1517,233,597,830,22,852
桃園市,平鎮區,北興里,891,1039,267,312,579,35,614
桃園市,平鎮區,北興里,892,1318,303,441,744,35,779
桃園市,平鎮區,北興里,893,1636,338,501,839,35,874
桃園市,平鎮區,金陵里,894,1316,260,462,722,27,749
桃園市,平鎮區,金陵里,895,1474,308,516,824,20,844
桃園市,平鎮區,北貴里,896,1480,269,419,688,32,720
桃園市,平鎮區,北貴里,897,1330,298,398,696,26,722
桃園市,平鎮區,北貴里,898,1228,246,407,653,30,683
桃園市,平鎮區,北富里,899,1377,320,468,788,29,817
桃園市,平鎮區,北富里,900,1198,251,446,697,29,726
桃園市,平鎮區,北富里,901,1231,303,430,733,18,751
桃園市,平鎮區,建安里,902,1243,315,356,671,48,719
桃園市,平鎮區,建安里,903,1590,274,524,798,42,840
桃園市,平鎮區,建安里,904,1366,270,435,705,34,739
桃園市,平鎮區,華安里,905,1332,245,440,685,30,715
桃園市,平鎮區,華安里,906,1201,208,366,574,19,593
桃園市,平鎮區,華安里,907,1668,265,490,755,24,779
桃園市,平鎮區,東安里,908,1351,225,427,652,54,706
桃園市,平鎮區,東安里,909,1460,249,430,679,24,703
桃園市,平鎮區,新安里,910,1841,357,549,906,24,930
桃園市,平鎮區,新安里,911,1475,268,425,693,20,713
桃園市,平鎮區,新安里,912,1011,211,334,545,15,560
桃園市,平鎮區,東勢里,913,1052,232,267,499,24,523
桃園市,平鎮區,東勢里,914,1154,317,351,668,43,711
桃園市,平鎮區,東勢里,915,1645,345,483,828,25,853
桃園市,平鎮區,東勢里,916,1539,271,468,739,37,776
桃園市,平鎮區,龍恩里,917,1385,254,436,690,61,751
桃園市,平鎮區,龍恩里,918,1395,254,455,709,34,743
桃園市,平鎮區,東社里,919,1711,273,571,844,25,869
桃園市,平鎮區,東社里,920,1631,261,537,798,37,835
桃園市,平鎮區,忠貞里,921,1110,168,427,595,20,615
桃園市,平鎮區,貿易里,922,1931,323,700,1023,39,1062
桃園市,平鎮區,龍興里,923,1127,208,374,582,44,626
桃園市,平鎮區,龍興里,924,1414,216,518,734,45,779
桃園市,平鎮區,中正里,925,1609,263,536,799,55,854
桃園市,楊梅區,仁美里,926,1269,251,420,671,46,717
桃園市,楊梅區,仁美里,927,1246,257,463,720,53,773
桃園市,楊梅區,仁美里,928,1408,266,516,782,39,821
桃園市,楊梅區,埔心里,929,1434,299,466,765,32,797
桃園市,楊梅區,光華里,930,1515,252,495,747,45,792
桃園市,楊梅區,光華里,931,1657,259,506,765,43,808
桃園市,楊梅區,金龍里,932,1137,201,424,625,29,654
桃園市,楊梅區,四維里,933,2211,345,711,1056,41,1097
桃園市,楊梅區,四維里,934,2008,321,667,988,25,1013
桃園市,楊梅區,永平里,935,1911,350,573,923,42,965
桃園市,楊梅區,瑞塘里,936,1449,322,447,769,48,817
桃園市,楊梅區,瑞塘里,937,1877,295,523,818,51,869
桃園市,楊梅區,瑞塘里,938,1988,349,570,919,38,957
桃園市,楊梅區,瑞坪里,939,1931,345,645,990,28,1018
桃園市,楊梅區,瑞坪里,940,1938,400,603,1003,28,1031
桃園市,楊梅區,瑞坪里,941,1677,279,578,857,24,881
桃園市,楊梅區,梅溪里,942,1848,332,573,905,29,934
桃園市,楊梅區,梅溪里,943,1882,338,595,933,30,963
桃園市,楊梅區,瑞溪里,944,1541,243,370,613,17,630
桃園市,楊梅區,瑞溪里,945,1938,325,584,909,42,951
桃園市,楊梅區,金溪里,946,1562,259,447,706,13,719
桃園市,楊梅區,金溪里,947,2125,423,731,1154,34,1188
桃園市,楊梅區,三民里,948,1516,281,573,854,38,892
桃園市,楊梅區,三民里,949,1807,290,583,873,22,895
桃園市,楊梅區,楊明里,950,2101,361,615,976,29,1005
桃園市,楊梅區,楊明里,951,2054,370,664,1034,41,1075
桃園市,楊梅區,楊明里,952,2226,354,650,1004,33,1037
桃園市,楊梅區,裕成里,953,1405,237,505,742,19,761
桃園市,楊梅區,裕成里,954,1843,304,552,856,23,879
桃園市,楊梅區,裕新里,955,2324,370,625,995,38,1033
桃園市,楊梅區,大同里,956,1713,319,566,885,14,899
桃園市,楊梅區,大同里,957,1587,286,589,875,47,922
桃園市,楊梅區,中山里,958,1416,275,518,793,26,819
桃園市,楊梅區,中山里,959,1591,304,541,845,30,875
桃園市,楊梅區,楊梅里,960,1943,325,640,965,32,997
桃園市,楊梅區,楊梅里,961,1762,342,594,936,27,963
桃園市,楊梅區,楊江里,962,1083,211,361,572,27,599
桃園市,楊梅區,梅新里,963,2027,341,654,995,54,1049
桃園市,楊梅區,紅梅里,964,1274,268,416,684,47,731
桃園市,楊梅區,紅梅里,965,1359,257,490,747,37,784
桃園市,楊梅區,永寧里,966,2444,329,520,849,27,876
桃園市,楊梅區,永寧里,967,2298,373,636,1009,32,1041
桃園市,楊梅區,永寧里,968,2222,356,700,1056,36,1092
桃園市,楊梅區,大平里,969,1610,309,478,787,66,853
桃園市,楊梅區,大平里,970,1627,287,507,794,71,865
桃園市,楊梅區,秀才里,971,1589,332,505,837,39,876
桃園市,楊梅區,秀才里,972,1758,319,558,877,58,935
桃園市,楊梅區,東流里,973,1776,326,421,747,34,781
桃園市,楊梅區,東流里,974,1000,221,256,477,22,499
桃園市,楊梅區,豐野里,975,2290,378,602,980,70,1050
桃園市,楊梅區,豐野里,976,1551,314,471,785,36,821
桃園市,楊梅區,富岡里,977,1861,325,576,901,44,945
桃園市,楊梅區,富豐里,978,1141,202,301,503,38,541
桃園市,楊梅區,富豐里,979,1785,338,503,841,28,869
桃園市,楊梅區,員本里,980,1498,308,445,753,46,799
桃園市,楊梅區,員本里,981,1187,232,355,587,40,627
桃園市,楊梅區,三湖里,982,1270,257,413,670,39,709
桃園市,楊梅區,三湖里,983,1424,302,420,722,27,749
桃園市,楊梅區,頭湖里,984,1273,275,480,755,23,778
桃園市,楊梅區,頭湖里,985,1534,295,385,680,31,711
桃園市,楊梅區,上湖里,986,1783,296,452,748,48,796
桃園市,楊梅區,上湖里,987,1709,314,485,799,18,817
桃園市,楊梅區,上湖里,988,1920,342,496,838,49,887
桃園市,楊梅區,上田里,989,1194,266,373,639,20,659
桃園市,楊梅區,上田里,990,1408,304,450,754,20,774
桃園市,楊梅區,高山里,991,1737,270,476,746,39,785
桃園市,楊梅區,高山里,992,1920,295,633,928,22,950
桃園市,楊梅區,高上里,993,1234,278,349,627,29,656
桃園市,楊梅區,高上里,994,1491,290,487,777,54,831
桃園市,楊梅區,青山里,995,2020,353,571,924,33,957
桃園市,楊梅區,青山里,996,1863,360,485,845,20,865
桃園市,楊梅區,高榮里,997,1692,399,494,893,39,932
桃園市,楊梅區,高榮里,998,1686,329,525,854,22,876
桃園市,楊梅區,雙榮里,999,1626,327,525,852,37,889
桃園市,楊梅區,雙榮里,1000,1557,298,537,835,15,850
桃園市,楊梅區,新榮里,1001,1603,399,501,900,32,932
桃園市,楊梅區,新榮里,1002,1889,306,573,879,48,927
桃園市,楊梅區,水美里,1003,1448,268,509,777,29,806
桃園市,楊梅區,水美里,1004,1351,270,459,729,42,771
桃園市,楊梅區,水美里,1005,1313,255,473,728,40,768
桃園市,楊梅區,瑞原里,1006,1689,324,521,845,35,880
桃園市,楊梅區,瑞原里,1007,2063,327,612,939,30,969
桃園市,龍潭區,黃唐里,1008,1482,284,448,732,37,769
桃園市,龍潭區,黃唐里,1009,1528,336,406,742,34,776
桃園市,龍潭區,黃唐里,1010,1503,322,449,771,37,808
桃園市,龍潭區,永興里,1011,1568,264,487,751,43,794
桃園市,龍潭區,永興里,1012,1216,243,340,583,48,631
桃園市,龍潭區,中山里,1013,2088,244,647,891,58,949
桃園市,龍潭區,中山里,1014,1987,390,668,1058,58,1116
桃園市,龍潭區,中山里,1015,1586,393,512,905,28,933
桃園市,龍潭區,烏樹林里,1016,1221,260,318,578,47,625
桃園市,龍潭區,烏樹林里,1017,1134,223,385,608,43,651
桃園市,龍潭區,烏林里,1018,2081,360,593,953,55,1008
桃園市,龍潭區,烏林里,1019,1925,344,537,881,37,918
桃園市,龍潭區,百年里,1020,2095,297,801,1098,34,1132
桃園市,龍潭區,百年里,1021,2040,321,801,1122,39,1161
桃園市,龍潭區,凌雲里,1022,1790,362,482,844,40,884
桃園市,龍潭區,凌雲里,1023,1872,380,563,943,75,1018
桃園市,龍潭區,龍祥里,1024,1726,356,575,931,45,976
桃園市,龍潭區,龍祥里,1025,1792,365,553,918,61,979
桃園市,龍潭區,八德里,1026,1398,297,445,742,30,772
桃園市,龍潭區,八德里,1027,1345,272,386,658,27,685
桃園市,龍潭區,八德里,1028,1409,308,426,734,34,768
桃園市,龍潭區,聖德里,1029,1362,286,367,653,24,677
桃園市,龍潭區,聖德里,1030,1650,392,505,897,39,936
桃園市,龍潭區,上林里,1031,1597,343,458,801,29,830
桃園市,龍潭區,上林里,1032,1410,268,453,721,23,744
桃園市,龍潭區,上林里,1033,1275,279,395,674,38,712
桃園市,龍潭區,龍潭里,1034,1909,404,646,1050,68,1118
桃園市,龍潭區,龍星里,1035,2024,342,728,1070,38,1108
桃園市,龍潭區,龍星里,1036,2002,356,691,1047,35,1082
桃園市,龍潭區,中正里,1037,1786,339,643,982,35,1017
桃園市,龍潭區,中正里,1038,1756,320,635,955,42,997
桃園市,龍潭區,中正里,1039,1830,307,683,990,26,1016
桃園市,龍潭區,上華里,1040,1697,359,617,976,26,1002
桃園市,龍潭區,上華里,1041,1519,226,587,813,38,851
桃園市,龍潭區,九龍里,1042,1805,308,557,865,42,907
桃園市,龍潭區,九龍里,1043,1792,359,427,786,22,808
桃園市,龍潭區,武漢里,1044,1500,265,546,811,50,861
桃園市,龍潭區,祥和里,1045,1427,293,391,684,27,711
桃園市,龍潭區,東興里,1046,1444,193,423,616,42,658
桃園市,龍潭區,東興里,1047,1321,193,429,622,50,672
桃園市,龍潭區,東興里,1048,1215,264,440,704,31,735
桃園市,龍潭區,中興里,1049,1297,227,414,641,51,692
桃園市,龍潭區,中興里,1050,1407,225,459,684,16,700
桃園市,龍潭區,中興里,1051,1564,299,438,737,35,772
桃園市,龍潭區,北興里,1052,1317,243,405,648,52,700
桃園市,龍潭區,北興里,1053,1023,171,309,480,28,508
桃園市,龍潭區,佳安里,1054,1721,292,610,902,43,945
桃園市,龍潭區,佳安里,1055,1764,249,675,924,51,975
桃園市,龍潭區,三坑里,1056,1499,307,470,777,54,831
桃園市,龍潭區,大平里,1057,2151,370,622,992,38,1030
桃園市,龍潭區,三林里,1058,1524,252,587,839,28,867
桃園市,龍潭區,三林里,1059,1456,261,591,852,25,877
桃園市,龍潭區,建林里,1060,1847,268,803,1071,42,1113
桃園市,龍潭區,建林里,1061,1899,298,826,1124,28,1152
桃園市,龍潭區,富林里,1062,1725,308,609,917,28,945
桃園市,龍潭區,富林里,1063,1665,314,646,960,55,1015
桃園市,龍潭區,高平里,1064,1649,301,515,816,23,839
桃園市,龍潭區,高平里,1065,1539,298,446,744,20,764
桃園市,龍潭區,高原里,1066,1541,351,498,849,35,884
桃園市,龍潭區,高原里,1067,1375,319,396,715,38,753
桃園市,龍潭區,高原里,1068,1453,291,466,757,27,784
桃園市,龍潭區,三和里,1069,1074,242,332,574,38,612
桃園市,龍潭區,三和里,1070,1299,236,511,747,20,767
桃園市,龍潭區,三水里,1071,678,182,148,330,15,345
桃園市,新屋區,新屋里,1072,1306,310,439,749,24,773
桃園市,新屋區,新屋里,1073,1556,369,468,837,25,862
桃園市,新屋區,新生里,1074,1849,424,655,1079,46,1125
桃園市,新屋區,新生里,1075,2096,466,696,1162,62,1224
桃園市,新屋區,後湖里,1076,1517,373,387,760,40,800
桃園市,新屋區,清華里,1077,2095,470,658,1128,59,1187
桃園市,新屋區,清華里,1078,1856,352,494,846,37,883
桃園市,新屋區,石磊里,1079,1986,457,591,1048,59,1107
桃園市,新屋區,東明里,1080,1425,283,412,695,20,715
桃園市,新屋區,社子里,1081,1385,324,358,682,24,706
桃園市,新屋區,埔頂里,1082,1271,430,301,731,51,782
桃園市,新屋區,埔頂里,1083,1271,259,389,648,36,684
桃園市,新屋區,九斗里,1084,1234,287,374,661,43,704
桃園市,新屋區,九斗里,1085,1085,288,290,578,28,606
桃園市,新屋區,頭洲里,1086,1992,436,668,1104,38,1142
桃園市,新屋區,頭洲里,1087,2032,498,639,1137,56,1193
桃園市,新屋區,大坡里,1088,1291,298,372,670,37,707
桃園市,新屋區,望間里,1089,1401,337,356,693,40,733
桃園市,新屋區,後庄里,1090,1106,232,380,612,35,647
桃園市,新屋區,蚵間里,1091,908,244,232,476,15,491
桃園市,新屋區,深圳里,1092,663,169,203,372,36,408
桃園市,新屋區,?榔里,1093,1088,281,271,552,41,593
桃園市,新屋區,笨港里,1094,1050,285,341,626,43,669
桃園市,新屋區,永安里,1095,896,234,285,519,16,535
桃園市,新屋區,永安里,1096,1369,360,420,780,46,826
桃園市,新屋區,永興里,1097,995,211,252,463,38,501
桃園市,新屋區,下埔里,1098,741,207,218,425,22,447
桃園市,新屋區,石牌里,1099,943,225,321,546,36,582
桃園市,新屋區,下田里,1100,1714,392,439,831,66,897
桃園市,新屋區,赤欄里,1101,1340,310,416,726,21,747
桃園市,觀音區,觀音里,1102,1371,298,354,652,28,680
桃園市,觀音區,觀音里,1103,1362,270,299,569,19,588
桃園市,觀音區,白玉里,1104,997,211,273,484,51,535
桃園市,觀音區,廣興里,1105,1407,307,352,659,27,686
桃園市,觀音區,大潭里,1106,1692,434,441,875,27,902
桃園市,觀音區,保生里,1107,1279,274,383,657,19,676
桃園市,觀音區,保生里,1108,791,162,238,400,15,415
桃園市,觀音區,武威里,1109,892,225,262,487,21,508
桃園市,觀音區,三和里,1110,886,234,283,517,17,534
桃園市,觀音區,新興里,1111,712,179,188,367,31,398
桃園市,觀音區,坑尾里,1112,1609,361,391,752,65,817
桃園市,觀音區,金湖里,1113,1274,304,361,665,40,705
桃園市,觀音區,金湖里,1114,1351,233,344,577,41,618
桃園市,觀音區,藍埔里,1115,1262,301,396,697,36,733
桃園市,觀音區,藍埔里,1116,1242,346,313,659,49,708
桃園市,觀音區,大同里,1117,1461,344,388,732,45,777
桃園市,觀音區,大同里,1118,1613,363,458,821,35,856
桃園市,觀音區,大堀里,1119,1479,379,392,771,26,797
桃園市,觀音區,崙坪里,1120,1552,382,338,720,34,754
桃園市,觀音區,崙坪里,1121,1517,374,410,784,29,813
桃園市,觀音區,崙坪里,1122,1691,365,426,791,46,837
桃園市,觀音區,富源里,1123,1157,257,362,619,27,646
桃園市,觀音區,富源里,1124,1455,299,408,707,39,746
桃園市,觀音區,富源里,1125,1150,231,369,600,11,611
桃園市,觀音區,上大里,1126,1112,262,331,593,41,634
桃園市,觀音區,上大里,1127,1251,253,361,614,18,632
桃園市,觀音區,新坡里,1128,1446,341,384,725,58,783
桃園市,觀音區,新坡里,1129,1493,372,373,745,49,794
桃園市,觀音區,廣福里,1130,1339,323,348,671,36,707
桃園市,觀音區,廣福里,1131,1137,285,350,635,31,666
桃園市,觀音區,塔腳里,1132,1043,211,290,501,33,534
桃園市,觀音區,保障里,1133,993,231,223,454,14,468
桃園市,觀音區,保障里,1134,975,275,208,483,17,500
桃園市,觀音區,草漯里,1135,2029,478,424,902,40,942
桃園市,觀音區,草新里,1136,1765,410,525,935,41,976
桃園市,觀音區,草新里,1137,1809,393,513,906,30,936
桃園市,觀音區,草新里,1138,1869,381,491,872,37,909
桃園市,觀音區,樹林里,1139,1870,384,396,780,34,814
桃園市,觀音區,樹林里,1140,1932,346,313,659,40,699
桃園市,觀音區,富林里,1141,899,210,205,415,12,427
桃園市,觀音區,富林里,1142,985,176,239,415,17,432
