縣市,行政區,村里,投開票所,投票權人數,同意票數,不同意票數,有效票數,無效票數,投票人數
連江縣,,,,11205,4341,1249,5590,179,5769
金門縣,,,,122695,32991,8977,41968,2006,43974
宜蘭縣,,,,386089,150234,55064,205298,11224,216522
新竹縣,,,,445051,181680,63339,245019,8964,253983
苗栗縣,,,,461580,193302,58441,251743,11832,263575
彰化縣,,,,1066994,447132,139760,586892,28923,615815
南投縣,,,,427089,184051,52700,236751,12381,249132
雲林縣,,,,584480,218210,68279,286489,18949,305438
嘉義縣,,,,442775,166655,48809,215464,12809,228273
屏東縣,,,,711720,270712,85379,356091,21016,377107
臺東縣,,,,185996,72221,20213,92434,5025,97459
花蓮縣,,,,278059,110028,30699,140727,7095,147822
澎湖縣,,,,90405,30169,9187,39356,1884,41240
基隆市,,,,320030,116173,44691,160864,6056,166920
新竹市,,,,351775,135398,58148,193546,7006,200552
嘉義市,,,,221553,86583,32815,119398,3759,123157
臺北市,,,,2228430,818887,429583,1248470,46997,1295467
高雄市,,,,2353342,1005282,355705,1360987,49113,1410100
新北市,,,,3375513,1259036,539138,1798174,78810,1876984
臺中市,,,,2295642,937001,342349,1279350,59467,1338817
臺南市,,,,1594821,582450,217619,800069,32604,832673
桃園市,,,,1801823,655472,245285,900757,33409,934166
連江縣,南竿鄉,,,6461,2485,691,3176,101,3277
連江縣,莒光鄉,,,1481,592,182,774,22,796
連江縣,北竿鄉,,,2125,832,234,1066,44,1110
連江縣,東引鄉,,,1138,432,142,574,12,586
金門縣,金湖鎮,,,25915,7214,1841,9055,457,9512
金門縣,金寧鄉,,,28162,7058,2711,9769,419,10188
金門縣,金沙鎮,,,18560,5217,1043,6260,316,6576
金門縣,烈嶼鄉,,,11676,3304,748,4052,210,4262
金門縣,金城鎮,,,37815,10065,2610,12675,596,13271
金門縣,烏坵鄉,,,567,133,24,157,8,165
宜蘭縣,壯圍鄉,,,21447,8704,3073,11777,765,12542
宜蘭縣,宜蘭市,,,79167,30720,12445,43165,1929,45094
宜蘭縣,頭城鎮,,,25135,9591,3316,12907,913,13820
宜蘭縣,五結鄉,,,34892,13075,4826,17901,931,18832
宜蘭縣,冬山鄉,,,45405,17229,6321,23550,1142,24692
宜蘭縣,員山鄉,,,28131,10506,3689,14195,1036,15231
宜蘭縣,礁溪鄉,,,31084,11795,4186,15981,918,16899
宜蘭縣,大同鄉,,,4935,3001,443,3444,113,3557
宜蘭縣,南澳鄉,,,4644,2366,401,2767,124,2891
宜蘭縣,蘇澳鎮,,,34512,13507,4747,18254,1306,19560
宜蘭縣,羅東鎮,,,57686,22790,9020,31810,1500,33310
宜蘭縣,三星鄉,,,19051,6950,2597,9547,547,10094
新竹縣,竹北市,,,137129,53786,24075,77861,2328,80189
新竹縣,湖口鄉,,,63511,26323,8274,34597,1276,35873
新竹縣,橫山鄉,,,11346,5052,1310,6362,378,6740
新竹縣,關西鎮,,,24712,10622,2908,13530,602,14132
新竹縣,新埔鎮,,,28894,12060,3598,15658,704,16362
新竹縣,峨眉鄉,,,5068,2327,594,2921,156,3077
新竹縣,尖石鄉,,,7364,3551,573,4124,140,4264
新竹縣,新豐鄉,,,45790,18858,5985,24843,881,25724
新竹縣,寶山鄉,,,12973,5395,1934,7329,307,7636
新竹縣,五峰鄉,,,3997,1774,343,2117,65,2182
新竹縣,芎林鄉,,,17293,7391,2410,9801,446,10247
新竹縣,北埔鄉,,,8180,3431,1020,4451,209,4660
新竹縣,竹東鎮,,,78794,31110,10315,41425,1472,42897
苗栗縣,三灣鄉,,,5852,2498,664,3162,226,3388
苗栗縣,獅潭鄉,,,3968,1565,343,1908,139,2047
苗栗縣,三義鄉,,,13889,6114,1678,7792,366,8158
苗栗縣,苗栗市,,,74249,31728,9817,41545,1549,43094
苗栗縣,頭份市,,,83617,34848,10973,45821,1742,47563
苗栗縣,卓蘭鎮,,,14772,6376,1908,8284,414,8698
苗栗縣,通霄鎮,,,29709,12021,3476,15497,821,16318
苗栗縣,苑裡鎮,,,38890,16565,4721,21286,1128,22414
苗栗縣,竹南鎮,,,68528,27788,9368,37156,1469,38625
苗栗縣,大湖鄉,,,12653,5014,1401,6415,353,6768
苗栗縣,西湖鄉,,,6382,2657,718,3375,182,3557
苗栗縣,南庄鄉,,,8784,3233,869,4102,246,4348
苗栗縣,後龍鎮,,,30948,12396,3728,16124,1014,17138
苗栗縣,造橋鄉,,,11027,4728,1328,6056,380,6436
苗栗縣,頭屋鄉,,,9390,4569,1286,5855,266,6121
苗栗縣,銅鑼鄉,,,15424,6310,1866,8176,467,8643
苗栗縣,公館鄉,,,28318,12174,3678,15852,907,16759
苗栗縣,泰安鄉,,,5180,2718,619,3337,163,3500
彰化縣,二林鎮,,,42976,16632,4841,21473,1303,22776
彰化縣,田尾鄉,,,23179,10063,2986,13049,752,13801
彰化縣,田中鎮,,,35391,15277,4379,19656,989,20645
彰化縣,彰化市,,,190995,82890,29022,111912,4211,116123
彰化縣,北斗鎮,,,27593,11911,3461,15372,821,16193
彰化縣,花壇鄉,,,38924,17218,5170,22388,926,23314
彰化縣,線西鄉,,,14065,6150,1832,7982,454,8436
彰化縣,大村鄉,,,31492,13606,4239,17845,874,18719
彰化縣,二水鄉,,,13339,5976,1711,7687,445,8132
彰化縣,埔鹽鄉,,,28026,12636,3341,15977,989,16966
彰化縣,埔心鄉,,,29642,13270,4073,17343,1013,18356
彰化縣,芬園鄉,,,20408,8360,2461,10821,652,11473
彰化縣,永靖鄉,,,31239,13773,4101,17874,896,18770
彰化縣,竹塘鄉,,,12821,5147,1423,6570,497,7067
彰化縣,大城鄉,,,14713,4311,1049,5360,403,5763
彰化縣,埤頭鄉,,,25677,9848,2898,12746,902,13648
彰化縣,芳苑鄉,,,29291,10493,2804,13297,1056,14353
彰化縣,溪州鄉,,,25405,9746,2733,12479,816,13295
彰化縣,鹿港鎮,,,70505,30405,9044,39449,1862,41311
彰化縣,社頭鄉,,,36306,15535,4604,20139,917,21056
彰化縣,員林市,,,102028,41969,14102,56071,2267,58338
彰化縣,和美鎮,,,75286,30653,10373,41026,1809,42835
彰化縣,福興鄉,,,39745,15883,4653,20536,1075,21611
彰化縣,溪湖鎮,,,45147,19037,6014,25051,1167,26218
彰化縣,秀水鄉,,,32394,13956,4445,18401,927,19328
彰化縣,伸港鄉,,,30407,12387,4001,16388,900,17288
南投縣,中寮鄉,,,13181,5748,1422,7170,495,7665
南投縣,仁愛鄉,,,12589,5702,1196,6898,347,7245
南投縣,集集鎮,,,9611,4034,1229,5263,319,5582
南投縣,南投市,,,84328,37547,11607,49154,2104,51258
南投縣,埔里鎮,,,68763,29571,8292,37863,1923,39786
南投縣,水里鄉,,,15458,6392,1795,8187,478,8665
南投縣,鹿谷鄉,,,15941,6472,1638,8110,500,8610
南投縣,國姓鄉,,,16597,7089,1754,8843,554,9397
南投縣,竹山鎮,,,47034,19254,5389,24643,1474,26117
南投縣,信義鄉,,,13299,6891,1216,8107,412,8519
南投縣,名間鄉,,,33408,14533,4339,18872,1282,20154
南投縣,草屯鎮,,,82922,35215,11289,46504,2014,48518
南投縣,魚池鄉,,,13958,5603,1534,7137,479,7616
雲林縣,褒忠鄉,,,11381,4110,1373,5483,377,5860
雲林縣,臺西鄉,,,21125,7062,1953,9015,740,9755
雲林縣,大埤鄉,,,16509,6372,1732,8104,519,8623
雲林縣,水林鄉,,,22508,7175,1872,9047,854,9901
雲林縣,東勢鄉,,,13239,4780,1364,6144,485,6629
雲林縣,元長鄉,,,22830,7239,2026,9265,737,10002
雲林縣,麥寮鄉,,,37119,13085,4055,17140,1160,18300
雲林縣,崙背鄉,,,21050,7445,2190,9635,760,10395
雲林縣,四湖鄉,,,20983,6015,1765,7780,656,8436
雲林縣,口湖鄉,,,24193,8462,2123,10585,1051,11636
雲林縣,北港鎮,,,33958,13375,4138,17513,1149,18662
雲林縣,莿桐鄉,,,24570,9597,3037,12634,983,13617
雲林縣,土庫鎮,,,24412,9140,2883,12023,949,12972
雲林縣,二崙鄉,,,23367,7998,2436,10434,874,11308
雲林縣,古坑鄉,,,27477,10581,3109,13690,984,14674
雲林縣,林內鄉,,,15551,6350,1851,8201,658,8859
雲林縣,斗南鎮,,,38138,15902,4987,20889,1103,21992
雲林縣,斗六市,,,89761,37033,12751,49784,2138,51922
雲林縣,虎尾鎮,,,58167,22353,7509,29862,1476,31338
雲林縣,西螺鎮,,,38142,14136,5125,19261,1296,20557
嘉義縣,水上鄉,,,43857,17400,4998,22398,1083,23481
嘉義縣,六腳鄉,,,20821,6755,1735,8490,546,9036
嘉義縣,溪口鄉,,,13105,4982,1458,6440,450,6890
嘉義縣,太保市,,,31568,12266,3958,16224,933,17157
嘉義縣,大林鎮,,,26922,10329,3045,13374,707,14081
嘉義縣,布袋鎮,,,23965,8612,2355,10967,848,11815
嘉義縣,朴子市,,,35191,13420,4113,17533,935,18468
嘉義縣,義竹鄉,,,16647,6137,1837,7974,565,8539
嘉義縣,鹿草鄉,,,13937,4653,1463,6116,518,6634
嘉義縣,東石鄉,,,21915,6940,1640,8580,646,9226
嘉義縣,中埔鄉,,,39139,13696,4097,17793,899,18692
嘉義縣,大埔鄉,,,3999,1585,501,2086,114,2200
嘉義縣,民雄鄉,,,61209,23825,7586,31411,1672,33083
嘉義縣,竹崎鄉,,,31228,12242,3347,15589,868,16457
嘉義縣,梅山鄉,,,17083,6892,1988,8880,671,9551
嘉義縣,新港鄉,,,27342,10873,3212,14085,942,15027
嘉義縣,阿里山鄉,,,4691,1767,371,2138,97,2235
嘉義縣,番路鄉,,,10156,4281,1105,5386,315,5701
屏東縣,佳冬鄉,,,17063,6104,1799,7903,641,8544
屏東縣,瑪家鄉,,,5663,2897,762,3659,128,3787
屏東縣,屏東市,,,170148,64865,22657,87522,3447,90969
屏東縣,高樹鄉,,,21697,7475,2444,9919,931,10850
屏東縣,竹田鄉,,,15353,6363,1888,8251,631,8882
屏東縣,鹽埔鄉,,,22402,8460,2554,11014,725,11739
屏東縣,南州鄉,,,9479,3652,1170,4822,322,5144
屏東縣,林邊鄉,,,15691,6383,1765,8148,648,8796
屏東縣,崁頂鄉,,,12270,4526,1549,6075,384,6459
屏東縣,車城鄉,,,7595,2257,757,3014,198,3212
屏東縣,滿州鄉,,,7206,2250,692,2942,167,3109
屏東縣,春日鄉,,,3923,1286,407,1693,46,1739
屏東縣,枋山鄉,,,4856,1831,533,2364,168,2532
屏東縣,新園鄉,,,30706,11532,3587,15119,1213,16332
屏東縣,霧臺鄉,,,2950,1694,464,2158,65,2223
屏東縣,三地門鄉,,,6373,2964,846,3810,164,3974
屏東縣,泰武鄉,,,4344,2193,574,2767,124,2891
屏東縣,牡丹鄉,,,4314,1327,452,1779,63,1842
屏東縣,獅子鄉,,,4230,2115,446,2561,93,2654
屏東縣,來義鄉,,,6257,2890,701,3591,205,3796
屏東縣,麟洛鄉,,,9970,4152,1465,5617,267,5884
屏東縣,長治鄉,,,26256,10288,3361,13649,882,14531
屏東縣,潮州鎮,,,46444,17588,5413,23001,1142,24143
屏東縣,九如鄉,,,19132,7418,2324,9742,739,10481
屏東縣,萬丹鄉,,,43478,17040,5202,22242,1453,23695
屏東縣,恆春鎮,,,25661,8603,2827,11430,696,12126
屏東縣,枋寮鄉,,,21394,8342,2303,10645,806,11451
屏東縣,里港鄉,,,22128,8492,2892,11384,971,12355
屏東縣,萬巒鄉,,,17945,6818,1954,8772,599,9371
屏東縣,新埤鄉,,,9033,3349,899,4248,341,4589
屏東縣,東港鎮,,,39495,15278,4663,19941,1197,21138
屏東縣,琉球鄉,,,10706,3577,818,4395,332,4727
屏東縣,內埔鄉,,,47558,16703,5211,21914,1228,23142
臺東縣,關山鎮,,,7509,2728,810,3538,216,3754
臺東縣,綠島鄉,,,3579,1099,443,1542,48,1590
臺東縣,池上鄉,,,7162,2357,668,3025,276,3301
臺東縣,金峰鄉,,,3028,1527,397,1924,82,2006
臺東縣,蘭嶼鄉,,,4181,1217,399,1616,50,1666
臺東縣,延平鄉,,,2930,1326,307,1633,68,1701
臺東縣,東河鄉,,,7635,2506,657,3163,225,3388
臺東縣,長濱鄉,,,6484,2037,517,2554,246,2800
臺東縣,大武鄉,,,5266,2072,520,2592,187,2779
臺東縣,卑南鄉,,,14976,5747,1643,7390,520,7910
臺東縣,海端鄉,,,3278,1382,316,1698,73,1771
臺東縣,成功鎮,,,12426,4693,1074,5767,465,6232
臺東縣,達仁鄉,,,3137,1446,352,1798,80,1878
臺東縣,臺東市,,,87803,35766,10460,46226,1965,48191
臺東縣,鹿野鄉,,,6936,2190,718,2908,240,3148
臺東縣,太麻里鄉,,,9666,4128,932,5060,284,5344
花蓮縣,新城鄉,,,17029,6871,1975,8846,436,9282
花蓮縣,花蓮市,,,84807,33819,10516,44335,1508,45843
花蓮縣,鳳林鎮,,,9676,3992,998,4990,393,5383
花蓮縣,豐濱鄉,,,4395,1574,461,2035,120,2155
花蓮縣,壽豐鄉,,,15847,6517,1804,8321,537,8858
花蓮縣,光復鄉,,,11417,4530,1070,5600,473,6073
花蓮縣,吉安鄉,,,72116,28648,8044,36692,1483,38175
花蓮縣,瑞穗鄉,,,10279,3987,902,4889,336,5225
花蓮縣,玉里鎮,,,20650,7597,1782,9379,749,10128
花蓮縣,秀林鄉,,,12562,4845,1325,6170,335,6505
花蓮縣,萬榮鄉,,,5269,2376,561,2937,172,3109
花蓮縣,富里鄉,,,9065,2994,765,3759,389,4148
花蓮縣,卓溪鄉,,,4947,2278,496,2774,164,2938
澎湖縣,白沙鄉,,,8625,2808,711,3519,187,3706
澎湖縣,望安鄉,,,4628,1434,396,1830,81,1911
澎湖縣,七美鄉,,,3374,727,259,986,42,1028
澎湖縣,馬公市,,,53655,19142,6154,25296,1087,26383
澎湖縣,湖西鄉,,,12741,4216,1153,5369,265,5634
澎湖縣,西嶼鄉,,,7382,1842,514,2356,222,2578
基隆市,七堵區,,,46256,17231,6505,23736,917,24653
基隆市,信義區,,,46014,16896,6719,23615,759,24374
基隆市,中正區,,,45545,15445,5335,20780,966,21746
基隆市,暖暖區,,,33225,12321,4869,17190,517,17707
基隆市,安樂區,,,70396,25328,10288,35616,1183,36799
基隆市,中山區,,,41856,15249,5791,21040,835,21875
基隆市,仁愛區,,,36738,13703,5184,18887,879,19766
新竹市,北區,,,123122,47686,19422,67108,2558,69666
新竹市,香山區,,,64896,25783,9543,35326,1467,36793
新竹市,東區,,,163757,61929,29183,91112,2981,94093
嘉義市,東區,,,100647,38806,15349,54155,1598,55753
嘉義市,西區,,,120906,47777,17466,65243,2161,67404
臺北市,大同區,,,107557,39399,20803,60202,2626,62828
臺北市,大安區,,,252645,91356,50083,141439,4695,146134
臺北市,內湖區,,,236824,86554,47892,134446,4360,138806
臺北市,中正區,,,128292,47831,24913,72744,2545,75289
臺北市,文山區,,,227211,86838,44249,131087,4971,136058
臺北市,士林區,,,241854,88429,45761,134190,5537,139727
臺北市,北投區,,,213250,76876,39641,116517,4545,121062
臺北市,中山區,,,195148,69454,38233,107687,4219,111906
臺北市,萬華區,,,164020,59594,28387,87981,4037,92018
臺北市,松山區,,,169278,63084,33872,96956,3581,100537
臺北市,信義區,,,190444,71262,36103,107365,3914,111279
臺北市,南港區,,,101907,38210,19646,57856,1967,59823
高雄市,前鎮區,,,161797,68512,24607,93119,3463,96582
高雄市,彌陀區,,,16487,7695,2184,9879,469,10348
高雄市,大寮區,,,97309,41344,13324,54668,2065,56733
高雄市,永安區,,,12001,5565,1716,7281,367,7648
高雄市,旗山區,,,31996,13439,3938,17377,982,18359
高雄市,燕巢區,,,26012,10820,3489,14309,785,15094
高雄市,那瑪夏區,,,2424,1424,256,1680,73,1753
高雄市,六龜區,,,11501,4006,1040,5046,481,5527
高雄市,杉林區,,,10607,3781,920,4701,329,5030
高雄市,美濃區,,,35311,14658,3656,18314,1282,19596
高雄市,內門區,,,13002,4951,1203,6154,420,6574
高雄市,桃源區,,,3498,1747,348,2095,73,2168
高雄市,甲仙區,,,5417,1987,523,2510,249,2759
高雄市,茂林區,,,1615,865,190,1055,68,1123
高雄市,湖內區,,,25729,10650,3395,14045,622,14667
高雄市,路竹區,,,43850,18878,6137,25015,1185,26200
高雄市,梓官區,,,31025,14003,4142,18145,719,18864
高雄市,阿蓮區,,,24534,9799,3220,13019,539,13558
高雄市,茄萣區,,,26212,10434,3315,13749,700,14449
高雄市,大社區,,,30046,12290,4430,16720,758,17478
高雄市,橋頭區,,,32565,14932,4943,19875,832,20707
高雄市,鳥松區,,,39191,16980,6317,23297,815,24112
高雄市,仁武區,,,73611,31863,10599,42462,1244,43706
高雄市,岡山區,,,81244,36943,11832,48775,1764,50539
高雄市,田寮區,,,6671,2480,596,3076,232,3308
高雄市,大樹區,,,36772,15423,4625,20048,910,20958
高雄市,苓雅區,,,146786,64689,24674,89363,2570,91933
高雄市,前金區,,,23928,10387,3996,14383,455,14838
高雄市,鳳山區,,,300510,130402,45870,176272,5878,182150
高雄市,小港區,,,132733,56814,19977,76791,2643,79434
高雄市,旗津區,,,24860,9528,3540,13068,554,13622
高雄市,三民區,,,289519,121735,48041,169776,4983,174759
高雄市,新興區,,,44355,19319,7718,27037,844,27881
高雄市,左營區,,,161367,70061,26437,96498,2660,99158
高雄市,鼓山區,,,114979,48435,19166,67601,1977,69578
高雄市,楠梓區,,,153132,65220,23747,88967,3312,92279
高雄市,林園區,,,59129,24254,7968,32222,1465,33687
高雄市,鹽埕區,,,21617,8969,3626,12595,346,12941
新北市,汐止區,,,173831,60784,27746,88530,3884,92414
新北市,新莊區,,,344981,132191,57351,189542,8227,197769
新北市,新店區,,,264053,101656,43236,144892,5427,150319
新北市,中和區,,,355978,134952,57145,192097,7506,199603
新北市,樹林區,,,152102,56928,23771,80699,3859,84558
新北市,三重區,,,329846,121782,54186,175968,9407,185375
新北市,貢寮區,,,11279,3533,1148,4681,364,5045
新北市,蘆洲區,,,167457,59667,26519,86186,3860,90046
新北市,雙溪區,,,7999,2822,798,3620,281,3901
新北市,永和區,,,187798,74085,32814,106899,4094,110993
新北市,泰山區,,,64252,24580,9739,34319,1376,35695
新北市,板橋區,,,463411,176457,77394,253851,10798,264649
新北市,瑞芳區,,,35036,12024,4137,16161,972,17133
新北市,石碇區,,,6861,2501,819,3320,212,3532
新北市,金山區,,,18978,6755,2267,9022,626,9648
新北市,烏來區,,,5264,2118,672,2790,100,2890
新北市,萬里區,,,19297,6895,2179,9074,589,9663
新北市,平溪區,,,4321,1582,385,1967,156,2123
新北市,石門區,,,10528,3815,1320,5135,330,5465
新北市,三芝區,,,20119,6808,2518,9326,501,9827
新北市,八里區,,,32970,11996,4660,16656,863,17519
新北市,深坑區,,,20624,7628,3300,10928,489,11417
新北市,坪林區,,,5891,2167,638,2805,233,3038
新北市,林口區,,,86203,31765,14737,46502,1863,48365
新北市,五股區,,,72443,26544,10584,37128,1731,38859
新北市,土城區,,,200783,74066,32234,106300,4371,110671
新北市,淡水區,,,147272,52094,23054,75148,3010,78158
新北市,三峽區,,,94291,34546,13393,47939,2096,50035
新北市,鶯歌區,,,71645,26295,10394,36689,1585,38274
臺中市,沙鹿區,,,74207,30000,10467,40467,1966,42433
臺中市,后里區,,,44962,18408,6384,24792,1510,26302
臺中市,神岡區,,,54565,23506,7436,30942,1566,32508
臺中市,潭子區,,,89487,37149,12501,49650,2142,51792
臺中市,西區,,,95040,37391,16558,53949,2062,56011
臺中市,大甲區,,,63069,26092,8849,34941,1781,36722
臺中市,梧棲區,,,47040,18872,6614,25486,1500,26986
臺中市,大肚區,,,47457,20041,6262,26303,1498,27801
臺中市,豐原區,,,136658,58173,20463,78636,4034,82670
臺中市,東勢區,,,43181,19191,4955,24146,1376,25522
臺中市,西屯區,,,183814,72436,30741,103177,4169,107346
臺中市,南區,,,103643,43492,17918,61410,2619,64029
臺中市,南屯區,,,135448,55403,23888,79291,3074,82365
臺中市,烏日區,,,61705,25322,8987,34309,1983,36292
臺中市,北屯區,,,227720,90632,35861,126493,4881,131374
臺中市,清水區,,,71528,29922,9817,39739,2494,42233
臺中市,外埔區,,,27059,11728,3418,15146,787,15933
臺中市,龍井區,,,63584,25559,8813,34372,1738,36110
臺中市,太平區,,,157926,62027,21251,83278,3818,87096
臺中市,和平區,,,9498,4628,956,5584,331,5915
臺中市,北區,,,124621,48410,19874,68284,2635,70919
臺中市,大里區,,,171769,69234,24075,93309,3867,97176
臺中市,霧峰區,,,55225,24043,7594,31637,1878,33515
臺中市,中區,,,14696,5864,1992,7856,390,8246
臺中市,東區,,,64291,26787,9626,36413,1821,38234
臺中市,新社區,,,20860,8396,2292,10688,611,11299
臺中市,大雅區,,,77189,31639,11087,42726,1836,44562
臺中市,大安區,,,16520,7095,2058,9153,626,9779
臺中市,石岡區,,,12880,5561,1612,7173,474,7647
臺南市,南化區,,,7786,2782,756,3538,202,3740
臺南市,南區,,,108650,39517,14859,54376,2375,56751
臺南市,東區,,,153359,57015,24980,81995,2502,84497
臺南市,仁德區,,,64632,25012,8676,33688,1277,34965
臺南市,關廟區,,,29913,11757,3807,15564,757,16321
臺南市,龍崎區,,,3713,1411,367,1778,101,1879
臺南市,中西區,,,65261,24947,10338,35285,1281,36566
臺南市,北區,,,110906,41640,17038,58678,1741,60419
臺南市,安平區,,,55379,19053,8273,27326,1078,28404
臺南市,西港區,,,21564,7409,2402,9811,422,10233
臺南市,七股區,,,19950,7258,2011,9269,387,9656
臺南市,麻豆區,,,37963,13400,4974,18374,751,19125
臺南市,大內區,,,8654,3200,821,4021,253,4274
臺南市,官田區,,,18675,6624,2280,8904,429,9333
臺南市,後壁區,,,20841,7155,2165,9320,605,9925
臺南市,東山區,,,18471,5363,1544,6907,424,7331
臺南市,下營區,,,20947,7279,2326,9605,521,10126
臺南市,六甲區,,,19144,6261,2575,8836,572,9408
臺南市,白河區,,,24894,7975,2508,10483,657,11140
臺南市,鹽水區,,,22121,7778,2522,10300,573,10873
臺南市,永康區,,,195001,71049,28157,99206,3316,102522
臺南市,左鎮區,,,4418,1615,332,1947,129,2076
臺南市,安南區,,,159654,58866,22149,81015,3312,84327
臺南市,學甲區,,,22567,8001,2459,10460,489,10949
臺南市,新營區,,,64949,22927,8754,31681,1163,32844
臺南市,柳營區,,,18804,6828,2082,8910,599,9509
臺南市,新化區,,,37296,14534,4924,19458,878,20336
臺南市,佳里區,,,50407,19170,6512,25682,1073,26755
臺南市,將軍區,,,17754,5971,2120,8091,359,8450
臺南市,北門區,,,9925,3242,836,4078,183,4261
臺南市,楠西區,,,8528,2941,761,3702,210,3912
臺南市,善化區,,,39950,14283,5725,20008,875,20883
臺南市,新市區,,,30386,11632,4216,15848,651,16499
臺南市,山上區,,,6511,2134,646,2780,173,2953
臺南市,玉井區,,,12357,4582,1248,5830,300,6130
臺南市,安定區,,,26104,10120,3357,13477,814,14291
臺南市,歸仁區,,,57387,21719,8119,29838,1172,31010
桃園市,桃園區,,,359790,123326,53798,177124,6175,183299
桃園市,大溪區,,,78285,29684,9924,39608,1971,41579
桃園市,中壢區,,,334402,123638,46978,170616,5915,176531
桃園市,大園區,,,73900,26423,9401,35824,1374,37198
桃園市,龜山區,,,131702,44517,18410,62927,2307,65234
桃園市,觀音區,,,55149,20031,6852,26883,1149,28032
桃園市,復興區,,,9766,4593,762,5355,235,5590
桃園市,蘆竹區,,,129252,45943,18188,64131,2227,66358
桃園市,新屋區,,,41461,17013,5147,22160,1106,23266
桃園市,龍潭區,,,101574,40228,12745,52973,1797,54770
桃園市,八德區,,,165065,58470,21665,80135,3499,83634
桃園市,平鎮區,,,183560,69987,24798,94785,3205,97990
桃園市,楊梅區,,,137917,51619,16617,68236,2449,70685
連江縣,南竿鄉,介壽村,1,1967,731,241,972,42,1014
連江縣,南竿鄉,福沃村、復興村,2,1837,667,187,854,30,884
連江縣,南竿鄉,清水村、珠螺村,3,1114,435,128,563,16,579
連江縣,南竿鄉,馬祖村、津沙村、四維村、仁愛村,4,1543,652,135,787,13,800
連江縣,北竿鄉,后沃村、橋仔村、塘岐村,5,1515,614,171,785,30,815
連江縣,北竿鄉,?里村、白沙村、芹壁村,6,610,218,63,281,14,295
連江縣,莒光鄉,田沃村、西坵村、青帆村,7,698,262,78,340,11,351
連江縣,莒光鄉,大坪村、福正村,8,783,330,104,434,11,445
連江縣,東引鄉,樂華村、中柳村,9,1138,432,142,574,12,586
金門縣,金城鎮,東門里,1,1396,412,80,492,22,514
金門縣,金城鎮,東門里,2,1831,555,127,682,20,702
金門縣,金城鎮,東門里,3,1750,485,127,612,29,641
金門縣,金城鎮,南門里,4,1889,556,135,691,27,718
金門縣,金城鎮,南門里,5,1675,372,140,512,24,536
金門縣,金城鎮,南門里,6,1901,600,147,747,34,781
金門縣,金城鎮,西門里,7,1610,376,135,511,47,558
金門縣,金城鎮,西門里,8,1687,455,114,569,33,602
金門縣,金城鎮,西門里,9,1594,448,117,565,16,581
金門縣,金城鎮,西門里,10,1726,461,128,589,29,618
金門縣,金城鎮,西門里,11,1733,496,110,606,25,631
金門縣,金城鎮,西門里,12,1532,484,118,602,26,628
金門縣,金城鎮,北門里,13,2079,534,139,673,44,717
金門縣,金城鎮,北門里,14,2033,467,155,622,33,655
金門縣,金城鎮,賢庵里,15,2517,671,178,849,33,882
金門縣,金城鎮,賢庵里,16,2083,555,126,681,47,728
金門縣,金城鎮,金水里,17,2140,572,130,702,34,736
金門縣,金城鎮,古城里,18,2435,549,160,709,11,720
金門縣,金城鎮,古城里,19,1353,260,61,321,25,346
金門縣,金城鎮,珠沙里,20,1574,390,82,472,24,496
金門縣,金城鎮,珠沙里,21,1277,367,101,468,13,481
金門縣,金寧鄉,古寧村,22,1735,427,87,514,27,541
金門縣,金寧鄉,古寧村,23,1537,371,85,456,28,484
金門縣,金寧鄉,安美村,24,1766,398,167,565,31,596
金門縣,金寧鄉,安美村,25,1015,294,73,367,8,375
金門縣,金寧鄉,安美村,26,1726,494,103,597,22,619
金門縣,金寧鄉,湖埔村,27,1691,417,92,509,31,540
金門縣,金寧鄉,湖埔村,28,2044,340,508,848,18,866
金門縣,金寧鄉,湖埔村,29,1848,578,167,745,19,764
金門縣,金寧鄉,湖埔村,30,1735,468,114,582,23,605
金門縣,金寧鄉,榜林村,31,1795,464,131,595,32,627
金門縣,金寧鄉,榜林村,32,1834,454,92,546,36,582
金門縣,金寧鄉,榜林村,33,1528,367,104,471,40,511
金門縣,金寧鄉,盤山村,34,1473,453,94,547,21,568
金門縣,金寧鄉,盤山村,35,1679,543,34,577,26,603
金門縣,金寧鄉,盤山村,36,1921,262,662,924,9,933
金門縣,金寧鄉,盤山村,37,1298,348,103,451,17,468
金門縣,金寧鄉,后盤村,38,1537,380,95,475,31,506
金門縣,烈嶼鄉,林湖村,39,1647,564,120,684,38,722
金門縣,烈嶼鄉,林湖村,40,1733,481,100,581,36,617
金門縣,烈嶼鄉,黃埔村,41,1635,463,123,586,21,607
金門縣,烈嶼鄉,西口村,42,1296,341,81,422,18,440
金門縣,烈嶼鄉,西口村,43,1099,278,54,332,23,355
金門縣,烈嶼鄉,上林村,44,1425,370,92,462,29,491
金門縣,烈嶼鄉,上岐村,45,1412,410,95,505,20,525
金門縣,烈嶼鄉,上岐村,46,1429,397,83,480,25,505
金門縣,烏坵鄉,大坵村,47,275,57,17,74,4,78
金門縣,烏坵鄉,小坵村,48,292,76,7,83,4,87
金門縣,金湖鎮,新市里,49,1348,394,126,520,20,540
金門縣,金湖鎮,新市里,50,1386,343,121,464,24,488
金門縣,金湖鎮,新市里,51,1403,463,107,570,35,605
金門縣,金湖鎮,山外里,52,1771,506,136,642,33,675
金門縣,金湖鎮,山外里,53,1493,400,131,531,30,561
金門縣,金湖鎮,溪湖里,54,1510,433,87,520,20,540
金門縣,金湖鎮,蓮庵里,55,1607,484,95,579,29,608
金門縣,金湖鎮,料羅里,56,2006,526,116,642,32,674
金門縣,金湖鎮,新湖里,57,1780,466,151,617,25,642
金門縣,金湖鎮,新湖里,58,1739,495,128,623,12,635
金門縣,金湖鎮,新湖里,59,1384,354,89,443,36,479
金門縣,金湖鎮,新湖里,60,1400,397,109,506,22,528
金門縣,金湖鎮,新湖里,61,1325,461,105,566,19,585
金門縣,金湖鎮,正義里,62,1236,315,73,388,28,416
金門縣,金湖鎮,正義里,63,1382,354,98,452,31,483
金門縣,金湖鎮,瓊林里,64,1631,456,95,551,9,560
金門縣,金湖鎮,瓊林里,65,1514,367,74,441,52,493
金門縣,金沙鎮,汶沙里,66,1909,527,99,626,29,655
金門縣,金沙鎮,汶沙里,67,1524,506,90,596,29,625
金門縣,金沙鎮,汶沙里,68,1673,440,75,515,32,547
金門縣,金沙鎮,何斗里,69,2003,549,90,639,21,660
金門縣,金沙鎮,浦山里,70,1212,384,89,473,22,495
金門縣,金沙鎮,浦山里,71,1126,327,65,392,18,410
金門縣,金沙鎮,西園里,72,1540,368,86,454,25,479
金門縣,金沙鎮,官嶼里,73,1216,291,66,357,21,378
金門縣,金沙鎮,官嶼里,74,950,204,43,247,12,259
金門縣,金沙鎮,三山里,75,1895,565,102,667,34,701
金門縣,金沙鎮,大洋里,76,1135,361,70,431,35,466
金門縣,金沙鎮,光前里,77,1252,328,90,418,20,438
金門縣,金沙鎮,光前里,78,1125,367,78,445,18,463
宜蘭縣,宜蘭市,民族里,1,982,385,139,524,11,535
宜蘭縣,宜蘭市,民族里,2,1270,502,166,668,34,702
宜蘭縣,宜蘭市,建軍里,3,849,318,146,464,11,475
宜蘭縣,宜蘭市,建軍里,4,756,303,124,427,14,441
宜蘭縣,宜蘭市,泰山里,5,1107,401,130,531,25,556
宜蘭縣,宜蘭市,泰山里,6,893,365,105,470,28,498
宜蘭縣,宜蘭市,負郭里,7,912,344,139,483,24,507
宜蘭縣,宜蘭市,負郭里,8,1335,517,203,720,33,753
宜蘭縣,宜蘭市,負郭里,9,686,244,112,356,11,367
宜蘭縣,宜蘭市,思源里,10,1366,543,249,792,35,827
宜蘭縣,宜蘭市,思源里,11,1363,489,267,756,21,777
宜蘭縣,宜蘭市,思源里,12,1540,603,263,866,23,889
宜蘭縣,宜蘭市,七結里,13,1341,514,219,733,28,761
宜蘭縣,宜蘭市,七結里,14,1209,494,174,668,21,689
宜蘭縣,宜蘭市,文化里,15,900,342,151,493,28,521
宜蘭縣,宜蘭市,文化里,16,980,362,139,501,18,519
宜蘭縣,宜蘭市,文化里,17,1165,413,212,625,30,655
宜蘭縣,宜蘭市,復興里,18,904,364,119,483,22,505
宜蘭縣,宜蘭市,復興里,19,813,336,118,454,15,469
宜蘭縣,宜蘭市,復興里,20,978,395,124,519,27,546
宜蘭縣,宜蘭市,民權里,21,1282,462,100,562,20,582
宜蘭縣,宜蘭市,民權里,22,465,179,85,264,10,274
宜蘭縣,宜蘭市,神農里,23,669,283,100,383,14,397
宜蘭縣,宜蘭市,神農里,24,923,368,133,501,26,527
宜蘭縣,宜蘭市,神農里,25,1006,366,151,517,21,538
宜蘭縣,宜蘭市,大新里,26,762,332,135,467,37,504
宜蘭縣,宜蘭市,新民里,27,727,335,115,450,19,469
宜蘭縣,宜蘭市,新民里,28,833,406,134,540,29,569
宜蘭縣,宜蘭市,進士里,29,1143,433,192,625,32,657
宜蘭縣,宜蘭市,進士里,30,979,370,160,530,16,546
宜蘭縣,宜蘭市,南橋里,31,1214,465,179,644,43,687
宜蘭縣,宜蘭市,凱旋里,32,1283,520,180,700,44,744
宜蘭縣,宜蘭市,南津里,33,946,379,148,527,26,553
宜蘭縣,宜蘭市,南津里,34,1090,402,152,554,33,587
宜蘭縣,宜蘭市,建業里,35,943,370,174,544,14,558
宜蘭縣,宜蘭市,建業里,36,774,290,186,476,23,499
宜蘭縣,宜蘭市,擺厘里,37,968,400,173,573,17,590
宜蘭縣,宜蘭市,擺厘里,38,926,380,172,552,19,571
宜蘭縣,宜蘭市,擺厘里,39,1019,413,184,597,16,613
宜蘭縣,宜蘭市,延平里,40,1084,416,169,585,33,618
宜蘭縣,宜蘭市,延平里,41,1095,405,169,574,22,596
宜蘭縣,宜蘭市,延平里,42,1083,402,200,602,21,623
宜蘭縣,宜蘭市,成功里,43,1108,417,165,582,12,594
宜蘭縣,宜蘭市,成功里,44,848,342,146,488,8,496
宜蘭縣,宜蘭市,成功里,45,1095,409,183,592,17,609
宜蘭縣,宜蘭市,東村里,46,1110,420,187,607,21,628
宜蘭縣,宜蘭市,東村里,47,1104,431,186,617,29,646
宜蘭縣,宜蘭市,新東里,48,1134,435,200,635,20,655
宜蘭縣,宜蘭市,新東里,49,1146,442,197,639,22,661
宜蘭縣,宜蘭市,新東里,50,876,386,131,517,18,535
宜蘭縣,宜蘭市,黎明里,51,905,359,125,484,25,509
宜蘭縣,宜蘭市,黎明里,52,910,365,140,505,30,535
宜蘭縣,宜蘭市,七張里,53,1434,501,203,704,31,735
宜蘭縣,宜蘭市,孝廉里,54,1152,429,170,599,40,639
宜蘭縣,宜蘭市,東門里,55,966,391,164,555,26,581
宜蘭縣,宜蘭市,小東里,56,711,289,111,400,16,416
宜蘭縣,宜蘭市,小東里,57,884,365,147,512,25,537
宜蘭縣,宜蘭市,菜園里,58,1326,524,210,734,33,767
宜蘭縣,宜蘭市,慈安里,59,909,303,143,446,29,475
宜蘭縣,宜蘭市,慈安里,60,894,340,126,466,25,491
宜蘭縣,宜蘭市,中興里,61,1259,450,168,618,22,640
宜蘭縣,宜蘭市,中興里,62,789,292,109,401,16,417
宜蘭縣,宜蘭市,中興里,63,867,327,122,449,33,482
宜蘭縣,宜蘭市,新生里,64,1454,573,209,782,33,815
宜蘭縣,宜蘭市,新生里,65,1130,524,148,672,21,693
宜蘭縣,宜蘭市,茭白里,66,1087,398,124,522,20,542
宜蘭縣,宜蘭市,茭白里,67,938,415,124,539,41,580
宜蘭縣,宜蘭市,北津里,68,1285,501,188,689,36,725
宜蘭縣,宜蘭市,北津里,69,952,139,386,525,13,538
宜蘭縣,宜蘭市,梅洲里,70,948,398,142,540,32,572
宜蘭縣,宜蘭市,梅洲里,71,1160,398,178,576,34,610
宜蘭縣,宜蘭市,梅洲里,72,1015,423,136,559,44,603
宜蘭縣,宜蘭市,南門里,73,424,177,72,249,14,263
宜蘭縣,宜蘭市,南門里,74,964,390,138,528,42,570
宜蘭縣,宜蘭市,中山里,75,959,343,147,490,28,518
宜蘭縣,宜蘭市,西門里,76,814,380,114,494,23,517
宜蘭縣,宜蘭市,西門里,77,885,380,129,509,19,528
宜蘭縣,宜蘭市,北門里,78,1162,454,187,641,37,678
宜蘭縣,羅東鎮,開明里,79,689,276,113,389,19,408
宜蘭縣,羅東鎮,開明里,80,718,300,82,382,18,400
宜蘭縣,羅東鎮,大新里,81,1475,556,219,775,44,819
宜蘭縣,羅東鎮,東安里,82,1466,535,234,769,31,800
宜蘭縣,羅東鎮,東安里,83,1075,424,159,583,23,606
宜蘭縣,羅東鎮,東安里,84,963,381,139,520,17,537
宜蘭縣,羅東鎮,新群里,85,1511,554,199,753,62,815
宜蘭縣,羅東鎮,新群里,86,1166,446,174,620,25,645
宜蘭縣,羅東鎮,羅莊里,87,1273,477,212,689,46,735
宜蘭縣,羅東鎮,羅莊里,88,1735,644,248,892,22,914
宜蘭縣,羅東鎮,南昌里,89,1487,592,227,819,31,850
宜蘭縣,羅東鎮,南昌里,90,837,328,152,480,23,503
宜蘭縣,羅東鎮,南豪里,91,1312,558,196,754,38,792
宜蘭縣,羅東鎮,成功里,92,1502,562,217,779,20,799
宜蘭縣,羅東鎮,仁德里,93,1138,418,172,590,17,607
宜蘭縣,羅東鎮,仁和里,94,1010,400,140,540,28,568
宜蘭縣,羅東鎮,中山里,95,1373,547,198,745,52,797
宜蘭縣,羅東鎮,漢民里,96,1089,438,168,606,28,634
宜蘭縣,羅東鎮,漢民里,97,1304,511,173,684,29,713
宜蘭縣,羅東鎮,漢民里,98,1288,466,186,652,45,697
宜蘭縣,羅東鎮,維揚里,99,1036,448,163,611,30,641
宜蘭縣,羅東鎮,維揚里,100,969,431,154,585,35,620
宜蘭縣,羅東鎮,維揚里,101,985,385,169,554,40,594
宜蘭縣,羅東鎮,西安里,102,1420,564,213,777,55,832
宜蘭縣,羅東鎮,西安里,103,1430,577,209,786,34,820
宜蘭縣,羅東鎮,北成里,104,1075,426,169,595,39,634
宜蘭縣,羅東鎮,北成里,105,879,354,149,503,28,531
宜蘭縣,羅東鎮,北成里,106,850,322,137,459,17,476
宜蘭縣,羅東鎮,國華里,107,1111,440,205,645,19,664
宜蘭縣,羅東鎮,國華里,108,1139,507,184,691,23,714
宜蘭縣,羅東鎮,國華里,109,1130,481,201,682,16,698
宜蘭縣,羅東鎮,國華里,110,980,388,171,559,20,579
宜蘭縣,羅東鎮,賢文里,111,1431,528,240,768,38,806
宜蘭縣,羅東鎮,賢文里,112,1109,440,166,606,29,635
宜蘭縣,羅東鎮,賢文里,113,1083,427,164,591,22,613
宜蘭縣,羅東鎮,公正里,114,1404,564,217,781,35,816
宜蘭縣,羅東鎮,公正里,115,1288,493,209,702,38,740
宜蘭縣,羅東鎮,集祥里,116,1183,375,143,518,30,548
宜蘭縣,羅東鎮,信義里,117,1105,446,179,625,38,663
宜蘭縣,羅東鎮,信義里,118,987,403,174,577,29,606
宜蘭縣,羅東鎮,信義里,119,773,310,128,438,37,475
宜蘭縣,羅東鎮,樹林里,120,1366,578,260,838,31,869
宜蘭縣,羅東鎮,樹林里,121,907,407,161,568,18,586
宜蘭縣,羅東鎮,樹林里,122,1158,522,183,705,17,722
宜蘭縣,羅東鎮,竹林里,123,977,386,173,559,15,574
宜蘭縣,羅東鎮,竹林里,124,972,351,152,503,29,532
宜蘭縣,羅東鎮,竹林里,125,977,388,170,558,24,582
宜蘭縣,羅東鎮,仁愛里,126,1398,556,231,787,39,826
宜蘭縣,羅東鎮,仁愛里,127,1022,397,160,557,22,579
宜蘭縣,羅東鎮,仁愛里,128,1131,483,178,661,35,696
宜蘭縣,蘇澳鎮,龍德里,129,1194,470,160,630,42,672
宜蘭縣,蘇澳鎮,龍德里,130,1128,448,148,596,30,626
宜蘭縣,蘇澳鎮,龍德里,131,1042,425,179,604,41,645
宜蘭縣,蘇澳鎮,頂寮里,132,997,392,172,564,23,587
宜蘭縣,蘇澳鎮,永榮里,133,1303,512,179,691,52,743
宜蘭縣,蘇澳鎮,永榮里,134,1260,509,188,697,57,754
宜蘭縣,蘇澳鎮,永榮里,135,1130,445,153,598,41,639
宜蘭縣,蘇澳鎮,存仁里,136,559,208,82,290,26,316
宜蘭縣,蘇澳鎮,存仁里,137,351,124,42,166,16,182
宜蘭縣,蘇澳鎮,港邊里,138,889,345,112,457,40,497
宜蘭縣,蘇澳鎮,港邊里,139,434,163,58,221,20,241
宜蘭縣,蘇澳鎮,隘丁里,140,835,344,139,483,26,509
宜蘭縣,蘇澳鎮,隘丁里,141,975,376,158,534,25,559
宜蘭縣,蘇澳鎮,隘丁里,142,1135,460,165,625,51,676
宜蘭縣,蘇澳鎮,新城里,143,788,344,142,486,28,514
宜蘭縣,蘇澳鎮,新城里,144,469,185,56,241,17,258
宜蘭縣,蘇澳鎮,聖愛里,145,811,318,103,421,24,445
宜蘭縣,蘇澳鎮,聖愛里,146,867,353,110,463,14,477
宜蘭縣,蘇澳鎮,聖愛里,147,1139,458,144,602,41,643
宜蘭縣,蘇澳鎮,聖湖里,148,1146,439,132,571,30,601
宜蘭縣,蘇澳鎮,聖湖里,149,1154,459,157,616,37,653
宜蘭縣,蘇澳鎮,蘇西里,150,908,301,254,555,12,567
宜蘭縣,蘇澳鎮,蘇西里,151,656,278,75,353,11,364
宜蘭縣,蘇澳鎮,蘇西里,152,834,366,118,484,40,524
宜蘭縣,蘇澳鎮,蘇北里,153,1025,439,149,588,27,615
宜蘭縣,蘇澳鎮,蘇南里,154,455,182,66,248,16,264
宜蘭縣,蘇澳鎮,蘇東里,155,535,218,69,287,27,314
宜蘭縣,蘇澳鎮,長安里,156,536,238,82,320,22,342
宜蘭縣,蘇澳鎮,永光里,157,451,193,71,264,12,276
宜蘭縣,蘇澳鎮,永春里,158,593,224,80,304,28,332
宜蘭縣,蘇澳鎮,永樂里,159,441,186,47,233,21,254
宜蘭縣,蘇澳鎮,南安里,160,954,401,113,514,36,550
宜蘭縣,蘇澳鎮,南正里,161,952,379,106,485,34,519
宜蘭縣,蘇澳鎮,南成里,162,1125,394,141,535,54,589
宜蘭縣,蘇澳鎮,南興里,163,763,280,88,368,60,428
宜蘭縣,蘇澳鎮,南興里,164,706,235,63,298,23,321
宜蘭縣,蘇澳鎮,南寧里,165,1068,371,111,482,43,525
宜蘭縣,蘇澳鎮,南建里,166,666,244,108,352,36,388
宜蘭縣,蘇澳鎮,南建里,167,574,215,62,277,51,328
宜蘭縣,蘇澳鎮,東澳里,168,351,110,48,158,8,166
宜蘭縣,蘇澳鎮,南強里,169,717,298,77,375,30,405
宜蘭縣,蘇澳鎮,朝陽里,170,373,118,18,136,21,157
宜蘭縣,蘇澳鎮,朝陽里,171,223,60,22,82,13,95
宜蘭縣,頭城鎮,石城里,172,292,80,16,96,11,107
宜蘭縣,頭城鎮,大里里,173,688,241,90,331,38,369
宜蘭縣,頭城鎮,龜山里,174,688,282,94,376,20,396
宜蘭縣,頭城鎮,大溪里,175,879,334,89,423,31,454
宜蘭縣,頭城鎮,合興里,176,335,144,40,184,20,204
宜蘭縣,頭城鎮,更新里,177,624,280,87,367,26,393
宜蘭縣,頭城鎮,更新里,178,732,239,85,324,21,345
宜蘭縣,頭城鎮,外澳里,179,892,266,113,379,40,419
宜蘭縣,頭城鎮,港口里,180,690,209,81,290,23,313
宜蘭縣,頭城鎮,武營里,181,842,310,116,426,26,452
宜蘭縣,頭城鎮,武營里,182,736,274,111,385,26,411
宜蘭縣,頭城鎮,大坑里,183,788,278,106,384,16,400
宜蘭縣,頭城鎮,大坑里,184,560,195,68,263,25,288
宜蘭縣,頭城鎮,城東里,185,712,295,110,405,20,425
宜蘭縣,頭城鎮,城北里,186,502,227,72,299,23,322
宜蘭縣,頭城鎮,城西里,187,569,238,102,340,19,359
宜蘭縣,頭城鎮,城南里,188,633,253,83,336,25,361
宜蘭縣,頭城鎮,竹安里,189,1132,357,131,488,49,537
宜蘭縣,頭城鎮,竹安里,190,1035,348,114,462,34,496
宜蘭縣,頭城鎮,新建里,191,847,363,117,480,23,503
宜蘭縣,頭城鎮,新建里,192,1172,433,201,634,27,661
宜蘭縣,頭城鎮,拔雅里,193,896,322,124,446,26,472
宜蘭縣,頭城鎮,拔雅里,194,1075,430,175,605,23,628
宜蘭縣,頭城鎮,福成里,195,931,374,134,508,41,549
宜蘭縣,頭城鎮,金面里,196,1021,398,124,522,40,562
宜蘭縣,頭城鎮,金面里,197,709,254,76,330,21,351
宜蘭縣,頭城鎮,金盈里,198,689,332,76,408,34,442
宜蘭縣,頭城鎮,頂埔里,199,615,256,99,355,29,384
宜蘭縣,頭城鎮,頂埔里,200,759,298,94,392,22,414
宜蘭縣,頭城鎮,下埔里,201,917,408,119,527,36,563
宜蘭縣,頭城鎮,中崙里,202,1045,414,132,546,56,602
宜蘭縣,頭城鎮,二城里,203,1130,459,137,596,42,638
宜蘭縣,礁溪鄉,白雲村,204,1122,418,120,538,24,562
宜蘭縣,礁溪鄉,白雲村,205,505,187,65,252,15,267
宜蘭縣,礁溪鄉,玉石村,206,988,359,124,483,29,512
宜蘭縣,礁溪鄉,玉石村,207,971,376,123,499,22,521
宜蘭縣,礁溪鄉,德陽村,208,1246,437,153,590,31,621
宜蘭縣,礁溪鄉,德陽村,209,1655,538,227,765,19,784
宜蘭縣,礁溪鄉,德陽村,210,1132,363,125,488,23,511
宜蘭縣,礁溪鄉,大忠村,211,783,305,115,420,24,444
宜蘭縣,礁溪鄉,大忠村,212,928,396,75,471,29,500
宜蘭縣,礁溪鄉,大忠村,213,848,327,109,436,23,459
宜蘭縣,礁溪鄉,大義村,214,663,272,125,397,23,420
宜蘭縣,礁溪鄉,六結村,215,608,239,85,324,18,342
宜蘭縣,礁溪鄉,六結村,216,833,343,107,450,23,473
宜蘭縣,礁溪鄉,二龍村,217,1233,397,179,576,25,601
宜蘭縣,礁溪鄉,時潮村,218,854,316,122,438,43,481
宜蘭縣,礁溪鄉,時潮村,219,575,193,91,284,21,305
宜蘭縣,礁溪鄉,玉田村,220,835,304,129,433,36,469
宜蘭縣,礁溪鄉,玉田村,221,1305,507,203,710,39,749
宜蘭縣,礁溪鄉,三民村,222,830,314,114,428,34,462
宜蘭縣,礁溪鄉,三民村,223,649,285,107,392,36,428
宜蘭縣,礁溪鄉,三民村,224,923,327,108,435,31,466
宜蘭縣,礁溪鄉,林美村,225,1177,390,132,522,37,559
宜蘭縣,礁溪鄉,白鵝村,226,840,322,115,437,25,462
宜蘭縣,礁溪鄉,玉光村,227,1051,428,150,578,25,603
宜蘭縣,礁溪鄉,光武村,228,1339,478,169,647,29,676
宜蘭縣,礁溪鄉,吳沙村,229,1194,527,155,682,26,708
宜蘭縣,礁溪鄉,吳沙村,230,1314,572,185,757,37,794
宜蘭縣,礁溪鄉,龍潭村,231,1125,421,181,602,30,632
宜蘭縣,礁溪鄉,龍潭村,232,1207,496,172,668,56,724
宜蘭縣,礁溪鄉,龍潭村,233,979,376,143,519,30,549
宜蘭縣,礁溪鄉,匏崙村,234,954,422,121,543,41,584
宜蘭縣,礁溪鄉,二結村,235,418,160,57,217,14,231
宜蘭縣,壯圍鄉,吉祥村,236,1435,598,206,804,65,869
宜蘭縣,壯圍鄉,吉祥村,237,1049,487,120,607,26,633
宜蘭縣,壯圍鄉,古結村,238,1068,450,173,623,35,658
宜蘭縣,壯圍鄉,美福村,239,868,338,123,461,44,505
宜蘭縣,壯圍鄉,美福村,240,967,417,111,528,17,545
宜蘭縣,壯圍鄉,新南村,241,940,395,148,543,42,585
宜蘭縣,壯圍鄉,東港村,242,975,342,117,459,26,485
宜蘭縣,壯圍鄉,復興村,243,797,329,124,453,41,494
宜蘭縣,壯圍鄉,復興村,244,808,250,204,454,21,475
宜蘭縣,壯圍鄉,過嶺村,245,911,363,141,504,44,548
宜蘭縣,壯圍鄉,過嶺村,246,612,238,59,297,19,316
宜蘭縣,壯圍鄉,永鎮村,247,790,358,107,465,37,502
宜蘭縣,壯圍鄉,忠孝村,248,878,369,128,497,32,529
宜蘭縣,壯圍鄉,忠孝村,249,723,323,121,444,31,475
宜蘭縣,壯圍鄉,忠孝村,250,737,291,88,379,17,396
宜蘭縣,壯圍鄉,古亭村,251,686,288,97,385,29,414
宜蘭縣,壯圍鄉,古亭村,252,895,360,122,482,8,490
宜蘭縣,壯圍鄉,功勞村,253,1237,541,169,710,47,757
宜蘭縣,壯圍鄉,美城村,254,1134,428,175,603,48,651
宜蘭縣,壯圍鄉,美城村,255,1107,442,144,586,34,620
宜蘭縣,壯圍鄉,新社村,256,1057,469,145,614,32,646
宜蘭縣,壯圍鄉,大福村,257,1051,376,133,509,36,545
宜蘭縣,壯圍鄉,大福村,258,722,252,118,370,34,404
宜蘭縣,員山鄉,員山村,259,1393,445,204,649,26,675
宜蘭縣,員山鄉,員山村,260,895,310,140,450,15,465
宜蘭縣,員山鄉,員山村,261,1231,486,139,625,49,674
宜蘭縣,員山鄉,員山村,262,1098,406,146,552,17,569
宜蘭縣,員山鄉,員山村,263,1031,366,145,511,36,547
宜蘭縣,員山鄉,尚德村,264,1030,402,110,512,45,557
宜蘭縣,員山鄉,尚德村,265,1168,392,127,519,39,558
宜蘭縣,員山鄉,惠好村,266,809,328,98,426,39,465
宜蘭縣,員山鄉,惠好村,267,778,281,134,415,32,447
宜蘭縣,員山鄉,七賢村,268,1465,582,217,799,49,848
宜蘭縣,員山鄉,深溝村,269,979,390,152,542,42,584
宜蘭縣,員山鄉,深溝村,270,860,339,115,454,29,483
宜蘭縣,員山鄉,蓁巷村,271,1205,337,135,472,128,600
宜蘭縣,員山鄉,內城村,272,1082,435,137,572,42,614
宜蘭縣,員山鄉,內城村,273,412,181,53,234,13,247
宜蘭縣,員山鄉,中華村,274,403,150,38,188,17,205
宜蘭縣,員山鄉,中華村,275,232,84,15,99,5,104
宜蘭縣,員山鄉,永和村,276,944,352,135,487,25,512
宜蘭縣,員山鄉,永和村,277,894,326,130,456,45,501
宜蘭縣,員山鄉,頭分村,278,1356,562,172,734,26,760
宜蘭縣,員山鄉,枕山村,279,780,328,105,433,26,459
宜蘭縣,員山鄉,枕山村,280,932,409,150,559,30,589
宜蘭縣,員山鄉,枕山村,281,583,220,69,289,17,306
宜蘭縣,員山鄉,同樂村,282,900,369,97,466,34,500
宜蘭縣,員山鄉,同樂村,283,747,281,96,377,36,413
宜蘭縣,員山鄉,同樂村,284,788,303,107,410,24,434
宜蘭縣,員山鄉,湖東村,285,884,308,124,432,36,468
宜蘭縣,員山鄉,逸仙村,286,857,324,104,428,18,446
宜蘭縣,員山鄉,湖北村,287,1016,364,138,502,22,524
宜蘭縣,員山鄉,湖西村,288,690,202,79,281,29,310
宜蘭縣,員山鄉,湖西村,289,689,244,78,322,45,367
宜蘭縣,冬山鄉,珍珠村,290,807,321,127,448,38,486
宜蘭縣,冬山鄉,珍珠村,291,817,335,141,476,12,488
宜蘭縣,冬山鄉,補城村,292,1156,444,182,626,34,660
宜蘭縣,冬山鄉,三奇村,293,892,345,108,453,33,486
宜蘭縣,冬山鄉,大興村,294,897,482,22,504,24,528
宜蘭縣,冬山鄉,東城村,295,1392,614,193,807,35,842
宜蘭縣,冬山鄉,香和村,296,1471,507,307,814,28,842
宜蘭縣,冬山鄉,香和村,297,1435,491,175,666,25,691
宜蘭縣,冬山鄉,南興村,298,1519,546,217,763,28,791
宜蘭縣,冬山鄉,南興村,299,1456,566,255,821,24,845
宜蘭縣,冬山鄉,安平村,300,711,297,111,408,32,440
宜蘭縣,冬山鄉,冬山村,301,694,292,98,390,19,409
宜蘭縣,冬山鄉,太和村,302,1526,616,319,935,46,981
宜蘭縣,冬山鄉,八寶村,303,884,346,129,475,22,497
宜蘭縣,冬山鄉,丸山村,304,1465,474,200,674,46,720
宜蘭縣,冬山鄉,中山村,305,488,219,53,272,14,286
宜蘭縣,冬山鄉,順安村,306,1218,480,132,612,39,651
宜蘭縣,冬山鄉,順安村,307,1291,488,148,636,29,665
宜蘭縣,冬山鄉,順安村,308,1324,497,150,647,25,672
宜蘭縣,冬山鄉,順安村,309,1160,397,143,540,35,575
宜蘭縣,冬山鄉,永美村,310,1246,472,159,631,40,671
宜蘭縣,冬山鄉,永美村,311,1754,659,231,890,26,916
宜蘭縣,冬山鄉,武淵村,312,1217,459,159,618,29,647
宜蘭縣,冬山鄉,群英村,313,1495,496,189,685,37,722
宜蘭縣,冬山鄉,群英村,314,937,335,140,475,36,511
宜蘭縣,冬山鄉,群英村,315,1101,403,149,552,24,576
宜蘭縣,冬山鄉,群英村,316,1118,409,142,551,35,586
宜蘭縣,冬山鄉,清溝村,317,1301,529,206,735,30,765
宜蘭縣,冬山鄉,清溝村,318,1225,454,180,634,17,651
宜蘭縣,冬山鄉,清溝村,319,1206,489,189,678,28,706
宜蘭縣,冬山鄉,鹿埔村,320,1278,470,158,628,24,652
宜蘭縣,冬山鄉,鹿埔村,321,1151,424,150,574,30,604
宜蘭縣,冬山鄉,得安村,322,1094,388,115,503,37,540
宜蘭縣,冬山鄉,廣興村,323,1247,483,190,673,35,708
宜蘭縣,冬山鄉,廣興村,324,1247,433,160,593,38,631
宜蘭縣,冬山鄉,廣安村,325,979,377,139,516,22,538
宜蘭縣,冬山鄉,廣安村,326,698,294,116,410,13,423
宜蘭縣,冬山鄉,柯林村,327,1726,625,254,879,38,917
宜蘭縣,冬山鄉,大進村,328,782,273,85,358,15,373
宜蘭縣,五結鄉,三興村,329,1076,404,121,525,34,559
宜蘭縣,五結鄉,三興村,330,944,339,152,491,14,505
宜蘭縣,五結鄉,二結村,331,836,363,117,480,14,494
宜蘭縣,五結鄉,二結村,332,937,362,149,511,23,534
宜蘭縣,五結鄉,鎮安村,333,1255,469,172,641,22,663
宜蘭縣,五結鄉,鎮安村,334,1270,446,208,654,33,687
宜蘭縣,五結鄉,上四村,335,801,310,89,399,18,417
宜蘭縣,五結鄉,上四村,336,802,289,109,398,20,418
宜蘭縣,五結鄉,中興村,337,1306,456,167,623,33,656
宜蘭縣,五結鄉,四結村,338,1190,401,199,600,28,628
宜蘭縣,五結鄉,四結村,339,1316,488,191,679,23,702
宜蘭縣,五結鄉,福興村,340,965,380,140,520,26,546
宜蘭縣,五結鄉,福興村,341,814,308,106,414,25,439
宜蘭縣,五結鄉,五結村,342,1254,479,153,632,23,655
宜蘭縣,五結鄉,五結村,343,1060,440,141,581,24,605
宜蘭縣,五結鄉,五結村,344,1323,485,227,712,28,740
宜蘭縣,五結鄉,協和村,345,1120,451,161,612,29,641
宜蘭縣,五結鄉,協和村,346,893,343,121,464,15,479
宜蘭縣,五結鄉,協和村,347,1220,414,188,602,43,645
宜蘭縣,五結鄉,大吉村,348,924,381,137,518,21,539
宜蘭縣,五結鄉,大吉村,349,933,395,146,541,26,567
宜蘭縣,五結鄉,大吉村,350,986,399,109,508,20,528
宜蘭縣,五結鄉,大吉村,351,748,280,98,378,30,408
宜蘭縣,五結鄉,孝威村,352,1550,563,217,780,58,838
宜蘭縣,五結鄉,錦眾村,353,629,271,72,343,20,363
宜蘭縣,五結鄉,錦眾村,354,806,329,90,419,25,444
宜蘭縣,五結鄉,利澤村,355,956,323,151,474,28,502
宜蘭縣,五結鄉,利澤村,356,1066,414,123,537,32,569
宜蘭縣,五結鄉,成興村,357,1513,503,189,692,59,751
宜蘭縣,五結鄉,成興村,358,1566,604,193,797,35,832
宜蘭縣,五結鄉,季新村,359,894,329,138,467,30,497
宜蘭縣,五結鄉,季新村,360,1235,373,163,536,47,583
宜蘭縣,五結鄉,季新村,361,704,284,89,373,25,398
宜蘭縣,三星鄉,員山村,362,215,81,28,109,9,118
宜蘭縣,三星鄉,天山村,363,523,185,40,225,16,241
宜蘭縣,三星鄉,天福村,364,745,257,106,363,27,390
宜蘭縣,三星鄉,萬德村,365,617,225,79,304,20,324
宜蘭縣,三星鄉,貴林村,366,497,196,56,252,16,268
宜蘭縣,三星鄉,萬富村,367,735,290,89,379,36,415
宜蘭縣,三星鄉,雙賢村,368,583,229,72,301,26,327
宜蘭縣,三星鄉,人和村,369,436,187,32,219,15,234
宜蘭縣,三星鄉,義德村,370,1224,461,162,623,28,651
宜蘭縣,三星鄉,集慶村,371,1151,435,131,566,18,584
宜蘭縣,三星鄉,月眉村,372,870,358,107,465,15,480
宜蘭縣,三星鄉,拱照村,373,1284,392,109,501,35,536
宜蘭縣,三星鄉,行健村,374,897,361,139,500,33,533
宜蘭縣,三星鄉,大隱村,375,1439,570,180,750,35,785
宜蘭縣,三星鄉,大隱村,376,1445,510,197,707,33,740
宜蘭縣,三星鄉,大隱村,377,1402,545,164,709,37,746
宜蘭縣,三星鄉,大義村,378,1230,461,165,626,22,648
宜蘭縣,三星鄉,尚武村,379,774,289,103,392,40,432
宜蘭縣,三星鄉,大洲村,380,827,120,335,455,27,482
宜蘭縣,三星鄉,大洲村,381,736,271,118,389,21,410
宜蘭縣,三星鄉,尾塹村,382,1421,527,185,712,38,750
宜蘭縣,大同鄉,寒溪村,383,893,472,84,556,24,580
宜蘭縣,大同鄉,崙埤村,384,632,384,67,451,11,462
宜蘭縣,大同鄉,松羅村,385,684,385,59,444,16,460
宜蘭縣,大同鄉,復興村,386,264,136,35,171,6,177
宜蘭縣,大同鄉,英士村,387,337,204,21,225,4,229
宜蘭縣,大同鄉,樂水村,388,404,287,31,318,7,325
宜蘭縣,大同鄉,太平村,389,55,20,4,24,3,27
宜蘭縣,大同鄉,茂安村,390,199,130,18,148,8,156
宜蘭縣,大同鄉,四季村,391,787,525,71,596,21,617
宜蘭縣,大同鄉,南山村,392,680,458,53,511,13,524
宜蘭縣,南澳鄉,東岳村,393,444,229,50,279,7,286
宜蘭縣,南澳鄉,南澳村,394,1210,487,111,598,19,617
宜蘭縣,南澳鄉,碧候村,395,962,537,64,601,38,639
宜蘭縣,南澳鄉,金岳村,396,411,214,35,249,4,253
宜蘭縣,南澳鄉,武塔村,397,447,259,40,299,15,314
宜蘭縣,南澳鄉,金洋村,398,475,295,55,350,18,368
宜蘭縣,南澳鄉,澳花村,399,695,345,46,391,23,414
新竹縣,竹北市,鹿場里,1,1319,569,266,835,20,855
新竹縣,竹北市,鹿場里,2,1321,520,271,791,15,806
新竹縣,竹北市,鹿場里,3,1272,527,255,782,22,804
新竹縣,竹北市,鹿場里,4,1467,546,280,826,22,848
新竹縣,竹北市,鹿場里,5,1226,442,258,700,14,714
新竹縣,竹北市,鹿場里,6,1412,518,283,801,9,810
新竹縣,竹北市,鹿場里,7,1400,545,326,871,12,883
新竹縣,竹北市,東平里,8,1415,512,337,849,29,878
新竹縣,竹北市,東平里,9,1361,487,299,786,18,804
新竹縣,竹北市,東平里,10,1515,470,357,827,12,839
新竹縣,竹北市,東平里,11,1495,534,344,878,20,898
新竹縣,竹北市,東平里,12,1417,484,339,823,17,840
新竹縣,竹北市,東平里,13,1548,479,391,870,18,888
新竹縣,竹北市,東平里,14,1434,434,353,787,11,798
新竹縣,竹北市,中興里,15,1385,509,280,789,26,815
新竹縣,竹北市,中興里,16,1247,503,274,777,18,795
新竹縣,竹北市,中興里,17,1373,487,290,777,21,798
新竹縣,竹北市,中興里,18,1345,496,353,849,11,860
新竹縣,竹北市,中興里,19,1165,466,178,644,30,674
新竹縣,竹北市,隘口里,20,1164,466,262,728,24,752
新竹縣,竹北市,隘口里,21,1212,465,267,732,24,756
新竹縣,竹北市,東海里,22,1507,567,167,734,28,762
新竹縣,竹北市,東海里,23,1576,614,197,811,32,843
新竹縣,竹北市,東興里,24,1464,540,269,809,23,832
新竹縣,竹北市,東興里,25,1428,491,305,796,20,816
新竹縣,竹北市,東興里,26,1442,367,349,716,10,726
新竹縣,竹北市,東興里,27,1415,569,241,810,34,844
新竹縣,竹北市,北興里,28,1666,523,316,839,14,853
新竹縣,竹北市,北興里,29,1751,562,350,912,29,941
新竹縣,竹北市,十興里,30,1196,456,268,724,18,742
新竹縣,竹北市,十興里,31,1235,497,228,725,18,743
新竹縣,竹北市,十興里,32,1204,435,242,677,9,686
新竹縣,竹北市,十興里,33,1308,546,233,779,21,800
新竹縣,竹北市,十興里,34,1233,446,256,702,13,715
新竹縣,竹北市,興安里,35,1129,463,194,657,19,676
新竹縣,竹北市,興安里,36,1069,449,191,640,18,658
新竹縣,竹北市,興安里,37,1114,490,202,692,22,714
新竹縣,竹北市,文化里,38,1103,453,216,669,22,691
新竹縣,竹北市,文化里,39,1029,438,213,651,19,670
新竹縣,竹北市,文化里,40,1133,466,249,715,15,730
新竹縣,竹北市,斗崙里,41,1301,508,242,750,11,761
新竹縣,竹北市,斗崙里,42,1798,638,385,1023,25,1048
新竹縣,竹北市,斗崙里,43,1427,576,251,827,23,850
新竹縣,竹北市,斗崙里,44,1462,622,275,897,16,913
新竹縣,竹北市,中崙里,45,1342,577,256,833,23,856
新竹縣,竹北市,中崙里,46,1480,568,311,879,20,899
新竹縣,竹北市,中崙里,47,1645,593,318,911,20,931
新竹縣,竹北市,中崙里,48,1256,558,233,791,15,806
新竹縣,竹北市,北崙里,49,1181,473,234,707,18,725
新竹縣,竹北市,北崙里,50,1329,584,259,843,23,866
新竹縣,竹北市,北崙里,51,1228,558,222,780,12,792
新竹縣,竹北市,新崙里,52,1552,552,298,850,26,876
新竹縣,竹北市,新崙里,53,1480,649,225,874,21,895
新竹縣,竹北市,新崙里,54,1487,575,233,808,21,829
新竹縣,竹北市,新崙里,55,1470,565,218,783,26,809
新竹縣,竹北市,竹北里,56,1477,566,208,774,16,790
新竹縣,竹北市,竹北里,57,1611,655,295,950,29,979
新竹縣,竹北市,竹北里,58,1555,625,250,875,36,911
新竹縣,竹北市,竹北里,59,1468,552,227,779,24,803
新竹縣,竹北市,竹仁里,60,1509,735,145,880,19,899
新竹縣,竹北市,竹仁里,61,1602,650,228,878,13,891
新竹縣,竹北市,竹仁里,62,1448,619,222,841,18,859
新竹縣,竹北市,竹仁里,63,1318,585,203,788,14,802
新竹縣,竹北市,竹仁里,64,1634,688,295,983,25,1008
新竹縣,竹北市,竹仁里,65,1345,577,178,755,29,784
新竹縣,竹北市,福德里,66,958,454,149,603,18,621
新竹縣,竹北市,福德里,67,1112,513,171,684,22,706
新竹縣,竹北市,福德里,68,1134,493,142,635,38,673
新竹縣,竹北市,竹義里,69,1483,618,220,838,30,868
新竹縣,竹北市,竹義里,70,1332,517,205,722,29,751
新竹縣,竹北市,竹義里,71,1482,548,196,744,20,764
新竹縣,竹北市,竹義里,72,1449,435,178,613,10,623
新竹縣,竹北市,泰和里,73,1319,515,187,702,18,720
新竹縣,竹北市,泰和里,74,1332,509,198,707,20,727
新竹縣,竹北市,泰和里,75,1412,512,221,733,21,754
新竹縣,竹北市,泰和里,76,1640,644,218,862,24,886
新竹縣,竹北市,新社里,77,1323,434,301,735,28,763
新竹縣,竹北市,新社里,78,1428,575,236,811,43,854
新竹縣,竹北市,新社里,79,1533,632,239,871,24,895
新竹縣,竹北市,新社里,80,1346,510,231,741,10,751
新竹縣,竹北市,新社里,81,1219,492,146,638,31,669
新竹縣,竹北市,新國里,82,1466,633,231,864,36,900
新竹縣,竹北市,新國里,83,1147,409,198,607,26,633
新竹縣,竹北市,新國里,84,1529,489,226,715,35,750
新竹縣,竹北市,新國里,85,1522,620,231,851,30,881
新竹縣,竹北市,聯興里,86,1383,595,196,791,38,829
新竹縣,竹北市,聯興里,87,1569,658,231,889,27,916
新竹縣,竹北市,聯興里,88,1506,594,200,794,22,816
新竹縣,竹北市,麻園里,89,877,378,108,486,22,508
新竹縣,竹北市,麻園里,90,1074,429,177,606,22,628
新竹縣,竹北市,溪州里,91,1089,517,165,682,26,708
新竹縣,竹北市,溪州里,92,1336,570,195,765,28,793
新竹縣,竹北市,新庄里,93,1058,431,147,578,31,609
新竹縣,竹北市,白地里,94,937,442,152,594,34,628
新竹縣,竹北市,白地里,95,1206,502,158,660,31,691
新竹縣,竹北市,新港里,96,1205,526,157,683,32,715
新竹縣,竹北市,大眉里,97,1718,745,252,997,34,1031
新竹縣,竹北市,大義里,98,917,394,121,515,17,532
新竹縣,竹北市,大義里,99,668,291,96,387,22,409
新竹縣,竹北市,尚義里,100,824,350,103,453,20,473
新竹縣,竹北市,尚義里,101,782,334,96,430,38,468
新竹縣,竹北市,崇義里,102,977,426,119,545,54,599
新竹縣,竹北市,崇義里,103,937,373,118,491,17,508
新竹縣,竹東鎮,上坪里,104,309,124,25,149,5,154
新竹縣,竹東鎮,瑞峰里,105,416,152,43,195,23,218
新竹縣,竹東鎮,軟橋里,106,386,155,47,202,5,207
新竹縣,竹東鎮,員崠里,107,950,384,94,478,19,497
新竹縣,竹東鎮,員崠里,108,1275,522,151,673,9,682
新竹縣,竹東鎮,上?里,109,1213,588,42,630,27,657
新竹縣,竹東鎮,上?里,110,1548,612,226,838,33,871
新竹縣,竹東鎮,上?里,111,1246,472,161,633,15,648
新竹縣,竹東鎮,上?里,112,1252,430,128,558,23,581
新竹縣,竹東鎮,上?里,113,1359,559,142,701,22,723
新竹縣,竹東鎮,上?里,114,1255,509,145,654,24,678
新竹縣,竹東鎮,上?里,115,1304,560,172,732,20,752
新竹縣,竹東鎮,東寧里,116,1292,532,173,705,22,727
新竹縣,竹東鎮,東寧里,117,1111,454,114,568,17,585
新竹縣,竹東鎮,東寧里,118,880,387,111,498,33,531
新竹縣,竹東鎮,中正里,119,670,288,85,373,22,395
新竹縣,竹東鎮,中正里,120,1244,538,164,702,23,725
新竹縣,竹東鎮,大鄉里,121,1126,440,130,570,40,610
新竹縣,竹東鎮,大鄉里,122,1073,448,117,565,24,589
新竹縣,竹東鎮,大鄉里,123,1215,512,164,676,20,696
新竹縣,竹東鎮,大鄉里,124,1155,477,168,645,16,661
新竹縣,竹東鎮,中山里,125,852,354,115,469,23,492
新竹縣,竹東鎮,中山里,126,875,379,131,510,17,527
新竹縣,竹東鎮,南華里,127,1070,475,149,624,31,655
新竹縣,竹東鎮,東華里,128,704,291,85,376,16,392
新竹縣,竹東鎮,商華里,129,951,294,68,362,20,382
新竹縣,竹東鎮,商華里,130,984,420,139,559,14,573
新竹縣,竹東鎮,商華里,131,1113,384,113,497,9,506
新竹縣,竹東鎮,竹東里,132,595,277,67,344,13,357
新竹縣,竹東鎮,竹東里,133,762,352,91,443,27,470
新竹縣,竹東鎮,忠孝里,134,763,305,104,409,17,426
新竹縣,竹東鎮,忠孝里,135,813,304,113,417,14,431
新竹縣,竹東鎮,?林里,136,1310,490,133,623,15,638
新竹縣,竹東鎮,?林里,137,1434,533,149,682,23,705
新竹縣,竹東鎮,?林里,138,1131,455,162,617,24,641
新竹縣,竹東鎮,仁愛里,139,967,381,135,516,16,532
新竹縣,竹東鎮,仁愛里,140,1196,445,143,588,25,613
新竹縣,竹東鎮,仁愛里,141,1154,486,146,632,26,658
新竹縣,竹東鎮,榮樂里,142,715,307,110,417,23,440
新竹縣,竹東鎮,榮樂里,143,685,292,102,394,17,411
新竹縣,竹東鎮,榮華里,144,1352,517,176,693,25,718
新竹縣,竹東鎮,榮華里,145,1407,575,187,762,41,803
新竹縣,竹東鎮,榮華里,146,1362,564,165,729,24,753
新竹縣,竹東鎮,榮華里,147,1330,559,188,747,23,770
新竹縣,竹東鎮,榮華里,148,1441,547,217,764,25,789
新竹縣,竹東鎮,五豐里,149,1248,465,183,648,10,658
新竹縣,竹東鎮,五豐里,150,1263,383,181,564,7,571
新竹縣,竹東鎮,五豐里,151,1232,463,144,607,16,623
新竹縣,竹東鎮,五豐里,152,1143,398,122,520,21,541
新竹縣,竹東鎮,五豐里,153,1529,592,224,816,28,844
新竹縣,竹東鎮,五豐里,154,1140,457,153,610,18,628
新竹縣,竹東鎮,陸豐里,155,570,268,83,351,14,365
新竹縣,竹東鎮,三重里,156,1345,483,171,654,16,670
新竹縣,竹東鎮,三重里,157,1381,487,229,716,25,741
新竹縣,竹東鎮,三重里,158,1379,510,247,757,23,780
新竹縣,竹東鎮,三重里,159,1033,445,136,581,22,603
新竹縣,竹東鎮,三重里,160,1066,424,146,570,19,589
新竹縣,竹東鎮,二重里,161,938,412,115,527,29,556
新竹縣,竹東鎮,二重里,162,952,427,133,560,29,589
新竹縣,竹東鎮,二重里,163,1468,590,272,862,24,886
新竹縣,竹東鎮,二重里,164,1915,555,412,967,16,983
新竹縣,竹東鎮,二重里,165,1220,482,141,623,30,653
新竹縣,竹東鎮,二重里,166,1166,389,135,524,11,535
新竹縣,竹東鎮,二重里,167,1492,521,194,715,18,733
新竹縣,竹東鎮,二重里,168,1245,471,173,644,25,669
新竹縣,竹東鎮,頭重里,169,1083,439,160,599,26,625
新竹縣,竹東鎮,頭重里,170,1102,440,151,591,17,608
新竹縣,竹東鎮,頭重里,171,1068,430,140,570,14,584
新竹縣,竹東鎮,頭重里,172,1097,428,179,607,20,627
新竹縣,竹東鎮,員山里,173,962,396,118,514,16,530
新竹縣,竹東鎮,員山里,174,909,406,115,521,13,534
新竹縣,竹東鎮,柯湖里,175,603,220,68,288,15,303
新竹縣,新埔鎮,新埔里,176,983,450,123,573,16,589
新竹縣,新埔鎮,新生里,177,597,251,98,349,20,369
新竹縣,新埔鎮,新民里,178,1070,448,145,593,23,616
新竹縣,新埔鎮,田新里,179,935,386,124,510,16,526
新竹縣,新埔鎮,田新里,180,753,328,92,420,18,438
新竹縣,新埔鎮,田新里,181,838,404,130,534,18,552
新竹縣,新埔鎮,旱坑里,182,924,384,113,497,29,526
新竹縣,新埔鎮,旱坑里,183,905,328,114,442,20,462
新竹縣,新埔鎮,五埔里,184,948,433,93,526,13,539
新竹縣,新埔鎮,五埔里,185,1017,459,110,569,26,595
新竹縣,新埔鎮,四座里,186,1176,500,191,691,30,721
新竹縣,新埔鎮,四座里,187,1122,511,160,671,27,698
新竹縣,新埔鎮,四座里,188,1022,358,120,478,14,492
新竹縣,新埔鎮,照門里,189,1429,525,157,682,31,713
新竹縣,新埔鎮,清水里,190,451,229,59,288,17,305
新竹縣,新埔鎮,鹿鳴里,191,724,297,98,395,17,412
新竹縣,新埔鎮,新北里,192,617,291,78,369,25,394
新竹縣,新埔鎮,巨埔里,193,1144,563,71,634,45,679
新竹縣,新埔鎮,內立里,194,1139,491,132,623,36,659
新竹縣,新埔鎮,寶石里,195,861,382,95,477,22,499
新竹縣,新埔鎮,文山里,196,1093,402,147,549,12,561
新竹縣,新埔鎮,文山里,197,978,367,113,480,26,506
新竹縣,新埔鎮,文山里,198,1040,387,126,513,19,532
新竹縣,新埔鎮,文山里,199,1160,451,142,593,28,621
新竹縣,新埔鎮,上寮里,200,950,419,143,562,18,580
新竹縣,新埔鎮,上寮里,201,882,387,89,476,23,499
新竹縣,新埔鎮,下寮里,202,1281,518,191,709,31,740
新竹縣,新埔鎮,下寮里,203,1212,452,169,621,30,651
新竹縣,新埔鎮,南平里,204,1013,366,92,458,27,485
新竹縣,新埔鎮,北平里,205,630,293,83,376,27,403
新竹縣,關西鎮,東興里,206,480,245,48,293,15,308
新竹縣,關西鎮,西安里,207,903,393,124,517,23,540
新竹縣,關西鎮,西安里,208,1020,438,129,567,27,594
新竹縣,關西鎮,南雄里,209,705,321,86,407,11,418
新竹縣,關西鎮,北斗里,210,1056,442,115,557,19,576
新竹縣,關西鎮,北斗里,211,1275,502,170,672,29,701
新竹縣,關西鎮,北斗里,212,1287,576,154,730,28,758
新竹縣,關西鎮,北山里,213,771,342,95,437,29,466
新竹縣,關西鎮,仁安里,214,1046,410,125,535,36,571
新竹縣,關西鎮,南山里,215,1030,461,115,576,29,605
新竹縣,關西鎮,東安里,216,1208,498,163,661,29,690
新竹縣,關西鎮,東安里,217,1095,429,107,536,13,549
新竹縣,關西鎮,東安里,218,1350,516,174,690,23,713
新竹縣,關西鎮,東山里,219,846,408,111,519,18,537
新竹縣,關西鎮,東光里,220,1362,552,158,710,37,747
新竹縣,關西鎮,南新里,221,903,389,73,462,18,480
新竹縣,關西鎮,新富里,222,551,202,52,254,15,269
新竹縣,關西鎮,玉山里,223,461,142,39,181,10,191
新竹縣,關西鎮,金山里,224,572,252,52,304,15,319
新竹縣,關西鎮,錦山里,225,943,402,83,485,26,511
新竹縣,關西鎮,大同里,226,808,339,118,457,18,475
新竹縣,關西鎮,石光里,227,923,448,120,568,16,584
新竹縣,關西鎮,石光里,228,903,414,105,519,18,537
新竹縣,關西鎮,東平里,229,977,436,110,546,32,578
新竹縣,關西鎮,上林里,230,824,390,100,490,30,520
新竹縣,關西鎮,新力里,231,559,281,64,345,16,361
新竹縣,關西鎮,南和里,232,854,394,118,512,22,534
新竹縣,湖口鄉,和興村,233,1393,518,71,589,38,627
新竹縣,湖口鄉,和興村,234,1505,647,196,843,29,872
新竹縣,湖口鄉,東興村,235,1188,622,171,793,19,812
新竹縣,湖口鄉,東興村,236,1267,502,139,641,25,666
新竹縣,湖口鄉,東興村,237,1668,727,207,934,21,955
新竹縣,湖口鄉,德盛村,238,1719,733,231,964,33,997
新竹縣,湖口鄉,德盛村,239,1162,530,162,692,32,724
新竹縣,湖口鄉,德盛村,240,1833,664,228,892,46,938
新竹縣,湖口鄉,愛勢村,241,1444,571,235,806,28,834
新竹縣,湖口鄉,愛勢村,242,1347,612,190,802,35,837
新竹縣,湖口鄉,愛勢村,243,1202,545,160,705,17,722
新竹縣,湖口鄉,仁勢村,244,851,379,119,498,19,517
新竹縣,湖口鄉,孝勢村,245,1272,546,193,739,33,772
新竹縣,湖口鄉,中勢村,246,1275,543,166,709,27,736
新竹縣,湖口鄉,中勢村,247,1560,845,200,1045,33,1078
新竹縣,湖口鄉,中正村,248,1147,519,172,691,46,737
新竹縣,湖口鄉,中正村,249,1729,742,206,948,32,980
新竹縣,湖口鄉,信勢村,250,1402,542,185,727,29,756
新竹縣,湖口鄉,信勢村,251,1183,534,157,691,23,714
新竹縣,湖口鄉,信勢村,252,1282,564,181,745,28,773
新竹縣,湖口鄉,信勢村,253,1335,584,202,786,27,813
新竹縣,湖口鄉,信義村,254,1493,686,229,915,17,932
新竹縣,湖口鄉,信義村,255,1877,779,226,1005,14,1019
新竹縣,湖口鄉,波羅村,256,1082,505,137,642,29,671
新竹縣,湖口鄉,波羅村,257,1115,509,154,663,24,687
新竹縣,湖口鄉,長嶺村,258,1193,136,460,596,24,620
新竹縣,湖口鄉,長嶺村,259,1947,791,207,998,40,1038
新竹縣,湖口鄉,長安村,260,1125,497,147,644,40,684
新竹縣,湖口鄉,湖口村,261,1050,466,115,581,30,611
新竹縣,湖口鄉,湖口村,262,1733,737,246,983,23,1006
新竹縣,湖口鄉,湖鏡村,263,1284,559,165,724,33,757
新竹縣,湖口鄉,湖鏡村,264,1062,480,130,610,25,635
新竹縣,湖口鄉,湖南村,265,1547,658,180,838,40,878
新竹縣,湖口鄉,中興村,266,1494,563,158,721,29,750
新竹縣,湖口鄉,中興村,267,1634,591,171,762,22,784
新竹縣,湖口鄉,中興村,268,1444,502,172,674,16,690
新竹縣,湖口鄉,中興村,269,1324,510,172,682,16,698
新竹縣,湖口鄉,鳳凰村,270,1058,457,120,577,24,601
新竹縣,湖口鄉,鳳凰村,271,1220,392,120,512,18,530
新竹縣,湖口鄉,鳳凰村,272,1333,544,179,723,27,750
新竹縣,湖口鄉,鳳凰村,273,1461,571,161,732,35,767
新竹縣,湖口鄉,勝利村,274,1429,608,171,779,16,795
新竹縣,湖口鄉,勝利村,275,1506,535,165,700,15,715
新竹縣,湖口鄉,勝利村,276,1103,515,132,647,26,673
新竹縣,湖口鄉,鳳山村,277,1495,550,171,721,20,741
新竹縣,湖口鄉,鳳山村,278,752,325,81,406,27,433
新竹縣,湖口鄉,鳳山村,279,986,388,134,522,26,548
新竹縣,新豐鄉,福興村,280,1080,425,130,555,22,577
新竹縣,新豐鄉,青埔村,281,887,344,108,452,15,467
新竹縣,新豐鄉,青埔村,282,954,403,117,520,19,539
新竹縣,新豐鄉,中崙村,283,1003,445,111,556,20,576
新竹縣,新豐鄉,中崙村,284,1106,447,142,589,15,604
新竹縣,新豐鄉,中崙村,285,1123,470,171,641,21,662
新竹縣,新豐鄉,瑞興村,286,891,387,100,487,41,528
新竹縣,新豐鄉,瑞興村,287,874,313,104,417,23,440
新竹縣,新豐鄉,後湖村,288,824,343,111,454,22,476
新竹縣,新豐鄉,後湖村,289,975,370,96,466,23,489
新竹縣,新豐鄉,坡頭村,290,847,368,114,482,23,505
新竹縣,新豐鄉,埔和村,291,1477,599,190,789,37,826
新竹縣,新豐鄉,埔和村,292,1266,464,176,640,28,668
新竹縣,新豐鄉,新豐村,293,1029,427,102,529,34,563
新竹縣,新豐鄉,新豐村,294,1063,420,132,552,29,581
新竹縣,新豐鄉,員山村,295,1055,440,131,571,11,582
新竹縣,新豐鄉,員山村,296,1445,597,199,796,18,814
新竹縣,新豐鄉,忠孝村,297,1413,615,226,841,27,868
新竹縣,新豐鄉,忠孝村,298,971,439,159,598,25,623
新竹縣,新豐鄉,忠孝村,299,1135,494,166,660,15,675
新竹縣,新豐鄉,山崎村,300,1269,488,168,656,29,685
新竹縣,新豐鄉,山崎村,301,1257,518,166,684,27,711
新竹縣,新豐鄉,山崎村,302,1662,692,253,945,20,965
新竹縣,新豐鄉,上坑村,303,1486,598,174,772,20,792
新竹縣,新豐鄉,鳳坑村,304,1067,493,149,642,29,671
新竹縣,新豐鄉,重興村,305,1302,579,174,753,32,785
新竹縣,新豐鄉,重興村,306,1410,575,188,763,20,783
新竹縣,新豐鄉,重興村,307,1267,523,158,681,13,694
新竹縣,新豐鄉,重興村,308,1258,466,139,605,26,631
新竹縣,新豐鄉,崎頂村,309,1217,445,158,603,12,615
新竹縣,新豐鄉,崎頂村,310,1456,609,173,782,21,803
新竹縣,新豐鄉,松林村,311,1157,501,163,664,15,679
新竹縣,新豐鄉,松林村,312,1089,437,120,557,21,578
新竹縣,新豐鄉,松林村,313,1160,480,171,651,15,666
新竹縣,新豐鄉,松林村,314,976,463,137,600,13,613
新竹縣,新豐鄉,松柏村,315,1443,598,199,797,30,827
新竹縣,新豐鄉,松柏村,316,1247,463,149,612,20,632
新竹縣,新豐鄉,松柏村,317,1411,581,198,779,16,795
新竹縣,新豐鄉,松柏村,318,1238,539,163,702,34,736
新竹縣,芎林鄉,華龍村,319,417,178,56,234,13,247
新竹縣,芎林鄉,五龍村,320,534,283,81,364,15,379
新竹縣,芎林鄉,秀湖村,321,963,405,141,546,20,566
新竹縣,芎林鄉,永興村,322,418,187,68,255,16,271
新竹縣,芎林鄉,石潭村,323,1312,542,155,697,31,728
新竹縣,芎林鄉,石潭村,324,1354,497,165,662,25,687
新竹縣,芎林鄉,新鳳村,325,785,333,114,447,30,477
新竹縣,芎林鄉,新鳳村,326,797,367,106,473,18,491
新竹縣,芎林鄉,中坑村,327,623,309,74,383,18,401
新竹縣,芎林鄉,水坑村,328,759,343,94,437,20,457
新竹縣,芎林鄉,文林村,329,1272,445,171,616,34,650
新竹縣,芎林鄉,文林村,330,1129,507,145,652,22,674
新竹縣,芎林鄉,芎林村,331,713,321,109,430,17,447
新竹縣,芎林鄉,芎林村,332,839,385,114,499,23,522
新竹縣,芎林鄉,上山村,333,1123,559,154,713,28,741
新竹縣,芎林鄉,上山村,334,981,431,142,573,20,593
新竹縣,芎林鄉,上山村,335,1078,407,225,632,31,663
新竹縣,芎林鄉,上山村,336,1094,424,150,574,23,597
新竹縣,芎林鄉,下山村,337,1102,468,146,614,42,656
新竹縣,橫山鄉,橫山村,338,1231,544,165,709,44,753
新竹縣,橫山鄉,橫山村,339,1041,459,129,588,40,628
新竹縣,橫山鄉,橫山村,340,1132,530,132,662,24,686
新竹縣,橫山鄉,田寮村,341,859,407,103,510,27,537
新竹縣,橫山鄉,南昌村,342,204,92,16,108,13,121
新竹縣,橫山鄉,豐鄉村,343,222,83,14,97,5,102
新竹縣,橫山鄉,豐田村,344,338,151,55,206,13,219
新竹縣,橫山鄉,內灣村,345,916,385,83,468,24,492
新竹縣,橫山鄉,力行村,346,573,184,50,234,8,242
新竹縣,橫山鄉,力行村,347,275,133,51,184,8,192
新竹縣,橫山鄉,福興村,348,463,182,37,219,11,230
新竹縣,橫山鄉,沙坑村,349,690,314,95,409,31,440
新竹縣,橫山鄉,沙坑村,350,288,116,26,142,9,151
新竹縣,橫山鄉,新興村,351,685,311,92,403,39,442
新竹縣,橫山鄉,新興村,352,868,408,104,512,25,537
新竹縣,橫山鄉,大肚村,353,1561,753,158,911,57,968
新竹縣,北埔鄉,北埔村,354,1158,445,152,597,13,610
新竹縣,北埔鄉,南興村,355,1238,516,185,701,43,744
新竹縣,北埔鄉,大湖村,356,580,250,74,324,18,342
新竹縣,北埔鄉,埔尾村,357,931,420,108,528,21,549
新竹縣,北埔鄉,埔尾村,358,1653,680,212,892,42,934
新竹縣,北埔鄉,水?村,359,845,368,96,464,20,484
新竹縣,北埔鄉,南埔村,360,384,168,41,209,11,220
新竹縣,北埔鄉,大林村,361,763,316,90,406,24,430
新竹縣,北埔鄉,南坑村,362,333,131,40,171,13,184
新竹縣,北埔鄉,外坪村,363,295,137,22,159,4,163
新竹縣,寶山鄉,雙溪村,364,1158,462,181,643,20,663
新竹縣,寶山鄉,雙溪村,365,1437,549,260,809,25,834
新竹縣,寶山鄉,雙新村,366,1470,601,210,811,33,844
新竹縣,寶山鄉,雙新村,367,1170,485,188,673,34,707
新竹縣,寶山鄉,大崎村,368,1900,726,337,1063,42,1105
新竹縣,寶山鄉,三峰村,369,1056,391,137,528,17,545
新竹縣,寶山鄉,新城村,370,1205,566,146,712,45,757
新竹縣,寶山鄉,寶斗村,371,766,339,78,417,25,442
新竹縣,寶山鄉,深井村,372,846,393,102,495,26,521
新竹縣,寶山鄉,寶山村,373,804,345,125,470,18,488
新竹縣,寶山鄉,油田村,374,607,285,75,360,9,369
新竹縣,寶山鄉,山湖村,375,554,253,95,348,13,361
新竹縣,峨眉鄉,峨眉村,376,879,420,119,539,37,576
新竹縣,峨眉鄉,中盛村,377,683,309,100,409,24,433
新竹縣,峨眉鄉,石井村,378,604,275,71,346,21,367
新竹縣,峨眉鄉,七星村,379,339,162,28,190,9,199
新竹縣,峨眉鄉,七星村,380,276,104,18,122,4,126
新竹縣,峨眉鄉,富興村,381,1406,659,158,817,40,857
新竹縣,峨眉鄉,湖光村,382,462,236,46,282,9,291
新竹縣,峨眉鄉,湖光村,383,419,162,54,216,12,228
新竹縣,尖石鄉,嘉樂村,384,474,193,40,233,10,243
新竹縣,尖石鄉,嘉樂村,385,357,172,34,206,3,209
新竹縣,尖石鄉,義興村,386,225,90,10,100,11,111
新竹縣,尖石鄉,義興村,387,374,196,22,218,10,228
新竹縣,尖石鄉,新樂村,388,773,367,60,427,11,438
新竹縣,尖石鄉,新樂村,389,490,309,35,344,11,355
新竹縣,尖石鄉,錦屏村,390,531,229,32,261,4,265
新竹縣,尖石鄉,錦屏村,391,660,357,36,393,9,402
新竹縣,尖石鄉,梅花村,392,613,361,47,408,22,430
新竹縣,尖石鄉,玉峰村,393,593,251,62,313,3,316
新竹縣,尖石鄉,玉峰村,394,575,272,54,326,12,338
新竹縣,尖石鄉,玉峰村,395,126,71,10,81,3,84
新竹縣,尖石鄉,秀巒村,396,499,249,23,272,4,276
新竹縣,尖石鄉,秀巒村,397,785,288,64,352,17,369
新竹縣,尖石鄉,秀巒村,398,289,146,44,190,10,200
新竹縣,五峰鄉,大隘村,399,672,354,55,409,21,430
新竹縣,五峰鄉,大隘村,400,713,290,64,354,9,363
新竹縣,五峰鄉,桃山村,401,594,217,49,266,8,274
新竹縣,五峰鄉,桃山村,402,896,389,75,464,12,476
新竹縣,五峰鄉,花園村,403,727,335,61,396,11,407
新竹縣,五峰鄉,竹林村,404,395,189,39,228,4,232
苗栗縣,苗栗市,中苗里,1,1087,459,148,607,24,631
苗栗縣,苗栗市,青苗里,2,1018,415,131,546,23,569
苗栗縣,苗栗市,維祥里,3,1156,479,157,636,13,649
苗栗縣,苗栗市,維祥里,4,1118,465,126,591,23,614
苗栗縣,苗栗市,維祥里,5,1084,456,149,605,33,638
苗栗縣,苗栗市,維新里,6,1203,531,156,687,30,717
苗栗縣,苗栗市,維新里,7,1306,583,162,745,40,785
苗栗縣,苗栗市,維新里,8,1193,526,158,684,34,718
苗栗縣,苗栗市,玉清里,9,1115,485,143,628,33,661
苗栗縣,苗栗市,玉清里,10,1119,542,124,666,21,687
苗栗縣,苗栗市,玉華里,11,1132,508,173,681,15,696
苗栗縣,苗栗市,玉華里,12,1289,553,168,721,26,747
苗栗縣,苗栗市,玉華里,13,1264,557,180,737,24,761
苗栗縣,苗栗市,綠苗里,14,870,391,81,472,23,495
苗栗縣,苗栗市,高苗里,15,1008,388,103,491,22,513
苗栗縣,苗栗市,高苗里,16,1078,407,142,549,22,571
苗栗縣,苗栗市,高苗里,17,1077,499,145,644,11,655
苗栗縣,苗栗市,新苗里,18,880,381,122,503,17,520
苗栗縣,苗栗市,玉苗里,19,894,367,106,473,30,503
苗栗縣,苗栗市,大同里,20,522,226,56,282,23,305
苗栗縣,苗栗市,恭敬里,21,1376,629,213,842,33,875
苗栗縣,苗栗市,水源里,22,1391,566,177,743,26,769
苗栗縣,苗栗市,水源里,23,1081,463,156,619,34,653
苗栗縣,苗栗市,勝利里,24,1272,516,174,690,22,712
苗栗縣,苗栗市,勝利里,25,1112,531,165,696,20,716
苗栗縣,苗栗市,勝利里,26,813,416,114,530,17,547
苗栗縣,苗栗市,勝利里,27,767,317,99,416,22,438
苗栗縣,苗栗市,清華里,28,1010,421,138,559,19,578
苗栗縣,苗栗市,清華里,29,1182,502,147,649,17,666
苗栗縣,苗栗市,清華里,30,965,410,124,534,24,558
苗栗縣,苗栗市,上苗里,31,607,274,84,358,7,365
苗栗縣,苗栗市,上苗里,32,990,435,164,599,15,614
苗栗縣,苗栗市,北苗里,33,1230,495,146,641,29,670
苗栗縣,苗栗市,北苗里,34,1372,588,177,765,34,799
苗栗縣,苗栗市,北苗里,35,1213,508,183,691,23,714
苗栗縣,苗栗市,北苗里,36,1272,508,194,702,24,726
苗栗縣,苗栗市,嘉盛里,37,1221,578,141,719,28,747
苗栗縣,苗栗市,嘉盛里,38,1104,459,156,615,33,648
苗栗縣,苗栗市,嘉盛里,39,1171,475,140,615,15,630
苗栗縣,苗栗市,福星里,40,1392,588,172,760,24,784
苗栗縣,苗栗市,福星里,41,1356,590,180,770,28,798
苗栗縣,苗栗市,福星里,42,1387,586,208,794,23,817
苗栗縣,苗栗市,福安里,43,1206,487,165,652,25,677
苗栗縣,苗栗市,福安里,44,1004,473,138,611,31,642
苗栗縣,苗栗市,福安里,45,1202,493,166,659,19,678
苗栗縣,苗栗市,嘉新里,46,1052,465,159,624,17,641
苗栗縣,苗栗市,嘉新里,47,873,404,125,529,19,548
苗栗縣,苗栗市,嘉新里,48,975,496,138,634,19,653
苗栗縣,苗栗市,建功里,49,1003,473,144,617,27,644
苗栗縣,苗栗市,建功里,50,1000,416,157,573,9,582
苗栗縣,苗栗市,建功里,51,1047,434,138,572,18,590
苗栗縣,苗栗市,建功里,52,1025,456,143,599,31,630
苗栗縣,苗栗市,福麗里,53,1130,467,118,585,25,610
苗栗縣,苗栗市,福麗里,54,1146,470,166,636,16,652
苗栗縣,苗栗市,福麗里,55,1432,583,214,797,31,828
苗栗縣,苗栗市,福麗里,56,1492,548,133,681,30,711
苗栗縣,苗栗市,文山里,57,1125,504,163,667,23,690
苗栗縣,苗栗市,文山里,58,1241,498,172,670,24,694
苗栗縣,苗栗市,文山里,59,1278,564,195,759,20,779
苗栗縣,苗栗市,文聖里,60,1293,542,171,713,18,731
苗栗縣,苗栗市,文聖里,61,1342,520,174,694,21,715
苗栗縣,苗栗市,文聖里,62,857,362,105,467,13,480
苗栗縣,苗栗市,新川里,63,1180,488,125,613,34,647
苗栗縣,苗栗市,南勢里,64,1072,479,142,621,15,636
苗栗縣,苗栗市,南勢里,65,912,404,82,486,23,509
苗栗縣,苗栗市,新英里,66,796,330,74,404,22,426
苗栗縣,苗栗市,新英里,67,869,299,128,427,15,442
苗栗縣,公館鄉,館中村,68,789,379,112,491,32,523
苗栗縣,公館鄉,館中村,69,792,384,119,503,22,525
苗栗縣,公館鄉,館東村,70,1117,532,144,676,44,720
苗栗縣,公館鄉,館東村,71,1255,568,187,755,36,791
苗栗縣,公館鄉,館南村,72,1141,509,151,660,28,688
苗栗縣,公館鄉,館南村,73,1172,476,183,659,28,687
苗栗縣,公館鄉,館南村,74,1100,504,160,664,33,697
苗栗縣,公館鄉,中義村,75,1232,484,134,618,34,652
苗栗縣,公館鄉,中義村,76,1081,418,118,536,37,573
苗栗縣,公館鄉,玉泉村,77,1250,574,183,757,23,780
苗栗縣,公館鄉,玉泉村,78,1081,453,140,593,40,633
苗栗縣,公館鄉,大坑村,79,964,397,111,508,47,555
苗栗縣,公館鄉,福基村,80,1038,482,108,590,44,634
苗栗縣,公館鄉,福德村,81,360,171,43,214,13,227
苗栗縣,公館鄉,福星村,82,865,360,101,461,36,497
苗栗縣,公館鄉,福星村,83,1166,456,169,625,26,651
苗栗縣,公館鄉,石墻村,84,719,308,88,396,35,431
苗栗縣,公館鄉,石墻村,85,788,313,90,403,32,435
苗栗縣,公館鄉,開礦村,86,303,135,51,186,16,202
苗栗縣,公館鄉,五谷村,87,1322,572,183,755,40,795
苗栗縣,公館鄉,五谷村,88,933,402,99,501,34,535
苗栗縣,公館鄉,玉谷村,89,1455,581,169,750,41,791
苗栗縣,公館鄉,鶴岡村,90,1615,730,236,966,36,1002
苗栗縣,公館鄉,鶴山村,91,1451,617,157,774,35,809
苗栗縣,公館鄉,尖山村,92,1462,604,234,838,44,882
苗栗縣,公館鄉,仁安村,93,1317,521,157,678,59,737
苗栗縣,公館鄉,南河村,94,221,104,24,128,4,132
苗栗縣,公館鄉,北河村,95,329,140,27,167,8,175
苗栗縣,頭屋鄉,頭屋村,96,1335,672,171,843,50,893
苗栗縣,頭屋鄉,頭屋村,97,1168,626,177,803,26,829
苗栗縣,頭屋鄉,獅潭村,98,792,395,102,497,22,519
苗栗縣,頭屋鄉,獅潭村,99,918,470,152,622,36,658
苗栗縣,頭屋鄉,北坑村,100,725,361,82,443,23,466
苗栗縣,頭屋鄉,曲洞村,101,899,426,109,535,20,555
苗栗縣,頭屋鄉,飛鳳村,102,369,145,32,177,7,184
苗栗縣,頭屋鄉,象山村,103,844,371,120,491,13,504
苗栗縣,頭屋鄉,象山村,104,1007,437,153,590,23,613
苗栗縣,頭屋鄉,明德村,105,794,373,109,482,22,504
苗栗縣,頭屋鄉,明德村,106,211,112,35,147,10,157
苗栗縣,頭屋鄉,鳴鳳村,107,328,181,44,225,14,239
苗栗縣,銅鑼鄉,銅鑼村,108,887,410,117,527,21,548
苗栗縣,銅鑼鄉,銅鑼村,109,1052,458,140,598,33,631
苗栗縣,銅鑼鄉,銅鑼村,110,1347,575,217,792,31,823
苗栗縣,銅鑼鄉,銅鑼村,111,1177,507,136,643,30,673
苗栗縣,銅鑼鄉,樟樹村,112,1268,506,154,660,24,684
苗栗縣,銅鑼鄉,九湖村,113,1185,418,135,553,27,580
苗栗縣,銅鑼鄉,福興村,114,1029,437,121,558,39,597
苗栗縣,銅鑼鄉,朝陽村,115,905,407,91,498,26,524
苗栗縣,銅鑼鄉,朝陽村,116,750,341,105,446,22,468
苗栗縣,銅鑼鄉,竹森村,117,1080,411,101,512,35,547
苗栗縣,銅鑼鄉,中平村,118,1108,426,132,558,49,607
苗栗縣,銅鑼鄉,中平村,119,862,318,107,425,32,457
苗栗縣,銅鑼鄉,中平村,120,1216,477,144,621,28,649
苗栗縣,銅鑼鄉,興隆村,121,588,235,49,284,19,303
苗栗縣,銅鑼鄉,盛隆村,122,429,160,46,206,29,235
苗栗縣,銅鑼鄉,新隆村,123,541,224,71,295,22,317
苗栗縣,三義鄉,廣盛村,124,853,380,100,480,44,524
苗栗縣,三義鄉,廣盛村,125,983,477,117,594,18,612
苗栗縣,三義鄉,廣盛村,126,1080,483,132,615,33,648
苗栗縣,三義鄉,廣盛村,127,1216,487,150,637,13,650
苗栗縣,三義鄉,勝興村,128,1017,468,118,586,19,605
苗栗縣,三義鄉,勝興村,129,1180,470,151,621,11,632
苗栗縣,三義鄉,勝興村,130,1198,521,143,664,20,684
苗栗縣,三義鄉,龍騰村,131,417,187,41,228,13,241
苗栗縣,三義鄉,?湖村,132,991,398,107,505,20,525
苗栗縣,三義鄉,?湖村,133,834,379,98,477,16,493
苗栗縣,三義鄉,?潭村,134,622,264,79,343,24,367
苗栗縣,三義鄉,?潭村,135,749,325,99,424,36,460
苗栗縣,三義鄉,西湖村,136,692,353,85,438,22,460
苗栗縣,三義鄉,西湖村,137,759,398,102,500,35,535
苗栗縣,三義鄉,鯉魚潭村,138,629,249,67,316,21,337
苗栗縣,三義鄉,鯉魚潭村,139,669,275,89,364,21,385
苗栗縣,西湖鄉,高埔村,140,601,255,71,326,19,345
苗栗縣,西湖鄉,下埔村,141,566,253,57,310,31,341
苗栗縣,西湖鄉,五湖村,142,843,366,106,472,21,493
苗栗縣,西湖鄉,四湖村,143,648,247,84,331,15,346
苗栗縣,西湖鄉,三湖村,144,936,350,112,462,12,474
苗栗縣,西湖鄉,龍洞村,145,461,176,61,237,12,249
苗栗縣,西湖鄉,金獅村,146,515,229,55,284,14,298
苗栗縣,西湖鄉,湖東村,147,1141,489,91,580,35,615
苗栗縣,西湖鄉,二湖村,148,671,292,81,373,23,396
苗栗縣,通霄鎮,通東里,149,1142,453,178,631,42,673
苗栗縣,通霄鎮,通西里,150,884,408,145,553,24,577
苗栗縣,通霄鎮,通西里,151,1068,463,118,581,28,609
苗栗縣,通霄鎮,平元里,152,1009,493,133,626,25,651
苗栗縣,通霄鎮,平元里,153,859,417,134,551,12,563
苗栗縣,通霄鎮,平安里,154,1040,426,159,585,24,609
苗栗縣,通霄鎮,平安里,155,1008,381,98,479,19,498
苗栗縣,通霄鎮,圳頭里,156,686,312,69,381,27,408
苗栗縣,通霄鎮,梅南里,157,761,394,103,497,23,520
苗栗縣,通霄鎮,梅南里,158,790,318,87,405,10,415
苗栗縣,通霄鎮,通南里,159,966,401,114,515,19,534
苗栗縣,通霄鎮,通南里,160,972,394,83,477,28,505
苗栗縣,通霄鎮,通南里,161,771,344,78,422,18,440
苗栗縣,通霄鎮,內湖里,162,758,265,76,341,24,365
苗栗縣,通霄鎮,內湖里,163,1078,424,142,566,19,585
苗栗縣,通霄鎮,楓樹里,164,459,152,28,180,19,199
苗栗縣,通霄鎮,烏眉里,165,894,321,100,421,28,449
苗栗縣,通霄鎮,福龍里,166,402,116,33,149,10,159
苗栗縣,通霄鎮,福源里,167,802,316,99,415,19,434
苗栗縣,通霄鎮,城北里,168,684,259,97,356,9,365
苗栗縣,通霄鎮,城南里,169,943,340,75,415,26,441
苗栗縣,通霄鎮,南和里,170,790,334,110,444,36,480
苗栗縣,通霄鎮,福興里,171,673,236,53,289,7,296
苗栗縣,通霄鎮,坪頂里,172,1232,488,125,613,38,651
苗栗縣,通霄鎮,五南里,173,1286,587,130,717,41,758
苗栗縣,通霄鎮,五北里,174,649,285,84,369,20,389
苗栗縣,通霄鎮,五北里,175,769,278,87,365,24,389
苗栗縣,通霄鎮,通灣里,176,1148,448,136,584,44,628
苗栗縣,通霄鎮,通灣里,177,1138,404,135,539,36,575
苗栗縣,通霄鎮,新埔里,178,1121,423,129,552,36,588
苗栗縣,通霄鎮,內島里,179,769,311,95,406,21,427
苗栗縣,通霄鎮,白東里,180,616,227,70,297,13,310
苗栗縣,通霄鎮,白東里,181,799,322,93,415,26,441
苗栗縣,通霄鎮,白西里,182,743,281,80,361,26,387
苗栗縣,苑裡鎮,苑東里,183,873,379,114,493,30,523
苗栗縣,苑裡鎮,苑東里,184,1346,601,173,774,23,797
苗栗縣,苑裡鎮,苑南里,185,951,459,147,606,23,629
苗栗縣,苑裡鎮,苑南里,186,615,279,62,341,15,356
苗栗縣,苑裡鎮,苑北里,187,878,420,95,515,0,515
苗栗縣,苑裡鎮,西平里,188,767,336,119,455,20,475
苗栗縣,苑裡鎮,西平里,189,776,338,89,427,21,448
苗栗縣,苑裡鎮,苑港里,190,1231,499,137,636,39,675
苗栗縣,苑裡鎮,西勢里,191,1145,514,150,664,24,688
苗栗縣,苑裡鎮,西勢里,192,850,356,96,452,26,478
苗栗縣,苑裡鎮,海岸里,193,1052,432,121,553,34,587
苗栗縣,苑裡鎮,房裡里,194,1114,471,137,608,31,639
苗栗縣,苑裡鎮,房裡里,195,1136,475,163,638,38,676
苗栗縣,苑裡鎮,客庄里,196,1194,493,147,640,40,680
苗栗縣,苑裡鎮,客庄里,197,1579,675,195,870,39,909
苗栗縣,苑裡鎮,客庄里,198,1149,506,182,688,28,716
苗栗縣,苑裡鎮,中正里,199,1057,457,149,606,37,643
苗栗縣,苑裡鎮,中正里,200,1101,420,118,538,28,566
苗栗縣,苑裡鎮,苑坑里,201,912,336,92,428,28,456
苗栗縣,苑裡鎮,水坡里,202,652,279,71,350,18,368
苗栗縣,苑裡鎮,新復里,203,1348,568,163,731,53,784
苗栗縣,苑裡鎮,山?里,204,733,275,92,367,14,381
苗栗縣,苑裡鎮,山?里,205,662,249,81,330,18,348
苗栗縣,苑裡鎮,舊社里,206,893,372,120,492,28,520
苗栗縣,苑裡鎮,舊社里,207,910,414,112,526,23,549
苗栗縣,苑裡鎮,福田里,208,1270,511,142,653,55,708
苗栗縣,苑裡鎮,石鎮里,209,545,209,64,273,19,292
苗栗縣,苑裡鎮,蕉埔里,210,792,389,79,468,34,502
苗栗縣,苑裡鎮,南勢里,211,726,304,91,395,22,417
苗栗縣,苑裡鎮,泰田里,212,827,294,67,361,11,372
苗栗縣,苑裡鎮,泰田里,213,782,345,99,444,25,469
苗栗縣,苑裡鎮,上?里,214,788,327,86,413,23,436
苗栗縣,苑裡鎮,上?里,215,846,335,97,432,36,468
苗栗縣,苑裡鎮,玉田里,216,828,373,97,470,35,505
苗栗縣,苑裡鎮,玉田里,217,943,418,101,519,31,550
苗栗縣,苑裡鎮,社苓里,218,1082,505,120,625,18,643
苗栗縣,苑裡鎮,社苓里,219,1234,541,161,702,45,747
苗栗縣,苑裡鎮,山柑里,220,1434,555,155,710,54,764
苗栗縣,苑裡鎮,田心里,221,987,441,112,553,18,571
苗栗縣,苑裡鎮,田心里,222,882,415,125,540,24,564
苗栗縣,後龍鎮,南龍里,223,590,224,77,301,29,330
苗栗縣,後龍鎮,南龍里,224,883,395,131,526,42,568
苗栗縣,後龍鎮,中龍里,225,793,343,120,463,33,496
苗栗縣,後龍鎮,北龍里,226,732,320,103,423,19,442
苗栗縣,後龍鎮,北龍里,227,592,268,83,351,13,364
苗栗縣,後龍鎮,大庄里,228,1113,474,153,627,40,667
苗栗縣,後龍鎮,大庄里,229,1195,467,184,651,26,677
苗栗縣,後龍鎮,大庄里,230,997,454,141,595,28,623
苗栗縣,後龍鎮,大庄里,231,913,352,94,446,16,462
苗栗縣,後龍鎮,東明里,232,641,249,67,316,26,342
苗栗縣,後龍鎮,東明里,233,848,311,117,428,23,451
苗栗縣,後龍鎮,灣寶里,234,1264,504,146,650,49,699
苗栗縣,後龍鎮,海寶里,235,965,363,112,475,28,503
苗栗縣,後龍鎮,豐富里,236,1216,630,166,796,56,852
苗栗縣,後龍鎮,校椅里,237,977,405,105,510,23,533
苗栗縣,後龍鎮,埔頂里,238,943,341,106,447,29,476
苗栗縣,後龍鎮,埔頂里,239,910,380,117,497,25,522
苗栗縣,後龍鎮,埔頂里,240,851,366,83,449,25,474
苗栗縣,後龍鎮,新民里,241,725,324,123,447,18,465
苗栗縣,後龍鎮,新民里,242,650,273,95,368,22,390
苗栗縣,後龍鎮,復興里,243,706,251,77,328,41,369
苗栗縣,後龍鎮,大山里,244,748,319,93,412,26,438
苗栗縣,後龍鎮,大山里,245,801,258,92,350,29,379
苗栗縣,後龍鎮,溪洲里,246,1107,487,104,591,34,625
苗栗縣,後龍鎮,溪洲里,247,1197,469,144,613,44,657
苗栗縣,後龍鎮,外埔里,248,1036,393,100,493,34,527
苗栗縣,後龍鎮,海埔里,249,913,307,90,397,29,426
苗栗縣,後龍鎮,秀水里,250,719,309,91,400,40,440
苗栗縣,後龍鎮,水尾里,251,1037,440,117,557,42,599
苗栗縣,後龍鎮,龍津里,252,601,214,80,294,14,308
苗栗縣,後龍鎮,龍坑里,253,1269,430,130,560,25,585
苗栗縣,後龍鎮,福寧里,254,735,265,79,344,21,365
苗栗縣,後龍鎮,中和里,255,422,108,30,138,10,148
苗栗縣,後龍鎮,中和里,256,625,273,70,343,18,361
苗栗縣,後龍鎮,南港里,257,1234,430,108,538,37,575
苗栗縣,造橋鄉,造橋村,258,1171,572,151,723,46,769
苗栗縣,造橋鄉,造橋村,259,889,434,79,513,18,531
苗栗縣,造橋鄉,平興村,260,479,181,46,227,12,239
苗栗縣,造橋鄉,豐湖村,261,1024,452,122,574,30,604
苗栗縣,造橋鄉,大西村,262,1214,442,173,615,43,658
苗栗縣,造橋鄉,大西村,263,1071,426,107,533,28,561
苗栗縣,造橋鄉,大西村,264,1157,440,133,573,35,608
苗栗縣,造橋鄉,錦水村,265,512,216,63,279,23,302
苗栗縣,造橋鄉,大龍村,266,491,220,69,289,20,309
苗栗縣,造橋鄉,朝陽村,267,1272,573,161,734,33,767
苗栗縣,造橋鄉,談文村,268,785,332,87,419,33,452
苗栗縣,造橋鄉,龍昇村,269,962,440,137,577,59,636
苗栗縣,竹南鎮,竹南里,270,1086,441,190,631,25,656
苗栗縣,竹南鎮,竹南里,271,826,336,126,462,29,491
苗栗縣,竹南鎮,照南里,272,1051,378,162,540,21,561
苗栗縣,竹南鎮,照南里,273,1235,532,169,701,32,733
苗栗縣,竹南鎮,照南里,274,1016,406,165,571,49,620
苗栗縣,竹南鎮,正南里,275,1472,555,207,762,35,797
苗栗縣,竹南鎮,正南里,276,1301,474,157,631,20,651
苗栗縣,竹南鎮,新南里,277,1544,527,235,762,24,786
苗栗縣,竹南鎮,新南里,278,1512,572,229,801,29,830
苗栗縣,竹南鎮,新南里,279,1463,536,219,755,23,778
苗栗縣,竹南鎮,大厝里,280,1073,405,153,558,11,569
苗栗縣,竹南鎮,大厝里,281,1453,621,204,825,14,839
苗栗縣,竹南鎮,大厝里,282,1245,546,189,735,21,756
苗栗縣,竹南鎮,大厝里,283,1487,664,204,868,22,890
苗栗縣,竹南鎮,營盤里,284,1018,433,151,584,22,606
苗栗縣,竹南鎮,營盤里,285,1105,445,182,627,20,647
苗栗縣,竹南鎮,營盤里,286,1322,498,178,676,29,705
苗栗縣,竹南鎮,聖福里,287,1140,492,154,646,17,663
苗栗縣,竹南鎮,聖福里,288,1067,465,172,637,18,655
苗栗縣,竹南鎮,聖福里,289,1136,529,159,688,28,716
苗栗縣,竹南鎮,竹興里,290,1253,473,155,628,25,653
苗栗縣,竹南鎮,竹興里,291,963,363,129,492,22,514
苗栗縣,竹南鎮,竹興里,292,1021,403,131,534,23,557
苗栗縣,竹南鎮,龍山里,293,1154,494,181,675,23,698
苗栗縣,竹南鎮,龍山里,294,1042,433,148,581,19,600
苗栗縣,竹南鎮,天文里,295,1293,540,175,715,30,745
苗栗縣,竹南鎮,天文里,296,816,360,114,474,15,489
苗栗縣,竹南鎮,龍鳳里,297,989,412,127,539,24,563
苗栗縣,竹南鎮,龍鳳里,298,1122,511,137,648,31,679
苗栗縣,竹南鎮,山佳里,299,1111,366,143,509,12,521
苗栗縣,竹南鎮,山佳里,300,1036,478,113,591,26,617
苗栗縣,竹南鎮,山佳里,301,1112,431,108,539,21,560
苗栗縣,竹南鎮,山佳里,302,1348,510,176,686,16,702
苗栗縣,竹南鎮,佳興里,303,1114,465,169,634,24,658
苗栗縣,竹南鎮,佳興里,304,1119,465,179,644,30,674
苗栗縣,竹南鎮,佳興里,305,878,363,109,472,26,498
苗栗縣,竹南鎮,中港里,306,1059,483,141,624,29,653
苗栗縣,竹南鎮,中華里,307,869,369,135,504,23,527
苗栗縣,竹南鎮,中華里,308,800,344,91,435,15,450
苗栗縣,竹南鎮,中華里,309,1165,509,180,689,23,712
苗栗縣,竹南鎮,中英里,310,791,340,105,445,17,462
苗栗縣,竹南鎮,中英里,311,677,291,83,374,16,390
苗栗縣,竹南鎮,中美里,312,797,376,111,487,34,521
苗栗縣,竹南鎮,中美里,313,1191,512,137,649,15,664
苗栗縣,竹南鎮,開元里,314,1027,408,122,530,19,549
苗栗縣,竹南鎮,海口里,315,1341,535,233,768,21,789
苗栗縣,竹南鎮,海口里,316,1378,525,153,678,26,704
苗栗縣,竹南鎮,海口里,317,1216,515,151,666,15,681
苗栗縣,竹南鎮,港墘里,318,1570,638,178,816,31,847
苗栗縣,竹南鎮,港墘里,319,538,238,77,315,24,339
苗栗縣,竹南鎮,公?里,320,1166,450,114,564,22,586
苗栗縣,竹南鎮,大埔里,321,1488,531,233,764,19,783
苗栗縣,竹南鎮,大埔里,322,1449,545,168,713,17,730
苗栗縣,竹南鎮,大埔里,323,1182,476,154,630,34,664
苗栗縣,竹南鎮,頂埔里,324,1175,460,156,616,56,672
苗栗縣,竹南鎮,頂埔里,325,983,415,128,543,28,571
苗栗縣,竹南鎮,崎頂里,326,492,242,48,290,19,309
苗栗縣,竹南鎮,崎頂里,327,1074,441,151,592,31,623
苗栗縣,竹南鎮,崎頂里,328,852,334,111,445,29,474
苗栗縣,竹南鎮,崎頂里,329,1297,491,182,673,16,689
苗栗縣,竹南鎮,公義里,330,1028,398,127,525,34,559
苗栗縣,頭份市,流東里,331,915,359,104,463,34,497
苗栗縣,頭份市,流東里,332,1292,574,139,713,23,736
苗栗縣,頭份市,珊湖里,333,928,411,119,530,22,552
苗栗縣,頭份市,珊湖里,334,835,349,85,434,14,448
苗栗縣,頭份市,斗煥里,335,1070,446,125,571,18,589
苗栗縣,頭份市,斗煥里,336,879,347,105,452,10,462
苗栗縣,頭份市,斗煥里,337,1039,380,142,522,20,542
苗栗縣,頭份市,新華里,338,1129,502,132,634,27,661
苗栗縣,頭份市,新華里,339,1041,431,117,548,24,572
苗栗縣,頭份市,新華里,340,1546,596,167,763,35,798
苗栗縣,頭份市,興隆里,341,935,435,122,557,26,583
苗栗縣,頭份市,興隆里,342,1180,453,137,590,29,619
苗栗縣,頭份市,興隆里,343,1499,589,161,750,28,778
苗栗縣,頭份市,興隆里,344,747,263,136,399,8,407
苗栗縣,頭份市,上埔里,345,1406,613,140,753,26,779
苗栗縣,頭份市,上埔里,346,1193,510,115,625,48,673
苗栗縣,頭份市,土牛里,347,948,408,121,529,28,557
苗栗縣,頭份市,頭份里,348,869,352,102,454,18,472
苗栗縣,頭份市,頭份里,349,1142,480,162,642,23,665
苗栗縣,頭份市,頭份里,350,1286,503,193,696,15,711
苗栗縣,頭份市,忠孝里,351,903,393,122,515,25,540
苗栗縣,頭份市,忠孝里,352,1186,546,162,708,26,734
苗栗縣,頭份市,忠孝里,353,1016,440,150,590,13,603
苗栗縣,頭份市,自強里,354,985,406,130,536,23,559
苗栗縣,頭份市,自強里,355,1037,421,122,543,22,565
苗栗縣,頭份市,信義里,356,947,326,122,448,16,464
苗栗縣,頭份市,仁愛里,357,890,382,118,500,21,521
苗栗縣,頭份市,仁愛里,358,646,280,109,389,23,412
苗栗縣,頭份市,上興里,359,975,424,131,555,31,586
苗栗縣,頭份市,上興里,360,1015,293,93,386,12,398
苗栗縣,頭份市,下興里,361,1399,629,184,813,53,866
苗栗縣,頭份市,下興里,362,1143,500,138,638,51,689
苗栗縣,頭份市,和平里,363,1030,497,132,629,43,672
苗栗縣,頭份市,山下里,364,1338,553,193,746,29,775
苗栗縣,頭份市,山下里,365,1450,574,206,780,19,799
苗栗縣,頭份市,山下里,366,1042,451,142,593,17,610
苗栗縣,頭份市,後庄里,367,1326,573,206,779,19,798
苗栗縣,頭份市,後庄里,368,1270,588,190,778,24,802
苗栗縣,頭份市,後庄里,369,1288,534,170,704,24,728
苗栗縣,頭份市,合興里,370,1243,547,180,727,17,744
苗栗縣,頭份市,合興里,371,1280,573,162,735,21,756
苗栗縣,頭份市,文化里,372,1618,663,221,884,31,915
苗栗縣,頭份市,文化里,373,1759,670,246,916,30,946
苗栗縣,頭份市,中興里,374,1264,532,198,730,24,754
苗栗縣,頭份市,中興里,375,1326,532,220,752,16,768
苗栗縣,頭份市,蟠桃里,376,1551,636,234,870,17,887
苗栗縣,頭份市,蟠桃里,377,1574,597,190,787,26,813
苗栗縣,頭份市,建國里,378,1262,519,177,696,39,735
苗栗縣,頭份市,建國里,379,1171,499,165,664,25,689
苗栗縣,頭份市,建國里,380,1074,493,184,677,19,696
苗栗縣,頭份市,成功里,381,1141,512,158,670,25,695
苗栗縣,頭份市,成功里,382,1259,534,177,711,24,735
苗栗縣,頭份市,成功里,383,1186,482,168,650,11,661
苗栗縣,頭份市,民族里,384,1121,443,125,568,16,584
苗栗縣,頭份市,民族里,385,847,355,111,466,21,487
苗栗縣,頭份市,民權里,386,993,419,157,576,23,599
苗栗縣,頭份市,民權里,387,1055,417,146,563,18,581
苗栗縣,頭份市,東庄里,388,1655,631,186,817,19,836
苗栗縣,頭份市,東庄里,389,1799,733,223,956,34,990
苗栗縣,頭份市,田寮里,390,1141,479,154,633,30,663
苗栗縣,頭份市,田寮里,391,1431,561,196,757,27,784
苗栗縣,頭份市,田寮里,392,1412,510,150,660,21,681
苗栗縣,頭份市,民生里,393,1074,424,116,540,25,565
苗栗縣,頭份市,民生里,394,1245,577,155,732,11,743
苗栗縣,頭份市,蘆竹里,395,1344,565,194,759,44,803
苗栗縣,頭份市,尖山里,396,1363,618,206,824,19,843
苗栗縣,頭份市,廣興里,397,898,432,112,544,28,572
苗栗縣,頭份市,尖下里,398,1182,511,169,680,39,719
苗栗縣,頭份市,尖下里,399,1413,616,150,766,19,785
苗栗縣,頭份市,濫坑里,400,991,456,136,592,24,616
苗栗縣,頭份市,濫坑里,401,1180,501,163,664,32,696
苗栗縣,三灣鄉,三灣村,402,996,446,126,572,25,597
苗栗縣,三灣鄉,三灣村,403,1205,493,152,645,46,691
苗栗縣,三灣鄉,內灣村,404,635,291,71,362,27,389
苗栗縣,三灣鄉,銅鏡村,405,862,382,93,475,22,497
苗栗縣,三灣鄉,頂寮村,406,238,93,19,112,6,118
苗栗縣,三灣鄉,北埔村,407,541,221,50,271,23,294
苗栗縣,三灣鄉,大河村,408,578,215,61,276,23,299
苗栗縣,三灣鄉,大坪村,409,405,191,56,247,32,279
苗栗縣,三灣鄉,永和村,410,392,166,36,202,22,224
苗栗縣,南庄鄉,東村,411,1155,462,144,606,35,641
苗栗縣,南庄鄉,西村,412,650,257,85,342,31,373
苗栗縣,南庄鄉,南江村,413,1353,519,133,652,47,699
苗栗縣,南庄鄉,田美村,414,813,261,66,327,28,355
苗栗縣,南庄鄉,獅山村,415,837,295,51,346,15,361
苗栗縣,南庄鄉,南富村,416,1093,440,113,553,24,577
苗栗縣,南庄鄉,員林村,417,1048,421,121,542,35,577
苗栗縣,南庄鄉,蓬萊村,418,872,337,88,425,23,448
苗栗縣,南庄鄉,東河村,419,963,241,68,309,8,317
苗栗縣,大湖鄉,大湖村,420,744,296,87,383,23,406
苗栗縣,大湖鄉,大湖村,421,881,370,94,464,23,487
苗栗縣,大湖鄉,明湖村,422,596,248,77,325,16,341
苗栗縣,大湖鄉,大寮村,423,1260,469,137,606,46,652
苗栗縣,大湖鄉,靜湖村,424,867,336,98,434,22,456
苗栗縣,大湖鄉,靜湖村,425,923,396,112,508,13,521
苗栗縣,大湖鄉,富興村,426,1395,525,162,687,49,736
苗栗縣,大湖鄉,大南村,427,561,158,46,204,9,213
苗栗縣,大湖鄉,南湖村,428,638,282,73,355,18,373
苗栗縣,大湖鄉,東興村,429,754,287,86,373,27,400
苗栗縣,大湖鄉,武榮村,430,501,209,39,248,4,252
苗栗縣,大湖鄉,義和村,431,652,253,80,333,26,359
苗栗縣,大湖鄉,義和村,432,843,298,90,388,28,416
苗栗縣,大湖鄉,栗林村,433,1020,448,105,553,24,577
苗栗縣,大湖鄉,新開村,434,1018,439,115,554,25,579
苗栗縣,獅潭鄉,百壽村,435,328,97,25,122,8,130
苗栗縣,獅潭鄉,永興村,436,565,186,39,225,26,251
苗栗縣,獅潭鄉,新店村,437,911,400,91,491,33,524
苗栗縣,獅潭鄉,和興村,438,568,198,54,252,20,272
苗栗縣,獅潭鄉,豐林村,439,580,259,55,314,28,342
苗栗縣,獅潭鄉,新豐村,440,333,145,25,170,5,175
苗栗縣,獅潭鄉,竹木村,441,683,280,54,334,19,353
苗栗縣,卓蘭鎮,老庄里,442,961,440,116,556,29,585
苗栗縣,卓蘭鎮,老庄里,443,1017,411,133,544,32,576
苗栗縣,卓蘭鎮,新榮里,444,1095,496,168,664,44,708
苗栗縣,卓蘭鎮,中街里,445,745,341,104,445,15,460
苗栗縣,卓蘭鎮,新厝里,446,783,324,88,412,20,432
苗栗縣,卓蘭鎮,新厝里,447,745,277,94,371,12,383
苗栗縣,卓蘭鎮,豐田里,448,999,392,92,484,22,506
苗栗縣,卓蘭鎮,西坪里,449,671,321,77,398,20,418
苗栗縣,卓蘭鎮,苗豐里,450,734,349,103,452,33,485
苗栗縣,卓蘭鎮,上新里,451,865,395,120,515,25,540
苗栗縣,卓蘭鎮,上新里,452,828,397,108,505,22,527
苗栗縣,卓蘭鎮,上新里,453,386,173,48,221,22,243
苗栗縣,卓蘭鎮,內灣里,454,688,310,106,416,28,444
苗栗縣,卓蘭鎮,內灣里,455,792,345,124,469,24,493
苗栗縣,卓蘭鎮,內灣里,456,729,320,95,415,19,434
苗栗縣,卓蘭鎮,坪林里,457,1093,380,137,517,19,536
苗栗縣,卓蘭鎮,坪林里,458,615,275,73,348,16,364
苗栗縣,卓蘭鎮,西坪里,459,86,43,2,45,3,48
苗栗縣,卓蘭鎮,景山里,460,940,387,120,507,9,516
苗栗縣,泰安鄉,八卦村,461,325,106,36,142,7,149
苗栗縣,泰安鄉,錦水村,462,484,220,54,274,13,287
苗栗縣,泰安鄉,錦水村,463,666,372,86,458,31,489
苗栗縣,泰安鄉,清安村,464,574,303,58,361,28,389
苗栗縣,泰安鄉,清安村,465,333,140,32,172,5,177
苗栗縣,泰安鄉,大興村,466,495,282,56,338,11,349
苗栗縣,泰安鄉,中興村,467,544,280,89,369,31,400
苗栗縣,泰安鄉,梅園村,468,500,241,59,300,17,317
苗栗縣,泰安鄉,象鼻村,469,670,390,74,464,16,480
苗栗縣,泰安鄉,士林村,470,589,384,75,459,4,463
彰化縣,彰化市,桃源里,1,871,376,134,510,25,535
彰化縣,彰化市,桃源里,2,751,259,77,336,28,364
彰化縣,彰化市,桃源里,3,923,412,176,588,23,611
彰化縣,彰化市,東興里,4,779,333,130,463,21,484
彰化縣,彰化市,東興里,5,779,324,137,461,18,479
彰化縣,彰化市,華北里,6,720,300,117,417,18,435
彰化縣,彰化市,華北里,7,749,300,126,426,22,448
彰化縣,彰化市,華陽里,8,767,356,121,477,24,501
彰化縣,彰化市,華陽里,9,1047,492,140,632,30,662
彰化縣,彰化市,大同里,10,1027,397,167,564,24,588
彰化縣,彰化市,永生里,11,1249,523,175,698,27,725
彰化縣,彰化市,建寶里,12,1136,492,166,658,22,680
彰化縣,彰化市,建寶里,13,1169,534,172,706,22,728
彰化縣,彰化市,光南里,14,766,329,146,475,13,488
彰化縣,彰化市,光南里,15,643,299,80,379,11,390
彰化縣,彰化市,介壽里,16,1251,547,173,720,28,748
彰化縣,彰化市,介壽里,17,1301,350,145,495,13,508
彰化縣,彰化市,延平里,18,1280,556,210,766,9,775
彰化縣,彰化市,延平里,19,1179,543,205,748,14,762
彰化縣,彰化市,延平里,20,1168,494,180,674,19,693
彰化縣,彰化市,延平里,21,1218,549,156,705,15,720
彰化縣,彰化市,延平里,22,1351,633,234,867,16,883
彰化縣,彰化市,延平里,23,1204,501,216,717,15,732
彰化縣,彰化市,延平里,24,1189,520,195,715,14,729
彰化縣,彰化市,延和里,25,1207,496,169,665,33,698
彰化縣,彰化市,延和里,26,1161,501,168,669,31,700
彰化縣,彰化市,延和里,27,1166,440,210,650,26,676
彰化縣,彰化市,延和里,28,1362,568,254,822,15,837
彰化縣,彰化市,南興里,29,1236,534,221,755,21,776
彰化縣,彰化市,南興里,30,1065,468,157,625,22,647
彰化縣,彰化市,南興里,31,1199,504,198,702,37,739
彰化縣,彰化市,南興里,32,1233,504,227,731,17,748
彰化縣,彰化市,南興里,33,1245,605,99,704,20,724
彰化縣,彰化市,南興里,34,1153,495,207,702,20,722
彰化縣,彰化市,南瑤里,35,1045,418,158,576,18,594
彰化縣,彰化市,南瑤里,36,1097,452,188,640,10,650
彰化縣,彰化市,南瑤里,37,1190,478,197,675,21,696
彰化縣,彰化市,南瑤里,38,1106,460,219,679,13,692
彰化縣,彰化市,南瑤里,39,1097,474,168,642,20,662
彰化縣,彰化市,南瑤里,40,1048,423,189,612,31,643
彰化縣,彰化市,南瑤里,41,980,415,175,590,25,615
彰化縣,彰化市,成功里,42,707,311,123,434,14,448
彰化縣,彰化市,成功里,43,809,349,122,471,19,490
彰化縣,彰化市,福安里,44,1008,421,182,603,31,634
彰化縣,彰化市,西安里,45,901,361,135,496,24,520
彰化縣,彰化市,西安里,46,951,388,141,529,22,551
彰化縣,彰化市,西安里,47,1076,424,197,621,26,647
彰化縣,彰化市,彰安里,48,1022,409,151,560,20,580
彰化縣,彰化市,彰安里,49,894,388,144,532,20,552
彰化縣,彰化市,彰安里,50,1016,460,148,608,24,632
彰化縣,彰化市,中央里,51,771,350,129,479,20,499
彰化縣,彰化市,富貴里,52,868,379,144,523,22,545
彰化縣,彰化市,民權里,53,1135,489,174,663,26,689
彰化縣,彰化市,萬壽里,54,910,383,154,537,35,572
彰化縣,彰化市,長樂里,55,1004,440,185,625,17,642
彰化縣,彰化市,西興里,56,1077,481,167,648,25,673
彰化縣,彰化市,西興里,57,1258,588,205,793,35,828
彰化縣,彰化市,西興里,58,1025,468,166,634,23,657
彰化縣,彰化市,西勢里,59,1177,536,191,727,24,751
彰化縣,彰化市,西勢里,60,1262,524,180,704,26,730
彰化縣,彰化市,西勢里,61,1209,541,183,724,33,757
彰化縣,彰化市,忠權里,62,1041,460,181,641,21,662
彰化縣,彰化市,忠權里,63,1075,509,149,658,20,678
彰化縣,彰化市,忠權里,64,1029,433,141,574,18,592
彰化縣,彰化市,忠孝里,65,1203,478,196,674,36,710
彰化縣,彰化市,五權里,66,1014,422,144,566,26,592
彰化縣,彰化市,五權里,67,1069,463,166,629,17,646
彰化縣,彰化市,五權里,68,969,375,132,507,17,524
彰化縣,彰化市,五權里,69,1105,430,146,576,20,596
彰化縣,彰化市,平和里,70,981,455,152,607,30,637
彰化縣,彰化市,平和里,71,1095,486,189,675,27,702
彰化縣,彰化市,平和里,72,1087,504,159,663,18,681
彰化縣,彰化市,平和里,73,1050,449,186,635,16,651
彰化縣,彰化市,崙平里,74,1252,527,216,743,29,772
彰化縣,彰化市,崙平里,75,1113,451,170,621,15,636
彰化縣,彰化市,崙平里,76,1009,440,184,624,13,637
彰化縣,彰化市,崙平里,77,999,417,144,561,20,581
彰化縣,彰化市,崙平里,78,997,421,154,575,14,589
彰化縣,彰化市,向陽里,79,1145,516,211,727,18,745
彰化縣,彰化市,向陽里,80,1227,523,212,735,18,753
彰化縣,彰化市,向陽里,81,1208,517,218,735,17,752
彰化縣,彰化市,向陽里,82,1598,657,254,911,18,929
彰化縣,彰化市,莿桐里,83,890,421,115,536,16,552
彰化縣,彰化市,莿桐里,84,1104,501,182,683,19,702
彰化縣,彰化市,莿桐里,85,1097,450,164,614,21,635
彰化縣,彰化市,南美里,86,799,352,104,456,18,474
彰化縣,彰化市,南美里,87,1000,465,135,600,25,625
彰化縣,彰化市,南安里,88,1153,504,128,632,46,678
彰化縣,彰化市,南安里,89,977,423,143,566,39,605
彰化縣,彰化市,東芳里,90,1201,483,184,667,27,694
彰化縣,彰化市,東芳里,91,1057,448,183,631,34,665
彰化縣,彰化市,東芳里,92,1238,539,165,704,30,734
彰化縣,彰化市,磚?里,93,1210,564,154,718,29,747
彰化縣,彰化市,磚?里,94,1026,472,140,612,27,639
彰化縣,彰化市,磚?里,95,1061,481,196,677,20,697
彰化縣,彰化市,卦山里,96,1213,501,194,695,30,725
彰化縣,彰化市,卦山里,97,1264,518,231,749,25,774
彰化縣,彰化市,光復里,98,691,319,129,448,18,466
彰化縣,彰化市,永福里,99,893,391,156,547,29,576
彰化縣,彰化市,光華里,100,733,311,115,426,34,460
彰化縣,彰化市,中正里,101,692,318,108,426,21,447
彰化縣,彰化市,中正里,102,728,298,127,425,18,443
彰化縣,彰化市,中山里,103,773,374,114,488,16,504
彰化縣,彰化市,龍山里,104,975,395,126,521,10,531
彰化縣,彰化市,龍山里,105,908,401,138,539,24,563
彰化縣,彰化市,新興里,106,1156,526,161,687,11,698
彰化縣,彰化市,新興里,107,1235,542,193,735,21,756
彰化縣,彰化市,新興里,108,1376,554,205,759,26,785
彰化縣,彰化市,新興里,109,1389,549,231,780,1,781
彰化縣,彰化市,新華里,110,846,394,133,527,31,558
彰化縣,彰化市,新華里,111,859,416,120,536,20,556
彰化縣,彰化市,興北里,112,781,324,142,466,19,485
彰化縣,彰化市,興北里,113,875,381,122,503,20,523
彰化縣,彰化市,信義里,114,816,346,120,466,21,487
彰化縣,彰化市,民生里,115,687,302,118,420,22,442
彰化縣,彰化市,民生里,116,727,343,118,461,13,474
彰化縣,彰化市,文化里,117,662,314,105,419,13,432
彰化縣,彰化市,文化里,118,633,316,81,397,10,407
彰化縣,彰化市,陽明里,119,906,416,151,567,26,593
彰化縣,彰化市,陽明里,120,853,352,113,465,29,494
彰化縣,彰化市,萬安里,121,1027,460,170,630,19,649
彰化縣,彰化市,萬安里,122,993,472,142,614,27,641
彰化縣,彰化市,萬安里,123,848,382,115,497,28,525
彰化縣,彰化市,萬安里,124,1118,491,199,690,17,707
彰化縣,彰化市,下?里,125,1263,557,197,754,23,777
彰化縣,彰化市,下?里,126,1268,571,201,772,35,807
彰化縣,彰化市,下?里,127,1258,558,183,741,30,771
彰化縣,彰化市,下?里,128,1212,550,197,747,11,758
彰化縣,彰化市,茄苳里,129,924,416,135,551,23,574
彰化縣,彰化市,茄南里,130,939,437,143,580,21,601
彰化縣,彰化市,茄南里,131,953,448,170,618,28,646
彰化縣,彰化市,茄南里,132,981,476,152,628,22,650
彰化縣,彰化市,寶?里,133,1249,574,185,759,34,793
彰化縣,彰化市,古夷里,134,817,438,98,536,20,556
彰化縣,彰化市,古夷里,135,872,373,140,513,25,538
彰化縣,彰化市,古夷里,136,689,291,100,391,19,410
彰化縣,彰化市,阿夷里,137,1156,535,176,711,19,730
彰化縣,彰化市,阿夷里,138,1291,536,188,724,18,742
彰化縣,彰化市,阿夷里,139,1139,484,159,643,26,669
彰化縣,彰化市,阿夷里,140,1125,494,79,573,25,598
彰化縣,彰化市,阿夷里,141,1258,531,162,693,31,724
彰化縣,彰化市,阿夷里,142,1123,503,144,647,21,668
彰化縣,彰化市,阿夷里,143,1175,510,171,681,21,702
彰化縣,彰化市,和調里,144,862,417,129,546,25,571
彰化縣,彰化市,和調里,145,872,361,145,506,24,530
彰化縣,彰化市,和調里,146,897,433,142,575,6,581
彰化縣,彰化市,復興里,147,1003,434,128,562,19,581
彰化縣,彰化市,復興里,148,915,400,133,533,16,549
彰化縣,彰化市,復興里,149,1158,468,172,640,28,668
彰化縣,彰化市,復興里,150,1084,491,169,660,25,685
彰化縣,彰化市,中庄里,151,1372,544,194,738,41,779
彰化縣,彰化市,中庄里,152,1113,506,129,635,41,676
彰化縣,彰化市,竹中里,153,800,385,107,492,14,506
彰化縣,彰化市,竹中里,154,885,378,133,511,26,537
彰化縣,彰化市,香山里,155,1000,457,169,626,9,635
彰化縣,彰化市,香山里,156,1159,464,168,632,23,655
彰化縣,彰化市,香山里,157,1123,452,164,616,21,637
彰化縣,彰化市,牛埔里,158,907,420,140,560,38,598
彰化縣,彰化市,牛埔里,159,989,406,129,535,32,567
彰化縣,彰化市,牛埔里,160,1012,473,138,611,30,641
彰化縣,彰化市,台鳳里,161,1033,430,128,558,12,570
彰化縣,彰化市,台鳳里,162,1116,491,163,654,32,686
彰化縣,彰化市,台鳳里,163,1154,530,167,697,18,715
彰化縣,彰化市,台鳳里,164,1064,472,187,659,13,672
彰化縣,彰化市,國聖里,165,770,377,107,484,26,510
彰化縣,彰化市,國聖里,166,889,387,143,530,27,557
彰化縣,彰化市,國聖里,167,786,356,109,465,36,501
彰化縣,彰化市,福山里,168,1120,460,137,597,23,620
彰化縣,彰化市,福山里,169,1269,508,179,687,27,714
彰化縣,彰化市,福山里,170,1159,526,158,684,23,707
彰化縣,彰化市,福山里,171,1184,529,167,696,31,727
彰化縣,彰化市,福山里,172,1089,454,156,610,24,634
彰化縣,彰化市,福山里,173,968,448,124,572,29,601
彰化縣,彰化市,安溪里,174,930,407,122,529,19,548
彰化縣,彰化市,安溪里,175,973,457,128,585,20,605
彰化縣,彰化市,三村里,176,1184,432,166,598,20,618
彰化縣,彰化市,大竹里,177,1002,451,143,594,29,623
彰化縣,彰化市,大竹里,178,1148,516,144,660,17,677
彰化縣,彰化市,大竹里,179,1112,473,145,618,28,646
彰化縣,彰化市,田中里,180,907,459,131,590,39,629
彰化縣,彰化市,快官里,181,1112,491,155,646,33,679
彰化縣,彰化市,竹巷里,182,823,315,105,420,30,450
彰化縣,彰化市,福田里,183,1276,551,176,727,46,773
彰化縣,彰化市,石牌里,184,1161,513,136,649,24,673
彰化縣,花壇鄉,花壇村,185,901,421,117,538,19,557
彰化縣,花壇鄉,花壇村,186,1042,450,176,626,26,652
彰化縣,花壇鄉,花壇村,187,1314,524,212,736,14,750
彰化縣,花壇鄉,金墩村,188,808,397,87,484,23,507
彰化縣,花壇鄉,金墩村,189,1019,444,128,572,20,592
彰化縣,花壇鄉,中庄村,190,1144,531,149,680,32,712
彰化縣,花壇鄉,中庄村,191,1240,584,140,724,21,745
彰化縣,花壇鄉,崙雅村,192,1425,682,162,844,39,883
彰化縣,花壇鄉,劉厝村,193,1095,537,154,691,19,710
彰化縣,花壇鄉,南口村,194,910,398,126,524,24,548
彰化縣,花壇鄉,南口村,195,982,465,115,580,16,596
彰化縣,花壇鄉,北口村,196,1070,478,146,624,13,637
彰化縣,花壇鄉,北口村,197,700,291,108,399,10,409
彰化縣,花壇鄉,中口村,198,764,361,118,479,27,506
彰化縣,花壇鄉,文德村,199,953,447,137,584,25,609
彰化縣,花壇鄉,文德村,200,974,400,141,541,16,557
彰化縣,花壇鄉,文德村,201,1111,452,152,604,43,647
彰化縣,花壇鄉,白沙村,202,1101,498,137,635,41,676
彰化縣,花壇鄉,白沙村,203,1110,475,124,599,27,626
彰化縣,花壇鄉,白沙村,204,1262,530,179,709,31,740
彰化縣,花壇鄉,白沙村,205,1103,422,207,629,24,653
彰化縣,花壇鄉,岩竹村,206,1347,515,163,678,30,708
彰化縣,花壇鄉,長沙村,207,1169,473,138,611,26,637
彰化縣,花壇鄉,長沙村,208,1274,559,184,743,28,771
彰化縣,花壇鄉,長沙村,209,1280,613,162,775,18,793
彰化縣,花壇鄉,長沙村,210,1244,545,161,706,22,728
彰化縣,花壇鄉,橋頭村,211,1159,482,166,648,39,687
彰化縣,花壇鄉,橋頭村,212,1042,489,145,634,29,663
彰化縣,花壇鄉,橋頭村,213,1111,472,131,603,28,631
彰化縣,花壇鄉,灣雅村,214,893,431,109,540,31,571
彰化縣,花壇鄉,灣東村,215,953,415,125,540,25,565
彰化縣,花壇鄉,三春村,216,987,391,139,530,24,554
彰化縣,花壇鄉,三春村,217,925,445,128,573,37,610
彰化縣,花壇鄉,永春村,218,951,453,89,542,23,565
彰化縣,花壇鄉,永春村,219,955,408,121,529,20,549
彰化縣,花壇鄉,長春村,220,895,412,109,521,24,545
彰化縣,花壇鄉,長春村,221,711,328,85,413,12,425
彰化縣,芬園鄉,舊社村,222,958,415,98,513,25,538
彰化縣,芬園鄉,舊社村,223,794,323,100,423,36,459
彰化縣,芬園鄉,大埔村,224,1415,504,178,682,65,747
彰化縣,芬園鄉,竹林村,225,927,420,121,541,30,571
彰化縣,芬園鄉,竹林村,226,831,360,83,443,31,474
彰化縣,芬園鄉,楓坑村,227,570,252,70,322,15,337
彰化縣,芬園鄉,社口村,228,1227,455,180,635,23,658
彰化縣,芬園鄉,社口村,229,1238,509,137,646,37,683
彰化縣,芬園鄉,茄荖村,230,1362,561,178,739,48,787
彰化縣,芬園鄉,茄荖村,231,989,431,118,549,40,589
彰化縣,芬園鄉,嘉興村,232,1054,505,134,639,32,671
彰化縣,芬園鄉,嘉興村,233,607,290,84,374,27,401
彰化縣,芬園鄉,芬園村,234,882,408,99,507,29,536
彰化縣,芬園鄉,縣庄村,235,1143,417,123,540,27,567
彰化縣,芬園鄉,圳墘村,236,661,266,64,330,14,344
彰化縣,芬園鄉,溪頭村,237,838,356,100,456,2,458
彰化縣,芬園鄉,溪頭村,238,847,302,111,413,32,445
彰化縣,芬園鄉,進芬村,239,987,426,127,553,39,592
彰化縣,芬園鄉,同安村,240,1217,463,145,608,31,639
彰化縣,芬園鄉,中崙村,241,865,333,87,420,41,461
彰化縣,芬園鄉,大竹村,242,996,364,124,488,28,516
彰化縣,鹿港鎮,大有里,243,1140,527,177,704,19,723
彰化縣,鹿港鎮,中興里,244,511,212,79,291,14,305
彰化縣,鹿港鎮,洛津里,245,857,329,103,432,14,446
彰化縣,鹿港鎮,順興里,246,946,459,138,597,23,620
彰化縣,鹿港鎮,埔崙里,247,945,410,136,546,19,565
彰化縣,鹿港鎮,埔崙里,248,1097,487,154,641,18,659
彰化縣,鹿港鎮,埔崙里,249,1479,520,205,725,17,742
彰化縣,鹿港鎮,埔崙里,250,1425,622,200,822,36,858
彰化縣,鹿港鎮,新宮里,251,880,372,141,513,50,563
彰化縣,鹿港鎮,玉順里,252,1183,493,147,640,35,675
彰化縣,鹿港鎮,東石里,253,1047,468,145,613,38,651
彰化縣,鹿港鎮,東石里,254,1097,459,137,596,11,607
彰化縣,鹿港鎮,東石里,255,1030,439,126,565,28,593
彰化縣,鹿港鎮,東石里,256,1161,521,136,657,19,676
彰化縣,鹿港鎮,郭厝里,257,540,238,72,310,35,345
彰化縣,鹿港鎮,永安里,258,1135,447,176,623,24,647
彰化縣,鹿港鎮,永安里,259,1155,498,143,641,33,674
彰化縣,鹿港鎮,永安里,260,1127,492,179,671,28,699
彰化縣,鹿港鎮,永安里,261,1045,451,151,602,25,627
彰化縣,鹿港鎮,景福里,262,1127,455,168,623,42,665
彰化縣,鹿港鎮,泰興里,263,1178,554,179,733,30,763
彰化縣,鹿港鎮,長興里,264,284,117,45,162,7,169
彰化縣,鹿港鎮,興化里,265,584,246,87,333,17,350
彰化縣,鹿港鎮,龍山里,266,659,338,79,417,20,437
彰化縣,鹿港鎮,菜園里,267,915,395,142,537,16,553
彰化縣,鹿港鎮,街尾里,268,1079,488,157,645,41,686
彰化縣,鹿港鎮,街尾里,269,1129,534,165,699,34,733
彰化縣,鹿港鎮,詔安里,270,1273,546,140,686,23,709
彰化縣,鹿港鎮,詔安里,271,706,282,74,356,25,381
彰化縣,鹿港鎮,海埔里,272,1137,420,153,573,60,633
彰化縣,鹿港鎮,海埔里,273,1195,481,151,632,31,663
彰化縣,鹿港鎮,海埔里,274,1225,513,122,635,28,663
彰化縣,鹿港鎮,洋厝里,275,957,464,130,594,36,630
彰化縣,鹿港鎮,洋厝里,276,758,315,57,372,35,407
彰化縣,鹿港鎮,洋厝里,277,723,340,71,411,27,438
彰化縣,鹿港鎮,草中里,278,984,410,124,534,22,556
彰化縣,鹿港鎮,草中里,279,1018,498,123,621,29,650
彰化縣,鹿港鎮,草中里,280,1165,479,141,620,26,646
彰化縣,鹿港鎮,頭南里,281,1161,556,64,620,1,621
彰化縣,鹿港鎮,頭南里,282,1020,399,132,531,34,565
彰化縣,鹿港鎮,山崙里,283,1068,472,109,581,35,616
彰化縣,鹿港鎮,山崙里,284,1024,524,119,643,25,668
彰化縣,鹿港鎮,山崙里,285,974,430,130,560,50,610
彰化縣,鹿港鎮,頂番里,286,1505,583,197,780,34,814
彰化縣,鹿港鎮,頂番里,287,1092,435,142,577,29,606
彰化縣,鹿港鎮,頂番里,288,1223,528,169,697,45,742
彰化縣,鹿港鎮,頭崙里,289,1572,591,162,753,23,776
彰化縣,鹿港鎮,頭崙里,290,1003,449,136,585,38,623
彰化縣,鹿港鎮,溝墘里,291,933,418,122,540,23,563
彰化縣,鹿港鎮,溝墘里,292,1093,485,150,635,28,663
彰化縣,鹿港鎮,溝墘里,293,907,396,121,517,10,527
彰化縣,鹿港鎮,溝墘里,294,1219,501,152,653,21,674
彰化縣,鹿港鎮,廖厝里,295,1397,664,193,857,30,887
彰化縣,鹿港鎮,廖厝里,296,1229,547,138,685,22,707
彰化縣,鹿港鎮,廖厝里,297,1444,613,151,764,34,798
彰化縣,鹿港鎮,東崎里,298,1227,540,154,694,38,732
彰化縣,鹿港鎮,東崎里,299,1187,598,91,689,29,718
彰化縣,鹿港鎮,東崎里,300,1296,531,155,686,25,711
彰化縣,鹿港鎮,東崎里,301,1451,513,203,716,39,755
彰化縣,鹿港鎮,頂厝里,302,1299,520,173,693,48,741
彰化縣,鹿港鎮,頂厝里,303,1298,614,176,790,22,812
彰化縣,鹿港鎮,頂厝里,304,1458,624,186,810,35,845
彰化縣,鹿港鎮,頂厝里,305,1138,490,173,663,33,696
彰化縣,鹿港鎮,頂厝里,306,1170,493,155,648,40,688
彰化縣,鹿港鎮,頂厝里,307,1221,572,138,710,36,746
彰化縣,福興鄉,三汴村,308,1363,480,217,697,47,744
彰化縣,福興鄉,萬豐村,309,821,329,107,436,20,456
彰化縣,福興鄉,元中村,310,1256,491,134,625,45,670
彰化縣,福興鄉,外中村,311,1166,450,136,586,54,640
彰化縣,福興鄉,外埔村,312,1464,571,160,731,37,768
彰化縣,福興鄉,大崙村,313,1251,463,165,628,38,666
彰化縣,福興鄉,番婆村,314,1465,555,185,740,37,777
彰化縣,福興鄉,番婆村,315,960,347,111,458,18,476
彰化縣,福興鄉,橋頭村,316,1323,489,180,669,48,717
彰化縣,福興鄉,橋頭村,317,1365,554,173,727,29,756
彰化縣,福興鄉,社尾村,318,1458,500,160,660,31,691
彰化縣,福興鄉,番社村,319,1492,610,167,777,31,808
彰化縣,福興鄉,西勢村,320,888,370,109,479,20,499
彰化縣,福興鄉,西勢村,321,1054,451,156,607,27,634
彰化縣,福興鄉,同安村,322,1043,387,108,495,26,521
彰化縣,福興鄉,同安村,323,1340,550,152,702,39,741
彰化縣,福興鄉,秀厝村,324,1085,396,151,547,27,574
彰化縣,福興鄉,秀厝村,325,1392,547,165,712,28,740
彰化縣,福興鄉,福興村,326,1316,576,160,736,39,775
彰化縣,福興鄉,福興村,327,1255,562,167,729,26,755
彰化縣,福興鄉,福興村,328,1101,515,145,660,14,674
彰化縣,福興鄉,福南村,329,1167,490,120,610,47,657
彰化縣,福興鄉,福南村,330,1393,546,154,700,39,739
彰化縣,福興鄉,鎮平村,331,1216,536,132,668,29,697
彰化縣,福興鄉,三和村,332,1063,405,126,531,30,561
彰化縣,福興鄉,二港村,333,1306,522,148,670,38,708
彰化縣,福興鄉,福寶村,334,1287,441,133,574,30,604
彰化縣,福興鄉,頂粘村,335,994,420,17,437,21,458
彰化縣,福興鄉,頂粘村,336,1311,566,136,702,38,740
彰化縣,福興鄉,廈粘村,337,926,425,112,537,21,558
彰化縣,福興鄉,廈粘村,338,995,392,113,505,21,526
彰化縣,福興鄉,麥厝村,339,1079,488,139,627,47,674
彰化縣,福興鄉,麥厝村,340,1150,459,115,574,33,607
彰化縣,秀水鄉,秀水村,341,1066,497,137,634,36,670
彰化縣,秀水鄉,秀水村,342,620,282,86,368,29,397
彰化縣,秀水鄉,安溪村,343,876,324,124,448,11,459
彰化縣,秀水鄉,安溪村,344,1196,522,182,704,31,735
彰化縣,秀水鄉,莊雅村,345,1369,584,178,762,27,789
彰化縣,秀水鄉,莊雅村,346,1273,574,154,728,29,757
彰化縣,秀水鄉,陝西村,347,1433,594,182,776,29,805
彰化縣,秀水鄉,金興村,348,967,410,148,558,16,574
彰化縣,秀水鄉,金興村,349,921,419,127,546,9,555
彰化縣,秀水鄉,安東村,350,689,321,96,417,19,436
彰化縣,秀水鄉,安東村,351,688,294,99,393,28,421
彰化縣,秀水鄉,安東村,352,1252,535,203,738,43,781
彰化縣,秀水鄉,安東村,353,1281,512,181,693,27,720
彰化縣,秀水鄉,鶴鳴村,354,754,293,107,400,30,430
彰化縣,秀水鄉,鶴鳴村,355,1024,418,142,560,26,586
彰化縣,秀水鄉,鶴鳴村,356,1433,596,172,768,24,792
彰化縣,秀水鄉,馬興村,357,1366,645,202,847,32,879
彰化縣,秀水鄉,馬興村,358,895,393,116,509,37,546
彰化縣,秀水鄉,義興村,359,1386,498,205,703,51,754
彰化縣,秀水鄉,福安村,360,896,390,103,493,49,542
彰化縣,秀水鄉,福安村,361,804,401,117,518,23,541
彰化縣,秀水鄉,福安村,362,827,402,106,508,16,524
彰化縣,秀水鄉,福安村,363,996,415,147,562,31,593
彰化縣,秀水鄉,福安村,364,931,433,147,580,40,620
彰化縣,秀水鄉,埔崙村,365,715,291,97,388,22,410
彰化縣,秀水鄉,埔崙村,366,1229,557,173,730,37,767
彰化縣,秀水鄉,曾厝村,367,890,334,107,441,21,462
彰化縣,秀水鄉,曾厝村,368,811,340,133,473,35,508
彰化縣,秀水鄉,金陵村,369,786,356,110,466,26,492
彰化縣,秀水鄉,金陵村,370,931,418,103,521,22,543
彰化縣,秀水鄉,下崙村,371,1265,559,171,730,43,773
彰化縣,秀水鄉,下崙村,372,824,349,90,439,28,467
彰化縣,和美鎮,竹營里,373,1341,514,192,706,33,739
彰化縣,和美鎮,竹營里,374,1480,552,182,734,35,769
彰化縣,和美鎮,竹營里,375,1529,626,200,826,38,864
彰化縣,和美鎮,竹營里,376,1711,626,241,867,17,884
彰化縣,和美鎮,和東里,377,1057,413,183,596,24,620
彰化縣,和美鎮,和東里,378,1032,406,190,596,23,619
彰化縣,和美鎮,和東里,379,1015,455,135,590,34,624
彰化縣,和美鎮,和東里,380,1209,463,195,658,26,684
彰化縣,和美鎮,和南里,381,430,159,85,244,8,252
彰化縣,和美鎮,和北里,382,856,346,127,473,14,487
彰化縣,和美鎮,和北里,383,966,436,132,568,15,583
彰化縣,和美鎮,和西里,384,1059,411,147,558,23,581
彰化縣,和美鎮,和西里,385,1117,448,177,625,20,645
彰化縣,和美鎮,和西里,386,1066,417,152,569,25,594
彰化縣,和美鎮,四張里,387,1252,479,174,653,32,685
彰化縣,和美鎮,四張里,388,1528,584,191,775,31,806
彰化縣,和美鎮,頭前里,389,826,335,128,463,23,486
彰化縣,和美鎮,頭前里,390,854,357,111,468,20,488
彰化縣,和美鎮,面前里,391,1387,519,181,700,44,744
彰化縣,和美鎮,面前里,392,765,373,95,468,15,483
彰化縣,和美鎮,鎮平里,393,1438,568,152,720,33,753
彰化縣,和美鎮,鎮平里,394,1396,603,187,790,41,831
彰化縣,和美鎮,大霞里,395,658,81,293,374,14,388
彰化縣,和美鎮,大霞里,396,809,380,115,495,21,516
彰化縣,和美鎮,源埤里,397,932,405,102,507,9,516
彰化縣,和美鎮,源埤里,398,888,364,106,470,19,489
彰化縣,和美鎮,南佃里,399,1144,520,141,661,38,699
彰化縣,和美鎮,南佃里,400,1077,457,136,593,21,614
彰化縣,和美鎮,雅溝里,401,1349,514,160,674,41,715
彰化縣,和美鎮,山犁里,402,1155,534,165,699,27,726
彰化縣,和美鎮,山犁里,403,1253,514,164,678,19,697
彰化縣,和美鎮,山犁里,404,1252,502,171,673,20,693
彰化縣,和美鎮,山犁里,405,1474,562,114,676,24,700
彰化縣,和美鎮,仁愛里,406,1396,509,187,696,18,714
彰化縣,和美鎮,仁愛里,407,1348,523,190,713,20,733
彰化縣,和美鎮,嘉犁里,408,999,483,110,593,21,614
彰化縣,和美鎮,嘉犁里,409,911,393,121,514,32,546
彰化縣,和美鎮,詔安里,410,1005,426,153,579,19,598
彰化縣,和美鎮,詔安里,411,967,408,121,529,32,561
彰化縣,和美鎮,鐵山里,412,1308,568,171,739,24,763
彰化縣,和美鎮,鐵山里,413,1324,540,171,711,33,744
彰化縣,和美鎮,柑井里,414,1102,443,176,619,40,659
彰化縣,和美鎮,柑井里,415,1124,441,166,607,17,624
彰化縣,和美鎮,柑井里,416,1211,496,166,662,43,705
彰化縣,和美鎮,竹園里,417,884,445,123,568,27,595
彰化縣,和美鎮,新庄里,418,1119,467,146,613,36,649
彰化縣,和美鎮,新庄里,419,1300,521,173,694,43,737
彰化縣,和美鎮,犁盛里,420,1104,420,163,583,10,593
彰化縣,和美鎮,犁盛里,421,1213,550,171,721,25,746
彰化縣,和美鎮,中寮里,422,1127,426,129,555,28,583
彰化縣,和美鎮,中圍里,423,919,390,116,506,22,528
彰化縣,和美鎮,中圍里,424,987,435,130,565,31,596
彰化縣,和美鎮,中圍里,425,958,443,122,565,28,593
彰化縣,和美鎮,糖友里,426,1362,628,138,766,27,793
彰化縣,和美鎮,糖友里,427,1461,570,223,793,20,813
彰化縣,和美鎮,糖友里,428,1405,572,212,784,25,809
彰化縣,和美鎮,還社里,429,860,373,121,494,27,521
彰化縣,和美鎮,塗厝里,430,875,364,109,473,21,494
彰化縣,和美鎮,塗厝里,431,871,347,128,475,32,507
彰化縣,和美鎮,地潭里,432,883,380,133,513,39,552
彰化縣,和美鎮,湖內里,433,1224,451,182,633,49,682
彰化縣,和美鎮,嘉寶里,434,1075,436,130,566,36,602
彰化縣,和美鎮,嘉寶里,435,956,374,143,517,27,544
彰化縣,和美鎮,月眉里,436,1037,415,130,545,37,582
彰化縣,和美鎮,月眉里,437,1011,426,135,561,22,583
彰化縣,和美鎮,月眉里,438,1023,410,153,563,25,588
彰化縣,和美鎮,好修里,439,719,279,94,373,19,392
彰化縣,和美鎮,好修里,440,913,378,113,491,27,518
彰化縣,伸港鄉,大同村,441,1182,435,150,585,22,607
彰化縣,伸港鄉,大同村,442,1166,534,156,690,31,721
彰化縣,伸港鄉,海尾村,443,966,404,129,533,28,561
彰化縣,伸港鄉,海尾村,444,873,350,119,469,24,493
彰化縣,伸港鄉,全興村,445,812,365,96,461,28,489
彰化縣,伸港鄉,全興村,446,875,354,114,468,24,492
彰化縣,伸港鄉,溪底村,447,904,357,116,473,38,511
彰化縣,伸港鄉,溪底村,448,1008,411,119,530,30,560
彰化縣,伸港鄉,定興村,449,1154,495,150,645,40,685
彰化縣,伸港鄉,定興村,450,1486,552,178,730,53,783
彰化縣,伸港鄉,什股村,451,1095,461,120,581,29,610
彰化縣,伸港鄉,什股村,452,1087,416,126,542,14,556
彰化縣,伸港鄉,泉州村,453,1085,471,141,612,36,648
彰化縣,伸港鄉,泉州村,454,908,399,120,519,24,543
彰化縣,伸港鄉,泉厝村,455,1264,592,147,739,44,783
彰化縣,伸港鄉,曾家村,456,854,347,98,445,34,479
彰化縣,伸港鄉,曾家村,457,846,324,88,412,20,432
彰化縣,伸港鄉,蚵寮村,458,1143,400,141,541,70,611
彰化縣,伸港鄉,新港村,459,1357,524,205,729,28,757
彰化縣,伸港鄉,新港村,460,1349,516,197,713,41,754
彰化縣,伸港鄉,新港村,461,1154,484,160,644,34,678
彰化縣,伸港鄉,新港村,462,1279,474,198,672,22,694
彰化縣,伸港鄉,埤墘村,463,1317,551,190,741,39,780
彰化縣,伸港鄉,七嘉村,464,990,462,126,588,19,607
彰化縣,伸港鄉,七嘉村,465,852,358,129,487,20,507
彰化縣,伸港鄉,七嘉村,466,1178,482,180,662,15,677
彰化縣,伸港鄉,汴頭村,467,1088,426,137,563,57,620
彰化縣,伸港鄉,汴頭村,468,1135,443,171,614,36,650
彰化縣,線西鄉,線西村,469,1071,458,156,614,14,628
彰化縣,線西鄉,線西村,470,1166,509,176,685,19,704
彰化縣,線西鄉,頂庄村,471,1269,535,163,698,57,755
彰化縣,線西鄉,寓埔村,472,1138,492,132,624,27,651
彰化縣,線西鄉,寓埔村,473,1128,521,142,663,60,723
彰化縣,線西鄉,塭仔村,474,1275,562,160,722,51,773
彰化縣,線西鄉,溝內村,475,1187,508,164,672,37,709
彰化縣,線西鄉,下犁村,476,991,441,125,566,39,605
彰化縣,線西鄉,下犁村,477,938,396,135,531,35,566
彰化縣,線西鄉,頂犁村,478,1276,507,141,648,35,683
彰化縣,線西鄉,頂犁村,479,1285,566,160,726,35,761
彰化縣,線西鄉,德興村,480,1341,655,178,833,45,878
彰化縣,員林市,崙雅里,481,1087,450,99,549,20,569
彰化縣,員林市,崙雅里,482,1353,613,74,687,25,712
彰化縣,員林市,振興里,483,1313,493,180,673,30,703
彰化縣,員林市,振興里,484,1328,453,150,603,33,636
彰化縣,員林市,林厝里,485,1055,436,143,579,20,599
彰化縣,員林市,林厝里,486,959,374,132,506,24,530
彰化縣,員林市,林厝里,487,772,324,99,423,29,452
彰化縣,員林市,出水里,488,831,363,116,479,32,511
彰化縣,員林市,出水里,489,854,282,94,376,12,388
彰化縣,員林市,湖水里,490,1190,414,123,537,22,559
彰化縣,員林市,大?里,491,726,304,77,381,20,401
彰化縣,員林市,鎮興里,492,1124,447,154,601,32,633
彰化縣,員林市,鎮興里,493,860,303,124,427,30,457
彰化縣,員林市,浮圳里,494,1122,592,63,655,30,685
彰化縣,員林市,浮圳里,495,1075,466,175,641,22,663
彰化縣,員林市,西東里,496,993,403,117,520,30,550
彰化縣,員林市,西東里,497,967,386,123,509,24,533
彰化縣,員林市,南東里,498,1008,405,147,552,30,582
彰化縣,員林市,南東里,499,804,334,98,432,28,460
彰化縣,員林市,中東里,500,867,345,121,466,20,486
彰化縣,員林市,中東里,501,885,363,108,471,15,486
彰化縣,員林市,東北里,502,1097,387,126,513,21,534
彰化縣,員林市,東北里,503,1255,486,172,658,24,682
彰化縣,員林市,東和里,504,1063,434,152,586,33,619
彰化縣,員林市,民生里,505,925,327,171,498,19,517
彰化縣,員林市,民生里,506,947,409,119,528,31,559
彰化縣,員林市,民生里,507,916,409,120,529,20,549
彰化縣,員林市,黎明里,508,862,348,113,461,20,481
彰化縣,員林市,黎明里,509,987,398,152,550,14,564
彰化縣,員林市,惠來里,510,1085,453,124,577,23,600
彰化縣,員林市,惠來里,511,1110,459,157,616,18,634
彰化縣,員林市,惠來里,512,1095,430,144,574,13,587
彰化縣,員林市,惠來里,513,1278,541,216,757,30,787
彰化縣,員林市,惠來里,514,1109,477,152,629,26,655
彰化縣,員林市,中央里,515,1055,441,132,573,28,601
彰化縣,員林市,中央里,516,876,352,140,492,21,513
彰化縣,員林市,溝皂里,517,1115,400,134,534,21,555
彰化縣,員林市,溝皂里,518,1186,500,166,666,23,689
彰化縣,員林市,大饒里,519,995,429,138,567,35,602
彰化縣,員林市,大饒里,520,999,387,135,522,18,540
彰化縣,員林市,大饒里,521,1201,466,173,639,17,656
彰化縣,員林市,大明里,522,1342,562,177,739,13,752
彰化縣,員林市,大明里,523,1086,448,128,576,25,601
彰化縣,員林市,萬年里,524,854,333,104,437,22,459
彰化縣,員林市,萬年里,525,1064,449,136,585,19,604
彰化縣,員林市,萬年里,526,879,375,144,519,12,531
彰化縣,員林市,萬年里,527,827,400,141,541,22,563
彰化縣,員林市,中正里,528,867,371,109,480,9,489
彰化縣,員林市,中正里,529,1201,493,173,666,17,683
彰化縣,員林市,中正里,530,1106,462,169,631,16,647
彰化縣,員林市,仁美里,531,845,367,117,484,25,509
彰化縣,員林市,仁美里,532,894,352,152,504,22,526
彰化縣,員林市,仁美里,533,849,354,129,483,21,504
彰化縣,員林市,新興里,534,747,323,128,451,20,471
彰化縣,員林市,和平里,535,884,375,157,532,16,548
彰化縣,員林市,和平里,536,900,341,124,465,15,480
彰化縣,員林市,和平里,537,1040,418,119,537,10,547
彰化縣,員林市,光明里,538,831,333,131,464,17,481
彰化縣,員林市,中山里,539,591,262,95,357,35,392
彰化縣,員林市,三條里,540,1330,518,191,709,16,725
彰化縣,員林市,三條里,541,1295,518,191,709,22,731
彰化縣,員林市,忠孝里,542,1283,507,181,688,29,717
彰化縣,員林市,忠孝里,543,943,414,145,559,13,572
彰化縣,員林市,仁愛里,544,1388,600,246,846,31,877
彰化縣,員林市,三和里,545,1176,483,185,668,28,696
彰化縣,員林市,三和里,546,867,340,107,447,10,457
彰化縣,員林市,三和里,547,1121,409,180,589,36,625
彰化縣,員林市,三和里,548,1190,447,172,619,14,633
彰化縣,員林市,三和里,549,945,417,123,540,25,565
彰化縣,員林市,三和里,550,906,454,80,534,13,547
彰化縣,員林市,三橋里,551,978,392,174,566,32,598
彰化縣,員林市,三橋里,552,949,389,141,530,31,561
彰化縣,員林市,三橋里,553,949,408,134,542,26,568
彰化縣,員林市,三愛里,554,1006,419,148,567,10,577
彰化縣,員林市,三愛里,555,889,352,145,497,31,528
彰化縣,員林市,三愛里,556,923,412,149,561,12,573
彰化縣,員林市,三信里,557,1209,526,199,725,26,751
彰化縣,員林市,三信里,558,1075,479,145,624,25,649
彰化縣,員林市,三多里,559,1342,586,221,807,24,831
彰化縣,員林市,三多里,560,1039,451,220,671,23,694
彰化縣,員林市,三義里,561,1131,465,144,609,24,633
彰化縣,員林市,三義里,562,1356,496,181,677,26,703
彰化縣,員林市,新生里,563,1370,536,199,735,39,774
彰化縣,員林市,新生里,564,1090,425,190,615,22,637
彰化縣,員林市,新生里,565,821,375,144,519,15,534
彰化縣,員林市,新生里,566,910,376,148,524,19,543
彰化縣,員林市,南平里,567,1203,497,173,670,21,691
彰化縣,員林市,南平里,568,1378,515,238,753,21,774
彰化縣,員林市,南平里,569,1352,552,191,743,29,772
彰化縣,員林市,南平里,570,1060,479,162,641,17,658
彰化縣,員林市,南興里,571,1317,515,167,682,39,721
彰化縣,員林市,南興里,572,1120,540,45,585,29,614
彰化縣,員林市,南興里,573,1025,425,100,525,32,557
彰化縣,員林市,南興里,574,1097,469,136,605,29,634
彰化縣,員林市,源潭里,575,859,372,128,500,28,528
彰化縣,員林市,源潭里,576,837,341,115,456,15,471
彰化縣,員林市,大埔里,577,1090,520,141,661,27,688
彰化縣,員林市,大埔里,578,1073,449,137,586,39,625
彰化縣,大村鄉,大村村,579,1426,650,212,862,45,907
彰化縣,大村鄉,大村村,580,1726,753,252,1005,58,1063
彰化縣,大村鄉,茄苳村,581,797,370,111,481,30,511
彰化縣,大村鄉,茄苳村,582,745,326,101,427,16,443
彰化縣,大村鄉,田洋村,583,1125,527,120,647,45,692
彰化縣,大村鄉,貢旗村,584,1486,710,193,903,57,960
彰化縣,大村鄉,南勢村,585,1426,582,204,786,49,835
彰化縣,大村鄉,大橋村,586,824,380,111,491,33,524
彰化縣,大村鄉,大橋村,587,1177,464,138,602,26,628
彰化縣,大村鄉,加錫村,588,1478,636,218,854,28,882
彰化縣,大村鄉,大崙村,589,779,308,95,403,20,423
彰化縣,大村鄉,大崙村,590,812,364,123,487,28,515
彰化縣,大村鄉,新興村,591,1161,459,143,602,43,645
彰化縣,大村鄉,擺塘村,592,1238,492,163,655,12,667
彰化縣,大村鄉,擺塘村,593,1259,538,159,697,30,727
彰化縣,大村鄉,過溝村,594,1412,578,208,786,35,821
彰化縣,大村鄉,過溝村,595,1401,592,195,787,26,813
彰化縣,大村鄉,村上村,596,1395,646,192,838,32,870
彰化縣,大村鄉,美港村,597,996,419,154,573,31,604
彰化縣,大村鄉,美港村,598,1047,440,148,588,25,613
彰化縣,大村鄉,美港村,599,985,452,111,563,29,592
彰化縣,大村鄉,黃厝村,600,1054,473,150,623,37,660
彰化縣,大村鄉,黃厝村,601,1200,537,152,689,24,713
彰化縣,大村鄉,福興村,602,1003,439,135,574,44,618
彰化縣,大村鄉,福興村,603,1046,411,150,561,14,575
彰化縣,大村鄉,平和村,604,1189,523,156,679,36,715
彰化縣,大村鄉,平和村,605,1305,537,145,682,21,703
彰化縣,永靖鄉,浮圳村,606,1255,479,157,636,31,667
彰化縣,永靖鄉,東寧村,607,889,380,129,509,38,547
彰化縣,永靖鄉,東寧村,608,1026,422,139,561,21,582
彰化縣,永靖鄉,光雲村,609,724,330,95,425,27,452
彰化縣,永靖鄉,光雲村,610,924,409,113,522,33,555
彰化縣,永靖鄉,五汴村,611,659,317,91,408,12,420
彰化縣,永靖鄉,五汴村,612,734,299,117,416,18,434
彰化縣,永靖鄉,永興村,613,758,265,95,360,16,376
彰化縣,永靖鄉,永興村,614,848,409,115,524,32,556
彰化縣,永靖鄉,崙子村,615,1404,533,172,705,52,757
彰化縣,永靖鄉,永東村,616,792,382,143,525,26,551
彰化縣,永靖鄉,永西村,617,695,298,126,424,23,447
彰化縣,永靖鄉,永西村,618,821,376,114,490,18,508
彰化縣,永靖鄉,永南村,619,1064,469,155,624,48,672
彰化縣,永靖鄉,永南村,620,840,351,112,463,24,487
彰化縣,永靖鄉,永北村,621,1079,502,145,647,20,667
彰化縣,永靖鄉,永北村,622,1048,467,163,630,24,654
彰化縣,永靖鄉,港西村,623,960,477,127,604,22,626
彰化縣,永靖鄉,港西村,624,798,347,125,472,24,496
彰化縣,永靖鄉,五福村,625,796,397,118,515,17,532
彰化縣,永靖鄉,五福村,626,662,291,77,368,17,385
彰化縣,永靖鄉,湳港村,627,1040,461,122,583,25,608
彰化縣,永靖鄉,新莊村,628,1025,424,136,560,31,591
彰化縣,永靖鄉,瑚璉村,629,1357,735,101,836,35,871
彰化縣,永靖鄉,瑚璉村,630,1236,595,172,767,37,804
彰化縣,永靖鄉,獨鰲村,631,871,371,118,489,30,519
彰化縣,永靖鄉,敦厚村,632,706,281,84,365,20,385
彰化縣,永靖鄉,崙美村,633,770,370,107,477,20,497
彰化縣,永靖鄉,同安村,634,669,335,85,420,22,442
彰化縣,永靖鄉,同仁村,635,862,367,121,488,21,509
彰化縣,永靖鄉,湳墘村,636,847,364,86,450,26,476
彰化縣,永靖鄉,四芳村,637,668,316,78,394,36,430
彰化縣,永靖鄉,福興村,638,1073,438,116,554,20,574
彰化縣,永靖鄉,竹子村,639,1339,516,147,663,30,693
彰化縣,溪湖鎮,光平里,640,1221,502,162,664,16,680
彰化縣,溪湖鎮,平和里,641,638,275,110,385,24,409
彰化縣,溪湖鎮,太平里,642,817,346,114,460,27,487
彰化縣,溪湖鎮,太平里,643,968,456,112,568,18,586
彰化縣,溪湖鎮,光華里,644,448,209,80,289,6,295
彰化縣,溪湖鎮,湖東里,645,1123,467,118,585,22,607
彰化縣,溪湖鎮,湖東里,646,1166,452,172,624,35,659
彰化縣,溪湖鎮,湖東里,647,1151,475,155,630,18,648
彰化縣,溪湖鎮,湖東里,648,1249,527,181,708,17,725
彰化縣,溪湖鎮,中山里,649,1146,517,137,654,29,683
彰化縣,溪湖鎮,中山里,650,1199,537,134,671,39,710
彰化縣,溪湖鎮,西溪里,651,895,372,114,486,35,521
彰化縣,溪湖鎮,西溪里,652,964,453,121,574,18,592
彰化縣,溪湖鎮,中竹里,653,851,332,135,467,23,490
彰化縣,溪湖鎮,東寮里,654,1072,446,140,586,32,618
彰化縣,溪湖鎮,東寮里,655,1113,476,155,631,35,666
彰化縣,溪湖鎮,東寮里,656,1090,481,157,638,16,654
彰化縣,溪湖鎮,西寮里,657,1193,537,155,692,27,719
彰化縣,溪湖鎮,西寮里,658,952,452,108,560,32,592
彰化縣,溪湖鎮,大突里,659,1172,406,151,557,25,582
彰化縣,溪湖鎮,大突里,660,1027,412,159,571,21,592
彰化縣,溪湖鎮,大突里,661,1188,558,164,722,24,746
彰化縣,溪湖鎮,北勢里,662,1403,535,186,721,31,752
彰化縣,溪湖鎮,汴頭里,663,1397,508,186,694,31,725
彰化縣,溪湖鎮,汴頭里,664,1636,665,230,895,42,937
彰化縣,溪湖鎮,大竹里,665,1298,558,181,739,40,779
彰化縣,溪湖鎮,大竹里,666,1214,519,157,676,29,705
彰化縣,溪湖鎮,湖西里,667,1297,543,209,752,24,776
彰化縣,溪湖鎮,湖西里,668,968,437,148,585,20,605
彰化縣,溪湖鎮,田中里,669,839,363,114,477,27,504
彰化縣,溪湖鎮,河東里,670,907,397,124,521,31,552
彰化縣,溪湖鎮,河東里,671,898,352,96,448,21,469
彰化縣,溪湖鎮,頂庄里,672,650,318,110,428,21,449
彰化縣,溪湖鎮,忠覺里,673,1279,543,149,692,45,737
彰化縣,溪湖鎮,湳底里,674,730,362,79,441,24,465
彰化縣,溪湖鎮,大庭里,675,1407,609,170,779,48,827
彰化縣,溪湖鎮,媽厝里,676,1273,462,144,606,33,639
彰化縣,溪湖鎮,番婆里,677,988,406,118,524,21,545
彰化縣,溪湖鎮,番婆里,678,754,350,103,453,28,481
彰化縣,溪湖鎮,西勢里,679,1052,379,114,493,34,527
彰化縣,溪湖鎮,西勢里,680,1149,452,142,594,26,620
彰化縣,溪湖鎮,東溪里,681,1365,591,220,811,52,863
彰化縣,埔鹽鄉,埔鹽村,682,958,465,107,572,23,595
彰化縣,埔鹽鄉,埔鹽村,683,754,307,173,480,16,496
彰化縣,埔鹽鄉,埔南村,684,757,359,120,479,22,501
彰化縣,埔鹽鄉,埔南村,685,806,381,108,489,19,508
彰化縣,埔鹽鄉,?子村,686,1280,602,132,734,29,763
彰化縣,埔鹽鄉,出水村,687,928,404,116,520,31,551
彰化縣,埔鹽鄉,南港村,688,895,420,132,552,40,592
彰化縣,埔鹽鄉,南港村,689,815,396,87,483,43,526
彰化縣,埔鹽鄉,打廉村,690,957,418,122,540,20,560
彰化縣,埔鹽鄉,豐澤村,691,1338,604,140,744,51,795
彰化縣,埔鹽鄉,崑崙村,692,1106,478,138,616,25,641
彰化縣,埔鹽鄉,角樹村,693,690,364,98,462,22,484
彰化縣,埔鹽鄉,瓦?村,694,1230,532,145,677,35,712
彰化縣,埔鹽鄉,好修村,695,847,369,118,487,19,506
彰化縣,埔鹽鄉,好修村,696,897,433,107,540,22,562
彰化縣,埔鹽鄉,西湖村,697,882,373,114,487,44,531
彰化縣,埔鹽鄉,西湖村,698,1180,540,131,671,46,717
彰化縣,埔鹽鄉,大有村,699,1215,586,55,641,65,706
彰化縣,埔鹽鄉,新興村,700,422,222,47,269,13,282
彰化縣,埔鹽鄉,永平村,701,1106,471,105,576,44,620
彰化縣,埔鹽鄉,永樂村,702,874,416,92,508,57,565
彰化縣,埔鹽鄉,石埤村,703,1445,594,194,788,66,854
彰化縣,埔鹽鄉,天盛村,704,875,406,95,501,46,547
彰化縣,埔鹽鄉,太平村,705,837,339,77,416,32,448
彰化縣,埔鹽鄉,太平村,706,685,323,70,393,20,413
彰化縣,埔鹽鄉,新水村,707,733,334,115,449,21,470
彰化縣,埔鹽鄉,新水村,708,798,352,112,464,37,501
彰化縣,埔鹽鄉,三省村,709,1381,605,149,754,45,799
彰化縣,埔鹽鄉,南新村,710,1335,543,142,685,36,721
彰化縣,埔心鄉,東門村,711,1139,509,156,665,51,716
彰化縣,埔心鄉,東門村,712,1217,546,141,687,31,718
彰化縣,埔心鄉,東門村,713,1248,559,190,749,24,773
彰化縣,埔心鄉,埔心村,714,1248,571,181,752,54,806
彰化縣,埔心鄉,義民村,715,916,418,122,540,28,568
彰化縣,埔心鄉,義民村,716,625,271,121,392,19,411
彰化縣,埔心鄉,油車村,717,1271,507,167,674,56,730
彰化縣,埔心鄉,瓦北村,718,608,301,74,375,21,396
彰化縣,埔心鄉,瓦北村,719,1132,550,139,689,46,735
彰化縣,埔心鄉,瓦中村,720,1027,466,131,597,44,641
彰化縣,埔心鄉,瓦中村,721,926,423,139,562,31,593
彰化縣,埔心鄉,瓦南村,722,778,350,100,450,32,482
彰化縣,埔心鄉,瓦南村,723,660,331,89,420,13,433
彰化縣,埔心鄉,經口村,724,1330,607,172,779,49,828
彰化縣,埔心鄉,經口村,725,991,424,148,572,21,593
彰化縣,埔心鄉,太平村,726,985,397,144,541,28,569
彰化縣,埔心鄉,太平村,727,1034,435,126,561,31,592
彰化縣,埔心鄉,大華村,728,612,296,79,375,26,401
彰化縣,埔心鄉,仁里村,729,1236,583,171,754,39,793
彰化縣,埔心鄉,舊?村,730,775,346,110,456,30,486
彰化縣,埔心鄉,舊?村,731,738,362,114,476,21,497
彰化縣,埔心鄉,南?村,732,1036,447,170,617,21,638
彰化縣,埔心鄉,新?村,733,975,398,130,528,38,566
彰化縣,埔心鄉,芎蕉村,734,885,377,113,490,29,519
彰化縣,埔心鄉,芎蕉村,735,939,414,139,553,42,595
彰化縣,埔心鄉,羅厝村,736,689,329,66,395,26,421
彰化縣,埔心鄉,羅厝村,737,659,321,84,405,23,428
彰化縣,埔心鄉,梧鳳村,738,910,375,120,495,24,519
彰化縣,埔心鄉,二重村,739,1352,647,203,850,44,894
彰化縣,埔心鄉,埤霞村,740,759,310,107,417,30,447
彰化縣,埔心鄉,埤?村,741,942,400,127,527,41,568
彰化縣,田中鎮,香山里,742,854,349,92,441,40,481
彰化縣,田中鎮,碧峰里,743,963,368,104,472,20,492
彰化縣,田中鎮,碧峰里,744,175,28,10,38,7,45
彰化縣,田中鎮,東源里,745,739,309,68,377,19,396
彰化縣,田中鎮,復興里,746,826,350,90,440,13,453
彰化縣,田中鎮,復興里,747,741,343,81,424,27,451
彰化縣,田中鎮,平和里,748,506,182,50,232,12,244
彰化縣,田中鎮,平和里,749,1001,382,113,495,40,535
彰化縣,田中鎮,頂潭里,750,1281,565,146,711,37,748
彰化縣,田中鎮,新庄里,751,1035,480,110,590,30,620
彰化縣,田中鎮,新庄里,752,1327,584,169,753,26,779
彰化縣,田中鎮,中潭里,753,844,389,114,503,20,523
彰化縣,田中鎮,中潭里,754,913,408,107,515,23,538
彰化縣,田中鎮,龍潭里,755,613,309,68,377,29,406
彰化縣,田中鎮,北路里,756,1382,606,168,774,47,821
彰化縣,田中鎮,北路里,757,1034,497,151,648,29,677
彰化縣,田中鎮,北路里,758,935,463,134,597,20,617
彰化縣,田中鎮,西路里,759,1301,541,181,722,30,752
彰化縣,田中鎮,西路里,760,1100,493,151,644,22,666
彰化縣,田中鎮,東路里,761,1071,460,168,628,28,656
彰化縣,田中鎮,南路里,762,1163,541,156,697,35,732
彰化縣,田中鎮,中路里,763,809,394,114,508,28,536
彰化縣,田中鎮,中路里,764,1155,508,168,676,37,713
彰化縣,田中鎮,梅州里,765,1270,544,152,696,40,736
彰化縣,田中鎮,三安里,766,870,344,121,465,24,489
彰化縣,田中鎮,三安里,767,736,320,85,405,22,427
彰化縣,田中鎮,大崙里,768,1335,520,148,668,32,700
彰化縣,田中鎮,沙崙里,769,876,383,96,479,23,502
彰化縣,田中鎮,沙崙里,770,898,353,112,465,33,498
彰化縣,田中鎮,新民里,771,1298,590,173,763,11,774
彰化縣,田中鎮,新民里,772,1451,589,195,784,35,819
彰化縣,田中鎮,新民里,773,1475,603,205,808,29,837
彰化縣,田中鎮,三民里,774,766,281,89,370,31,401
彰化縣,田中鎮,三民里,775,810,407,27,434,10,444
彰化縣,田中鎮,三光里,776,953,379,150,529,42,571
彰化縣,田中鎮,大社里,777,885,415,113,528,38,566
彰化縣,社頭鄉,社頭村,778,791,323,121,444,24,468
彰化縣,社頭鄉,社頭村,779,984,408,128,536,24,560
彰化縣,社頭鄉,社頭村,780,990,400,121,521,15,536
彰化縣,社頭鄉,廣興村,781,1016,465,136,601,30,631
彰化縣,社頭鄉,廣興村,782,1091,466,161,627,32,659
彰化縣,社頭鄉,廣興村,783,1236,517,186,703,40,743
彰化縣,社頭鄉,廣興村,784,1203,502,143,645,21,666
彰化縣,社頭鄉,東興村,785,753,331,84,415,12,427
彰化縣,社頭鄉,東興村,786,725,284,76,360,28,388
彰化縣,社頭鄉,松竹村,787,1023,446,137,583,41,624
彰化縣,社頭鄉,舊社村,788,562,274,88,362,19,381
彰化縣,社頭鄉,舊社村,789,1049,432,140,572,22,594
彰化縣,社頭鄉,廣福村,790,933,417,122,539,24,563
彰化縣,社頭鄉,橋頭村,791,990,434,141,575,31,606
彰化縣,社頭鄉,橋頭村,792,1076,454,127,581,15,596
彰化縣,社頭鄉,新厝村,793,742,248,200,448,12,460
彰化縣,社頭鄉,新厝村,794,672,293,86,379,11,390
彰化縣,社頭鄉,張厝村,795,1235,477,130,607,22,629
彰化縣,社頭鄉,湳底村,796,750,315,117,432,25,457
彰化縣,社頭鄉,湳底村,797,895,346,112,458,30,488
彰化縣,社頭鄉,仁雅村,798,688,312,91,403,11,414
彰化縣,社頭鄉,仁雅村,799,870,393,90,483,11,494
彰化縣,社頭鄉,仁雅村,800,1140,520,147,667,20,687
彰化縣,社頭鄉,里仁村,801,985,449,114,563,21,584
彰化縣,社頭鄉,美雅村,802,1266,606,145,751,39,790
彰化縣,社頭鄉,崙雅村,803,937,398,133,531,24,555
彰化縣,社頭鄉,清水村,804,1219,520,152,672,19,691
彰化縣,社頭鄉,山湖村,805,1165,510,130,640,39,679
彰化縣,社頭鄉,埤斗村,806,986,430,123,553,36,589
彰化縣,社頭鄉,仁和村,807,724,342,92,434,25,459
彰化縣,社頭鄉,平和村,808,1015,447,114,561,31,592
彰化縣,社頭鄉,協和村,809,1116,421,130,551,21,572
彰化縣,社頭鄉,協和村,810,1061,418,128,546,33,579
彰化縣,社頭鄉,泰安村,811,992,438,137,575,29,604
彰化縣,社頭鄉,朝興村,812,1092,427,156,583,19,602
彰化縣,社頭鄉,龍井村,813,828,403,92,495,14,509
彰化縣,社頭鄉,湳雅村,814,787,393,1,394,29,423
彰化縣,社頭鄉,湳雅村,815,719,276,73,349,18,367
彰化縣,二水鄉,復興村,816,1028,438,142,580,30,610
彰化縣,二水鄉,十五村,817,689,321,79,400,33,433
彰化縣,二水鄉,合和村,818,871,359,97,456,24,480
彰化縣,二水鄉,上豊村,819,953,339,183,522,50,572
彰化縣,二水鄉,過圳村,820,624,260,59,319,23,342
彰化縣,二水鄉,五伯村,821,645,319,95,414,20,434
彰化縣,二水鄉,文化村,822,986,504,123,627,29,656
彰化縣,二水鄉,光化村,823,943,470,128,598,28,626
彰化縣,二水鄉,聖化村,824,455,217,57,274,9,283
彰化縣,二水鄉,二水村,825,831,427,114,541,17,558
彰化縣,二水鄉,惠民村,826,831,394,103,497,23,520
彰化縣,二水鄉,裕民村,827,1013,426,129,555,25,580
彰化縣,二水鄉,大園村,828,796,384,84,468,37,505
彰化縣,二水鄉,修仁村,829,781,335,78,413,40,453
彰化縣,二水鄉,合興村,830,692,276,80,356,17,373
彰化縣,二水鄉,源泉村,831,635,271,90,361,13,374
彰化縣,二水鄉,倡和村,832,566,236,70,306,27,333
彰化縣,北斗鎮,中寮里,833,925,406,85,491,33,524
彰化縣,北斗鎮,中寮里,834,869,396,111,507,28,535
彰化縣,北斗鎮,中寮里,835,855,430,96,526,27,553
彰化縣,北斗鎮,大道里,836,1065,493,152,645,26,671
彰化縣,北斗鎮,大道里,837,828,373,91,464,43,507
彰化縣,北斗鎮,西德里,838,1124,512,130,642,36,678
彰化縣,北斗鎮,西德里,839,1096,467,180,647,29,676
彰化縣,北斗鎮,西德里,840,1213,542,154,696,18,714
彰化縣,北斗鎮,西德里,841,1164,472,141,613,34,647
彰化縣,北斗鎮,西安里,842,730,298,100,398,22,420
彰化縣,北斗鎮,西安里,843,878,385,91,476,17,493
彰化縣,北斗鎮,光復里,844,833,397,96,493,21,514
彰化縣,北斗鎮,光復里,845,957,400,154,554,16,570
彰化縣,北斗鎮,新政里,846,783,327,83,410,29,439
彰化縣,北斗鎮,重慶里,847,573,214,83,297,24,321
彰化縣,北斗鎮,五權里,848,672,273,91,364,22,386
彰化縣,北斗鎮,七星里,849,695,264,88,352,28,380
彰化縣,北斗鎮,七星里,850,747,278,96,374,29,403
彰化縣,北斗鎮,居仁里,851,643,302,103,405,11,416
彰化縣,北斗鎮,居仁里,852,662,296,76,372,26,398
彰化縣,北斗鎮,東光里,853,1085,522,129,651,42,693
彰化縣,北斗鎮,東光里,854,1121,495,132,627,44,671
彰化縣,北斗鎮,文昌里,855,830,377,102,479,29,508
彰化縣,北斗鎮,文昌里,856,975,409,112,521,23,544
彰化縣,北斗鎮,文昌里,857,1212,464,187,651,16,667
彰化縣,北斗鎮,中和里,858,1302,585,160,745,35,780
彰化縣,北斗鎮,新生里,859,1077,398,110,508,31,539
彰化縣,北斗鎮,新生里,860,917,370,103,473,32,505
彰化縣,北斗鎮,大新里,861,825,342,106,448,23,471
彰化縣,北斗鎮,大新里,862,937,424,119,543,27,570
彰化縣,田尾鄉,田尾村,863,1284,480,151,631,34,665
彰化縣,田尾鄉,溪畔村,864,1187,547,143,690,39,729
彰化縣,田尾鄉,打簾村,865,1033,443,150,593,41,634
彰化縣,田尾鄉,打簾村,866,696,345,62,407,21,428
彰化縣,田尾鄉,正義村,867,872,397,116,513,26,539
彰化縣,田尾鄉,北曾村,868,680,288,79,367,10,377
彰化縣,田尾鄉,北曾村,869,875,402,134,536,23,559
彰化縣,田尾鄉,南曾村,870,1337,536,171,707,36,743
彰化縣,田尾鄉,饒平村,871,1376,602,204,806,35,841
彰化縣,田尾鄉,饒平村,872,1186,560,147,707,30,737
彰化縣,田尾鄉,豐田村,873,874,455,118,573,33,606
彰化縣,田尾鄉,仁里村,874,647,283,69,352,16,368
彰化縣,田尾鄉,仁里村,875,959,453,100,553,24,577
彰化縣,田尾鄉,新厝村,876,263,101,33,134,10,144
彰化縣,田尾鄉,溪頂村,877,618,243,64,307,30,337
彰化縣,田尾鄉,柳鳳村,878,938,423,158,581,17,598
彰化縣,田尾鄉,陸豐村,879,880,414,115,529,38,567
彰化縣,田尾鄉,海豐村,880,804,309,97,406,24,430
彰化縣,田尾鄉,海豐村,881,592,239,74,313,16,329
彰化縣,田尾鄉,睦宜村,882,1079,479,141,620,67,687
彰化縣,田尾鄉,新生村,883,1336,557,189,746,36,782
彰化縣,田尾鄉,北鎮村,884,1198,461,150,611,41,652
彰化縣,田尾鄉,南鎮村,885,621,267,69,336,19,355
彰化縣,田尾鄉,福田村,886,760,299,86,385,30,415
彰化縣,田尾鄉,新興村,887,1084,480,166,646,56,702
彰化縣,埤頭鄉,和豊村,888,1178,411,124,535,41,576
彰化縣,埤頭鄉,和豊村,889,1290,510,147,657,32,689
彰化縣,埤頭鄉,興農村,890,973,340,127,467,41,508
彰化縣,埤頭鄉,興農村,891,783,310,88,398,24,422
彰化縣,埤頭鄉,埤頭村,892,733,289,98,387,30,417
彰化縣,埤頭鄉,埤頭村,893,899,370,125,495,34,529
彰化縣,埤頭鄉,豊崙村,894,965,400,101,501,43,544
彰化縣,埤頭鄉,豊崙村,895,1356,531,142,673,39,712
彰化縣,埤頭鄉,崙子村,896,1265,504,151,655,38,693
彰化縣,埤頭鄉,永豊村,897,877,420,98,518,30,548
彰化縣,埤頭鄉,永豊村,898,705,274,78,352,30,382
彰化縣,埤頭鄉,合興村,899,1062,49,129,178,29,207
彰化縣,埤頭鄉,合興村,900,1300,549,166,715,30,745
彰化縣,埤頭鄉,合興村,901,923,423,102,525,26,551
彰化縣,埤頭鄉,平原村,902,1085,419,124,543,35,578
彰化縣,埤頭鄉,平原村,903,1103,456,145,601,53,654
彰化縣,埤頭鄉,崙腳村,904,735,290,81,371,16,387
彰化縣,埤頭鄉,元埔村,905,574,215,65,280,36,316
彰化縣,埤頭鄉,芙朝村,906,767,294,56,350,37,387
彰化縣,埤頭鄉,芙朝村,907,737,317,67,384,27,411
彰化縣,埤頭鄉,新庄村,908,1058,360,120,480,37,517
彰化縣,埤頭鄉,陸嘉村,909,826,293,83,376,51,427
彰化縣,埤頭鄉,竹圍村,910,1082,410,93,503,49,552
彰化縣,埤頭鄉,中和村,911,737,349,78,427,22,449
彰化縣,埤頭鄉,中和村,912,711,287,75,362,13,375
彰化縣,埤頭鄉,庄內村,913,1043,423,145,568,35,603
彰化縣,埤頭鄉,大湖村,914,910,355,90,445,24,469
彰化縣,溪州鄉,溪厝村,915,778,331,70,401,33,434
彰化縣,溪州鄉,溪厝村,916,1061,401,108,509,18,527
彰化縣,溪州鄉,坑厝村,917,701,272,64,336,31,367
彰化縣,溪州鄉,瓦厝村,918,879,414,115,529,20,549
彰化縣,溪州鄉,溪州村,919,654,322,90,412,23,435
彰化縣,溪州鄉,溪州村,920,878,383,103,486,18,504
彰化縣,溪州鄉,尾厝村,921,942,446,104,550,25,575
彰化縣,溪州鄉,尾厝村,922,871,357,105,462,26,488
彰化縣,溪州鄉,東州村,923,1047,431,111,542,15,557
彰化縣,溪州鄉,東州村,924,858,375,98,473,36,509
彰化縣,溪州鄉,舊眉村,925,1409,471,134,605,46,651
彰化縣,溪州鄉,圳寮村,926,792,323,88,411,13,424
彰化縣,溪州鄉,圳寮村,927,714,277,79,356,30,386
彰化縣,溪州鄉,西畔村,928,1109,395,108,503,39,542
彰化縣,溪州鄉,西畔村,929,962,321,79,400,37,437
彰化縣,溪州鄉,柑園村,930,1157,379,105,484,48,532
彰化縣,溪州鄉,成功村,931,952,375,99,474,24,498
彰化縣,溪州鄉,成功村,932,887,329,119,448,29,477
彰化縣,溪州鄉,大庄村,933,866,262,88,350,34,384
彰化縣,溪州鄉,大庄村,934,1010,340,105,445,43,488
彰化縣,溪州鄉,榮光村,935,853,311,94,405,23,428
彰化縣,溪州鄉,潮洋村,936,843,295,98,393,49,442
彰化縣,溪州鄉,張厝村,937,711,205,61,266,8,274
彰化縣,溪州鄉,菜公村,938,851,334,102,436,36,472
彰化縣,溪州鄉,三條村,939,883,337,84,421,27,448
彰化縣,溪州鄉,三圳村,940,1247,470,117,587,47,634
彰化縣,溪州鄉,水尾村,941,1490,590,205,795,38,833
彰化縣,二林鎮,豐田里,942,731,228,60,288,28,316
彰化縣,二林鎮,豐田里,943,1025,431,129,560,31,591
彰化縣,二林鎮,豐田里,944,784,337,103,440,19,459
彰化縣,二林鎮,東和里,945,892,376,123,499,20,519
彰化縣,二林鎮,東和里,946,1256,513,179,692,32,724
彰化縣,二林鎮,南光里,947,1043,424,120,544,34,578
彰化縣,二林鎮,南光里,948,1076,451,174,625,23,648
彰化縣,二林鎮,南光里,949,1082,471,138,609,30,639
彰化縣,二林鎮,西平里,950,1427,567,195,762,30,792
彰化縣,二林鎮,北平里,951,1030,378,118,496,40,536
彰化縣,二林鎮,北平里,952,1033,373,135,508,35,543
彰化縣,二林鎮,北平里,953,977,375,143,518,31,549
彰化縣,二林鎮,中西里,954,683,272,63,335,17,352
彰化縣,二林鎮,中西里,955,975,398,90,488,26,514
彰化縣,二林鎮,廣興里,956,1336,440,114,554,48,602
彰化縣,二林鎮,香田里,957,1019,339,104,443,44,487
彰化縣,二林鎮,外竹里,958,1003,320,92,412,35,447
彰化縣,二林鎮,興華里,959,1151,484,120,604,48,652
彰化縣,二林鎮,東興里,960,1598,647,202,849,58,907
彰化縣,二林鎮,後厝里,961,1488,594,173,767,35,802
彰化縣,二林鎮,後厝里,962,1771,736,233,969,42,1011
彰化縣,二林鎮,頂厝里,963,1360,430,124,554,34,588
彰化縣,二林鎮,趙甲里,964,1613,561,153,714,42,756
彰化縣,二林鎮,振興里,965,1228,438,146,584,57,641
彰化縣,二林鎮,萬興里,966,771,331,94,425,17,442
彰化縣,二林鎮,永興里,967,858,366,116,482,25,507
彰化縣,二林鎮,永興里,968,661,245,54,299,0,299
彰化縣,二林鎮,西庄里,969,1268,496,89,585,51,636
彰化縣,二林鎮,梅芳里,970,1081,398,110,508,30,538
彰化縣,二林鎮,華崙里,971,1213,447,128,575,21,596
彰化縣,二林鎮,華崙里,972,1328,539,169,708,34,742
彰化縣,二林鎮,華崙里,973,1118,388,93,481,53,534
彰化縣,二林鎮,萬合里,974,1157,387,100,487,40,527
彰化縣,二林鎮,東勢里,975,972,371,81,452,28,480
彰化縣,二林鎮,大永里,976,902,349,112,461,27,488
彰化縣,二林鎮,原斗里,977,1273,621,140,761,46,807
彰化縣,二林鎮,西斗里,978,1087,430,128,558,35,593
彰化縣,二林鎮,東華里,979,987,436,119,555,38,593
彰化縣,二林鎮,復豐里,980,719,245,77,322,19,341
彰化縣,大城鄉,山腳村,981,1288,349,80,429,20,449
彰化縣,大城鄉,潭墘村,982,1104,307,84,391,38,429
彰化縣,大城鄉,大城村,983,964,404,106,510,31,541
彰化縣,大城鄉,東城村,984,1312,457,115,572,36,608
彰化縣,大城鄉,西城村,985,853,259,63,322,44,366
彰化縣,大城鄉,上山村,986,518,143,28,171,12,183
彰化縣,大城鄉,上山村,987,574,183,49,232,20,252
彰化縣,大城鄉,永和村,988,702,206,46,252,19,271
彰化縣,大城鄉,公館村,989,376,86,22,108,14,122
彰化縣,大城鄉,公館村,990,693,175,29,204,10,214
彰化縣,大城鄉,豐美村,991,877,285,70,355,35,390
彰化縣,大城鄉,三豐村,992,655,154,41,195,12,207
彰化縣,大城鄉,菜寮村,993,1103,331,71,402,27,429
彰化縣,大城鄉,東港村,994,1192,294,92,386,30,416
彰化縣,大城鄉,西港村,995,917,279,61,340,21,361
彰化縣,大城鄉,頂庄村,996,686,180,32,212,18,230
彰化縣,大城鄉,臺西村,997,899,219,60,279,16,295
彰化縣,芳苑鄉,芳苑村,998,940,233,75,308,29,337
彰化縣,芳苑鄉,芳中村,999,403,129,25,154,18,172
彰化縣,芳苑鄉,仁愛村,1000,756,280,70,350,31,381
彰化縣,芳苑鄉,信義村,1001,548,114,43,157,21,178
彰化縣,芳苑鄉,後寮村,1002,997,385,101,486,33,519
彰化縣,芳苑鄉,三合村,1003,1300,405,137,542,46,588
彰化縣,芳苑鄉,三合村,1004,859,337,77,414,30,444
彰化縣,芳苑鄉,永興村,1005,734,288,77,365,20,385
彰化縣,芳苑鄉,永興村,1006,636,226,58,284,22,306
彰化縣,芳苑鄉,新街村,1007,808,276,68,344,36,380
彰化縣,芳苑鄉,路上村,1008,668,211,60,271,24,295
彰化縣,芳苑鄉,路平村,1009,744,252,101,353,24,377
彰化縣,芳苑鄉,三成村,1010,1026,361,95,456,44,500
彰化縣,芳苑鄉,福榮村,1011,586,193,39,232,11,243
彰化縣,芳苑鄉,頂?村,1012,593,227,59,286,28,314
彰化縣,芳苑鄉,王功村,1013,1071,427,105,532,45,577
彰化縣,芳苑鄉,王功村,1014,1060,409,102,511,52,563
彰化縣,芳苑鄉,博愛村,1015,708,322,63,385,17,402
彰化縣,芳苑鄉,和平村,1016,735,279,54,333,28,361
彰化縣,芳苑鄉,興仁村,1017,571,22,70,92,26,118
彰化縣,芳苑鄉,興仁村,1018,729,241,60,301,26,327
彰化縣,芳苑鄉,民生村,1019,674,260,64,324,32,356
彰化縣,芳苑鄉,新寶村,1020,846,313,102,415,21,436
彰化縣,芳苑鄉,新寶村,1021,806,366,88,454,26,480
彰化縣,芳苑鄉,五俊村,1022,470,161,35,196,11,207
彰化縣,芳苑鄉,草湖村,1023,1124,467,106,573,43,616
彰化縣,芳苑鄉,草湖村,1024,317,116,21,137,15,152
彰化縣,芳苑鄉,建平村,1025,1158,373,81,454,42,496
彰化縣,芳苑鄉,建平村,1026,967,335,107,442,21,463
彰化縣,芳苑鄉,崙腳村,1027,762,299,73,372,39,411
彰化縣,芳苑鄉,文津村,1028,1086,361,84,445,36,481
彰化縣,芳苑鄉,新生村,1029,747,271,71,342,25,367
彰化縣,芳苑鄉,新生村,1030,653,201,49,250,16,266
彰化縣,芳苑鄉,漢寶村,1031,872,379,95,474,40,514
彰化縣,芳苑鄉,漢寶村,1032,1235,521,176,697,48,745
彰化縣,芳苑鄉,漢寶村,1033,1102,453,113,566,30,596
彰化縣,竹塘鄉,竹元村,1034,1168,516,136,652,49,701
彰化縣,竹塘鄉,竹塘村,1035,965,422,122,544,28,572
彰化縣,竹塘鄉,竹塘村,1036,960,446,125,571,31,602
彰化縣,竹塘鄉,小西村,1037,743,341,100,441,42,483
彰化縣,竹塘鄉,民靖村,1038,751,250,62,312,28,340
彰化縣,竹塘鄉,五庄村,1039,792,285,71,356,29,385
彰化縣,竹塘鄉,五庄村,1040,733,277,79,356,14,370
彰化縣,竹塘鄉,樹腳村,1041,657,265,69,334,26,360
彰化縣,竹塘鄉,田頭村,1042,1063,422,110,532,38,570
彰化縣,竹塘鄉,新廣村,1043,1114,482,113,595,45,640
彰化縣,竹塘鄉,溪墘村,1044,506,241,75,316,29,345
彰化縣,竹塘鄉,竹林村,1045,823,301,96,397,28,425
彰化縣,竹塘鄉,土庫村,1046,654,237,77,314,25,339
彰化縣,竹塘鄉,內新村,1047,577,201,55,256,16,272
彰化縣,竹塘鄉,長安村,1048,772,289,83,372,39,411
彰化縣,竹塘鄉,永安村,1049,543,172,50,222,30,252
南投縣,南投市,龍泉里,1,927,407,139,546,22,568
南投縣,南投市,康壽里,2,667,340,98,438,19,457
南投縣,南投市,康壽里,3,773,367,113,480,16,496
南投縣,南投市,三民里,4,818,369,124,493,24,517
南投縣,南投市,仁和里,5,525,255,92,347,10,357
南投縣,南投市,南投里,6,575,286,80,366,20,386
南投縣,南投市,彰仁里,7,368,186,62,248,8,256
南投縣,南投市,崇文里,8,956,479,134,613,21,634
南投縣,南投市,三興里,9,1245,491,162,653,22,675
南投縣,南投市,三興里,10,1484,622,217,839,18,857
南投縣,南投市,三興里,11,1191,602,155,757,28,785
南投縣,南投市,三興里,12,1506,645,229,874,45,919
南投縣,南投市,三和里,13,1070,477,164,641,35,676
南投縣,南投市,三和里,14,670,310,102,412,16,428
南投縣,南投市,三和里,15,1050,499,167,666,35,701
南投縣,南投市,嘉興里,16,1122,453,138,591,31,622
南投縣,南投市,嘉興里,17,984,411,119,530,27,557
南投縣,南投市,嘉和里,18,1062,505,177,682,23,705
南投縣,南投市,嘉和里,19,1053,480,119,599,40,639
南投縣,南投市,嘉和里,20,1104,490,180,670,32,702
南投縣,南投市,嘉和里,21,1192,486,176,662,35,697
南投縣,南投市,平和里,22,960,405,133,538,16,554
南投縣,南投市,平和里,23,906,412,117,529,30,559
南投縣,南投市,平和里,24,957,427,146,573,22,595
南投縣,南投市,平和里,25,997,481,148,629,26,655
南投縣,南投市,平和里,26,1008,466,146,612,18,630
南投縣,南投市,平和里,27,1164,491,180,671,13,684
南投縣,南投市,振興里,28,587,270,66,336,14,350
南投縣,南投市,振興里,29,734,289,94,383,32,415
南投縣,南投市,振興里,30,724,306,95,401,30,431
南投縣,南投市,千秋里,31,1003,462,101,563,36,599
南投縣,南投市,軍功里,32,1356,583,180,763,29,792
南投縣,南投市,軍功里,33,1373,533,184,717,35,752
南投縣,南投市,軍功里,34,1452,580,209,789,26,815
南投縣,南投市,軍功里,35,362,171,33,204,8,212
南投縣,南投市,東山里,36,389,171,41,212,24,236
南投縣,南投市,營南里,37,1276,589,210,799,31,830
南投縣,南投市,營南里,38,1089,516,172,688,26,714
南投縣,南投市,營北里,39,921,414,143,557,36,593
南投縣,南投市,營北里,40,892,455,154,609,12,621
南投縣,南投市,營北里,41,1050,505,166,671,24,695
南投縣,南投市,營北里,42,1078,506,157,663,22,685
南投縣,南投市,營北里,43,1078,483,162,645,23,668
南投縣,南投市,營北里,44,861,441,160,601,23,624
南投縣,南投市,內興里,45,1221,530,159,689,45,734
南投縣,南投市,內興里,46,1105,494,151,645,26,671
南投縣,南投市,內興里,47,1230,549,191,740,17,757
南投縣,南投市,內興里,48,1092,485,149,634,41,675
南投縣,南投市,內興里,49,1286,596,208,804,20,824
南投縣,南投市,內興里,50,655,336,100,436,24,460
南投縣,南投市,內新里,51,719,348,101,449,24,473
南投縣,南投市,內新里,52,720,315,104,419,20,439
南投縣,南投市,光輝里,53,509,279,54,333,11,344
南投縣,南投市,光榮里,54,492,239,32,271,11,282
南投縣,南投市,光榮里,55,616,310,53,363,11,374
南投縣,南投市,光明里,56,1010,513,107,620,26,646
南投縣,南投市,光華里,57,848,404,87,491,14,505
南投縣,南投市,漳興里,58,1387,668,184,852,37,889
南投縣,南投市,漳興里,59,1245,573,203,776,31,807
南投縣,南投市,漳和里,60,1199,515,163,678,20,698
南投縣,南投市,漳和里,61,1288,598,163,761,39,800
南投縣,南投市,漳和里,62,1040,460,135,595,29,624
南投縣,南投市,漳和里,63,1070,484,156,640,27,667
南投縣,南投市,漳和里,64,1299,588,205,793,25,818
南投縣,南投市,漳和里,65,1122,519,170,689,28,717
南投縣,南投市,平山里,66,1414,636,184,820,23,843
南投縣,南投市,平山里,67,1121,491,148,639,30,669
南投縣,南投市,平山里,68,1434,608,199,807,23,830
南投縣,南投市,平山里,69,1393,600,155,755,18,773
南投縣,南投市,新興里,70,1059,462,135,597,15,612
南投縣,南投市,新興里,71,1218,533,157,690,20,710
南投縣,南投市,新興里,72,1293,534,168,702,17,719
南投縣,南投市,新興里,73,1337,531,127,658,24,682
南投縣,南投市,永豐里,74,876,391,150,541,25,566
南投縣,南投市,永豐里,75,971,410,129,539,26,565
南投縣,南投市,永豐里,76,1012,435,140,575,19,594
南投縣,南投市,福興里,77,973,420,107,527,27,554
南投縣,南投市,福興里,78,1002,469,140,609,23,632
南投縣,南投市,福興里,79,1024,444,136,580,27,607
南投縣,南投市,鳳山里,80,1122,394,123,517,77,594
南投縣,南投市,永興里,81,790,293,82,375,25,400
南投縣,南投市,鳳鳴里,82,647,225,62,287,20,307
南投縣,南投市,福山里,83,950,370,116,486,39,525
南投縣,南投市,福山里,84,980,382,130,512,17,529
南投縣,埔里鎮,東門里,85,828,359,111,470,33,503
南投縣,埔里鎮,東門里,86,786,353,102,455,36,491
南投縣,埔里鎮,東門里,87,1062,461,117,578,31,609
南投縣,埔里鎮,杷城里,88,1201,569,155,724,29,753
南投縣,埔里鎮,杷城里,89,1415,606,158,764,23,787
南投縣,埔里鎮,枇杷里,90,1282,548,163,711,22,733
南投縣,埔里鎮,枇杷里,91,859,382,103,485,18,503
南投縣,埔里鎮,枇杷里,92,1288,544,159,703,47,750
南投縣,埔里鎮,枇杷里,93,1330,562,175,737,27,764
南投縣,埔里鎮,枇杷里,94,1416,553,176,729,37,766
南投縣,埔里鎮,枇杷里,95,1283,480,147,627,17,644
南投縣,埔里鎮,水頭里,96,1151,616,28,644,52,696
南投縣,埔里鎮,水頭里,97,1193,485,128,613,22,635
南投縣,埔里鎮,水頭里,98,1471,618,185,803,54,857
南投縣,埔里鎮,麒麟里,99,1044,387,103,490,43,533
南投縣,埔里鎮,珠格里,100,1122,489,131,620,51,671
南投縣,埔里鎮,溪南里,101,1129,555,145,700,26,726
南投縣,埔里鎮,西門里,102,901,399,100,499,6,505
南投縣,埔里鎮,西門里,103,997,408,97,505,39,544
南投縣,埔里鎮,西門里,104,1209,471,176,647,37,684
南投縣,埔里鎮,南門里,105,838,431,104,535,21,556
南投縣,埔里鎮,北門里,106,1226,457,136,593,20,613
南投縣,埔里鎮,北門里,107,1263,572,192,764,31,795
南投縣,埔里鎮,北安里,108,1045,448,168,616,20,636
南投縣,埔里鎮,北安里,109,1120,519,148,667,35,702
南投縣,埔里鎮,北安里,110,1062,516,153,669,25,694
南投縣,埔里鎮,北梅里,111,1022,436,137,573,26,599
南投縣,埔里鎮,北梅里,112,1051,451,127,578,21,599
南投縣,埔里鎮,北梅里,113,1106,475,129,604,22,626
南投縣,埔里鎮,泰安里,114,1098,471,139,610,16,626
南投縣,埔里鎮,泰安里,115,1067,469,146,615,19,634
南投縣,埔里鎮,大湳里,116,725,298,96,394,31,425
南投縣,埔里鎮,大湳里,117,905,397,136,533,20,553
南投縣,埔里鎮,蜈蚣里,118,1179,459,140,599,43,642
南投縣,埔里鎮,蜈蚣里,119,944,374,100,474,21,495
南投縣,埔里鎮,蜈蚣里,120,465,199,42,241,28,269
南投縣,埔里鎮,同聲里,121,1133,471,141,612,29,641
南投縣,埔里鎮,同聲里,122,1100,468,105,573,31,604
南投縣,埔里鎮,清新里,123,1155,503,140,643,35,678
南投縣,埔里鎮,清新里,124,1254,490,145,635,39,674
南投縣,埔里鎮,清新里,125,1296,500,159,659,46,705
南投縣,埔里鎮,薰化里,126,1023,470,159,629,35,664
南投縣,埔里鎮,大城里,127,964,398,89,487,16,503
南投縣,埔里鎮,大城里,128,986,435,124,559,22,581
南投縣,埔里鎮,大城里,129,1016,456,142,598,19,617
南投縣,埔里鎮,大城里,130,898,390,119,509,25,534
南投縣,埔里鎮,大城里,131,980,441,127,568,24,592
南投縣,埔里鎮,大城里,132,933,437,105,542,23,565
南投縣,埔里鎮,籃城里,133,929,448,165,613,39,652
南投縣,埔里鎮,桃米里,134,1032,441,132,573,20,593
南投縣,埔里鎮,成功里,135,315,123,25,148,12,160
南投縣,埔里鎮,南村里,136,1363,544,152,696,36,732
南投縣,埔里鎮,愛蘭里,137,725,316,97,413,30,443
南投縣,埔里鎮,愛蘭里,138,705,329,81,410,17,427
南投縣,埔里鎮,鐵山里,139,751,361,105,466,22,488
南投縣,埔里鎮,鐵山里,140,932,384,128,512,22,534
南投縣,埔里鎮,房里里,141,956,415,133,548,22,570
南投縣,埔里鎮,房里里,142,376,167,39,206,11,217
南投縣,埔里鎮,向善里,143,682,295,82,377,30,407
南投縣,埔里鎮,一新里,144,990,550,61,611,35,646
南投縣,埔里鎮,合成里,145,1324,463,154,617,60,677
南投縣,埔里鎮,合成里,146,298,96,44,140,8,148
南投縣,埔里鎮,廣成里,147,1170,504,92,596,59,655
南投縣,埔里鎮,史港里,148,604,278,75,353,10,363
南投縣,埔里鎮,福興里,149,999,412,110,522,30,552
南投縣,埔里鎮,牛眠里,150,923,358,94,452,22,474
南投縣,埔里鎮,牛眠里,151,887,406,108,514,22,536
南投縣,埔里鎮,牛眠里,152,981,405,108,513,23,536
南投縣,草屯鎮,玉峰里,153,998,454,157,611,17,628
南投縣,草屯鎮,玉峰里,154,1127,469,149,618,10,628
南投縣,草屯鎮,明正里,155,1401,542,194,736,15,751
南投縣,草屯鎮,明正里,156,1110,458,148,606,18,624
南投縣,草屯鎮,明正里,157,1285,567,169,736,31,767
南投縣,草屯鎮,炎峰里,158,936,407,109,516,24,540
南投縣,草屯鎮,炎峰里,159,1141,480,174,654,27,681
南投縣,草屯鎮,中正里,160,705,327,103,430,17,447
南投縣,草屯鎮,和平里,161,1121,510,186,696,13,709
南投縣,草屯鎮,中山里,162,877,420,148,568,19,587
南投縣,草屯鎮,中山里,163,1401,567,211,778,42,820
南投縣,草屯鎮,敦和里,164,1267,556,111,667,34,701
南投縣,草屯鎮,敦和里,165,1214,513,161,674,47,721
南投縣,草屯鎮,敦和里,166,1259,541,170,711,43,754
南投縣,草屯鎮,敦和里,167,1442,654,201,855,20,875
南投縣,草屯鎮,敦和里,168,1273,590,157,747,20,767
南投縣,草屯鎮,山腳里,169,1145,470,158,628,28,656
南投縣,草屯鎮,山腳里,170,1279,530,170,700,23,723
南投縣,草屯鎮,山腳里,171,1158,477,163,640,16,656
南投縣,草屯鎮,山腳里,172,1335,641,219,860,27,887
南投縣,草屯鎮,山腳里,173,1178,542,190,732,33,765
南投縣,草屯鎮,山腳里,174,1327,526,224,750,21,771
南投縣,草屯鎮,新厝里,175,1000,438,156,594,14,608
南投縣,草屯鎮,新厝里,176,1257,637,171,808,30,838
南投縣,草屯鎮,新厝里,177,883,432,115,547,22,569
南投縣,草屯鎮,上林里,178,1121,448,143,591,27,618
南投縣,草屯鎮,上林里,179,1043,463,137,600,20,620
南投縣,草屯鎮,上林里,180,979,433,153,586,18,604
南投縣,草屯鎮,碧峰里,181,1048,408,129,537,13,550
南投縣,草屯鎮,碧峰里,182,1009,443,114,557,24,581
南投縣,草屯鎮,碧峰里,183,1138,478,123,601,24,625
南投縣,草屯鎮,碧峰里,184,1197,500,147,647,33,680
南投縣,草屯鎮,碧洲里,185,1364,587,192,779,34,813
南投縣,草屯鎮,碧洲里,186,1059,458,148,606,39,645
南投縣,草屯鎮,復興里,187,1108,479,156,635,28,663
南投縣,草屯鎮,復興里,188,879,376,103,479,26,505
南投縣,草屯鎮,復興里,189,957,422,115,537,30,567
南投縣,草屯鎮,御史里,190,1395,473,179,652,18,670
南投縣,草屯鎮,御史里,191,1101,508,155,663,23,686
南投縣,草屯鎮,御史里,192,1297,481,189,670,28,698
南投縣,草屯鎮,御史里,193,877,300,101,401,16,417
南投縣,草屯鎮,御史里,194,1376,482,158,640,41,681
南投縣,草屯鎮,新豐里,195,1008,472,144,616,38,654
南投縣,草屯鎮,新豐里,196,1080,491,146,637,35,672
南投縣,草屯鎮,新豐里,197,1017,394,135,529,36,565
南投縣,草屯鎮,新豐里,198,961,447,128,575,37,612
南投縣,草屯鎮,新庄里,199,1160,522,157,679,35,714
南投縣,草屯鎮,新庄里,200,1121,482,149,631,27,658
南投縣,草屯鎮,新庄里,201,1243,522,168,690,26,716
南投縣,草屯鎮,加老里,202,932,417,135,552,15,567
南投縣,草屯鎮,加老里,203,1323,617,206,823,39,862
南投縣,草屯鎮,石川里,204,1518,620,150,770,34,804
南投縣,草屯鎮,北投里,205,923,414,136,550,35,585
南投縣,草屯鎮,北投里,206,970,403,117,520,19,539
南投縣,草屯鎮,北投里,207,1026,447,154,601,22,623
南投縣,草屯鎮,富寮里,208,1466,593,201,794,37,831
南投縣,草屯鎮,富寮里,209,1180,492,150,642,37,679
南投縣,草屯鎮,富寮里,210,1006,453,149,602,10,612
南投縣,草屯鎮,富寮里,211,1000,362,131,493,16,509
南投縣,草屯鎮,富寮里,212,1128,495,179,674,16,690
南投縣,草屯鎮,富寮里,213,623,252,89,341,10,351
南投縣,草屯鎮,北勢里,214,707,301,96,397,27,424
南投縣,草屯鎮,北勢里,215,719,311,76,387,20,407
南投縣,草屯鎮,北勢里,216,527,179,57,236,23,259
南投縣,草屯鎮,中原里,217,1183,491,187,678,29,707
南投縣,草屯鎮,中原里,218,869,294,222,516,23,539
南投縣,草屯鎮,南埔里,219,1132,417,156,573,25,598
南投縣,草屯鎮,南埔里,220,949,418,120,538,31,569
南投縣,草屯鎮,南埔里,221,965,460,124,584,25,609
南投縣,草屯鎮,南埔里,222,1068,420,149,569,19,588
南投縣,草屯鎮,坪頂里,223,1024,446,134,580,47,627
南投縣,草屯鎮,土城里,224,642,274,62,336,16,352
南投縣,草屯鎮,土城里,225,1017,394,121,515,24,539
南投縣,草屯鎮,平林里,226,1092,475,130,605,24,629
南投縣,草屯鎮,雙冬里,227,1170,461,141,602,61,663
南投縣,草屯鎮,雙冬里,228,1106,492,134,626,43,669
南投縣,竹山鎮,竹山里,229,1170,539,135,674,31,705
南投縣,竹山鎮,竹山里,230,850,381,119,500,35,535
南投縣,竹山鎮,中正里,231,621,235,82,317,27,344
南投縣,竹山鎮,中山里,232,905,365,124,489,24,513
南投縣,竹山鎮,中山里,233,1099,414,111,525,31,556
南投縣,竹山鎮,中山里,234,1214,465,125,590,57,647
南投縣,竹山鎮,中山里,235,1287,566,161,727,52,779
南投縣,竹山鎮,雲林里,236,1191,503,127,630,49,679
南投縣,竹山鎮,雲林里,237,1118,461,115,576,47,623
南投縣,竹山鎮,雲林里,238,1278,534,175,709,24,733
南投縣,竹山鎮,竹圍里,239,1153,488,143,631,47,678
南投縣,竹山鎮,竹圍里,240,1243,492,145,637,37,674
南投縣,竹山鎮,桂林里,241,1308,541,161,702,41,743
南投縣,竹山鎮,桂林里,242,1358,541,159,700,36,736
南投縣,竹山鎮,桂林里,243,1044,427,113,540,36,576
南投縣,竹山鎮,下坪里,244,511,248,60,308,13,321
南投縣,竹山鎮,下坪里,245,682,276,81,357,12,369
南投縣,竹山鎮,中和里,246,989,385,119,504,19,523
南投縣,竹山鎮,中崎里,247,1378,583,148,731,37,768
南投縣,竹山鎮,秀林里,248,217,80,29,109,5,114
南投縣,竹山鎮,秀林里,249,479,209,57,266,22,288
南投縣,竹山鎮,大鞍里,250,430,166,38,204,8,212
南投縣,竹山鎮,延和里,251,1437,577,190,767,43,810
南投縣,竹山鎮,延和里,252,1286,580,165,745,30,775
南投縣,竹山鎮,延和里,253,1080,497,138,635,23,658
南投縣,竹山鎮,延和里,254,1070,431,139,570,29,599
南投縣,竹山鎮,延祥里,255,1295,565,153,718,24,742
南投縣,竹山鎮,延祥里,256,1047,467,103,570,35,605
南投縣,竹山鎮,延祥里,257,1300,500,157,657,27,684
南投縣,竹山鎮,延正里,258,908,316,96,412,20,432
南投縣,竹山鎮,延正里,259,821,291,93,384,37,421
南投縣,竹山鎮,延平里,260,1320,580,151,731,36,767
南投縣,竹山鎮,延平里,261,967,371,118,489,26,515
南投縣,竹山鎮,延平里,262,595,228,57,285,23,308
南投縣,竹山鎮,延山里,263,859,345,92,437,39,476
南投縣,竹山鎮,山崇里,264,1196,482,126,608,41,649
南投縣,竹山鎮,山崇里,265,649,283,65,348,22,370
南投縣,竹山鎮,社寮里,266,1341,563,176,739,20,759
南投縣,竹山鎮,中央里,267,1222,475,127,602,43,645
南投縣,竹山鎮,富州里,268,602,255,72,327,23,350
南投縣,竹山鎮,田子里,269,617,253,72,325,21,346
南投縣,竹山鎮,??里,270,793,341,113,454,39,493
南投縣,竹山鎮,??里,271,922,394,116,510,14,524
南投縣,竹山鎮,德興里,272,366,145,32,177,20,197
南投縣,竹山鎮,德興里,273,509,194,36,230,3,233
南投縣,竹山鎮,福興里,274,193,87,18,105,3,108
南投縣,竹山鎮,福興里,275,406,169,61,230,22,252
南投縣,竹山鎮,鯉魚里,276,495,187,36,223,29,252
南投縣,竹山鎮,鯉魚里,277,307,93,14,107,8,115
南投縣,竹山鎮,坪頂里,278,440,189,37,226,10,236
南投縣,竹山鎮,瑞竹里,279,577,240,44,284,30,314
南投縣,竹山鎮,桶頭里,280,486,145,39,184,31,215
南投縣,竹山鎮,桶頭里,281,403,112,26,138,13,151
南投縣,集集鎮,集集里,282,1070,479,134,613,34,647
南投縣,集集鎮,和平里,283,918,431,106,537,21,558
南投縣,集集鎮,林尾里,284,581,250,75,325,27,352
南投縣,集集鎮,田寮里,285,1194,545,144,689,30,719
南投縣,集集鎮,隘寮里,286,488,159,45,204,20,224
南投縣,集集鎮,玉映里,287,504,218,67,285,29,314
南投縣,集集鎮,吳厝里,288,910,398,128,526,37,563
南投縣,集集鎮,八張里,289,773,346,105,451,34,485
南投縣,集集鎮,八張里,290,709,291,95,386,17,403
南投縣,集集鎮,永昌里,291,960,388,141,529,24,553
南投縣,集集鎮,廣明里,292,503,195,63,258,19,277
南投縣,集集鎮,廣明里,293,419,137,57,194,19,213
南投縣,集集鎮,富山里,294,582,197,69,266,8,274
南投縣,名間鄉,南雅村,295,1050,535,150,685,46,731
南投縣,名間鄉,中正村,296,920,418,98,516,45,561
南投縣,名間鄉,中正村,297,727,352,90,442,33,475
南投縣,名間鄉,中正村,298,861,436,103,539,14,553
南投縣,名間鄉,中正村,299,897,352,148,500,29,529
南投縣,名間鄉,中山村,300,1055,479,142,621,27,648
南投縣,名間鄉,中山村,301,1184,517,143,660,40,700
南投縣,名間鄉,濁水村,302,783,336,83,419,27,446
南投縣,名間鄉,濁水村,303,781,368,89,457,32,489
南投縣,名間鄉,新民村,304,977,429,103,532,21,553
南投縣,名間鄉,炭寮村,305,1015,390,131,521,53,574
南投縣,名間鄉,新街村,306,914,421,110,531,31,562
南投縣,名間鄉,新街村,307,1028,464,118,582,14,596
南投縣,名間鄉,新街村,308,1018,470,112,582,35,617
南投縣,名間鄉,新街村,309,1274,573,142,715,47,762
南投縣,名間鄉,東湖村,310,755,327,97,424,31,455
南投縣,名間鄉,東湖村,311,895,438,119,557,35,592
南投縣,名間鄉,仁和村,312,892,403,98,501,29,530
南投縣,名間鄉,萬丹村,313,951,402,111,513,41,554
南投縣,名間鄉,田仔村,314,1261,549,127,676,52,728
南投縣,名間鄉,大坑村,315,768,310,105,415,28,443
南投縣,名間鄉,大庄村,316,962,417,120,537,48,585
南投縣,名間鄉,大庄村,317,867,408,98,506,30,536
南投縣,名間鄉,?下村,318,930,356,156,512,56,568
南投縣,名間鄉,赤水村,319,641,290,59,349,40,389
南投縣,名間鄉,赤水村,320,530,217,48,265,19,284
南投縣,名間鄉,竹圍村,321,931,384,125,509,48,557
南投縣,名間鄉,三崙村,322,1127,498,135,633,38,671
南投縣,名間鄉,三崙村,323,443,218,57,275,21,296
南投縣,名間鄉,松山村,324,870,405,95,500,34,534
南投縣,名間鄉,松山村,325,621,275,100,375,18,393
南投縣,名間鄉,松柏村,326,1179,464,145,609,35,644
南投縣,名間鄉,崁腳村,327,881,403,122,525,37,562
南投縣,名間鄉,埔中村,328,876,446,110,556,40,596
南投縣,名間鄉,新厝村,329,783,353,85,438,38,476
南投縣,名間鄉,新光村,330,778,318,74,392,33,425
南投縣,名間鄉,新光村,331,983,112,391,503,37,540
南投縣,鹿谷鄉,鹿谷村,332,934,390,76,466,20,486
南投縣,鹿谷鄉,鹿谷村,333,940,390,120,510,31,541
南投縣,鹿谷鄉,彰雅村,334,852,318,113,431,25,456
南投縣,鹿谷鄉,彰雅村,335,451,153,54,207,9,216
南投縣,鹿谷鄉,廣興村,336,810,462,4,466,31,497
南投縣,鹿谷鄉,廣興村,337,1142,520,151,671,41,712
南投縣,鹿谷鄉,永隆村,338,766,273,79,352,18,370
南投縣,鹿谷鄉,永隆村,339,884,400,88,488,30,518
南投縣,鹿谷鄉,鳳凰村,340,811,330,106,436,24,460
南投縣,鹿谷鄉,鳳凰村,341,581,205,58,263,15,278
南投縣,鹿谷鄉,內湖村,342,578,216,59,275,21,296
南投縣,鹿谷鄉,內湖村,343,467,212,55,267,12,279
南投縣,鹿谷鄉,和雅村,344,622,266,50,316,30,346
南投縣,鹿谷鄉,竹林村,345,740,294,68,362,23,385
南投縣,鹿谷鄉,竹林村,346,767,331,70,401,32,433
南投縣,鹿谷鄉,竹豐村,347,909,390,103,493,38,531
南投縣,鹿谷鄉,初鄉村,348,713,267,84,351,21,372
南投縣,鹿谷鄉,初鄉村,349,717,255,69,324,15,339
南投縣,鹿谷鄉,秀峰村,350,794,289,76,365,40,405
南投縣,鹿谷鄉,清水村,351,726,271,88,359,12,371
南投縣,鹿谷鄉,瑞田村,352,737,240,67,307,12,319
南投縣,中寮鄉,廣興村,353,822,389,84,473,32,505
南投縣,中寮鄉,崁頂村,354,253,122,27,149,6,155
南投縣,中寮鄉,崁頂村,355,221,72,15,87,7,94
南投縣,中寮鄉,八仙村,356,353,120,35,155,5,160
南投縣,中寮鄉,八仙村,357,427,181,45,226,11,237
南投縣,中寮鄉,福盛村,358,406,174,42,216,14,230
南投縣,中寮鄉,福盛村,359,307,115,31,146,14,160
南投縣,中寮鄉,和興村,360,661,319,61,380,25,405
南投縣,中寮鄉,復興村,361,290,149,31,180,14,194
南投縣,中寮鄉,永平村,362,973,394,152,546,30,576
南投縣,中寮鄉,永平村,363,754,343,87,430,27,457
南投縣,中寮鄉,中寮村,364,662,276,66,342,27,369
南投縣,中寮鄉,廣福村,365,490,214,29,243,10,253
南投縣,中寮鄉,永福村,366,335,130,30,160,17,177
南投縣,中寮鄉,永福村,367,990,431,118,549,27,576
南投縣,中寮鄉,義和村,368,461,234,48,282,16,298
南投縣,中寮鄉,義和村,369,614,287,77,364,17,381
南投縣,中寮鄉,清水村,370,895,364,104,468,46,514
南投縣,中寮鄉,內城村,371,465,203,50,253,14,267
南投縣,中寮鄉,龍安村,372,682,286,74,360,45,405
南投縣,中寮鄉,爽文村,373,490,215,63,278,25,303
南投縣,中寮鄉,龍岩村,374,643,304,53,357,38,395
南投縣,中寮鄉,永芳村,375,459,219,51,270,15,285
南投縣,中寮鄉,永和村,376,528,207,49,256,13,269
南投縣,魚池鄉,魚池村,377,922,379,121,500,33,533
南投縣,魚池鄉,魚池村,378,1098,441,159,600,47,647
南投縣,魚池鄉,東池村,379,720,281,81,362,25,387
南投縣,魚池鄉,東池村,380,860,364,107,471,37,508
南投縣,魚池鄉,大林村,381,514,192,45,237,25,262
南投縣,魚池鄉,大林村,382,574,218,63,281,9,290
南投縣,魚池鄉,東光村,383,1249,470,141,611,62,673
南投縣,魚池鄉,共和村,384,293,154,32,186,8,194
南投縣,魚池鄉,共和村,385,513,212,55,267,11,278
南投縣,魚池鄉,共和村,386,186,76,22,98,5,103
南投縣,魚池鄉,新城村,387,841,342,81,423,14,437
南投縣,魚池鄉,新城村,388,270,120,35,155,15,170
南投縣,魚池鄉,新城村,389,275,114,26,140,13,153
南投縣,魚池鄉,大雁村,390,282,97,27,124,6,130
南投縣,魚池鄉,大雁村,391,392,144,38,182,11,193
南投縣,魚池鄉,五城村,392,556,231,55,286,20,306
南投縣,魚池鄉,五城村,393,176,80,12,92,5,97
南投縣,魚池鄉,中明村,394,578,199,57,256,17,273
南投縣,魚池鄉,中明村,395,439,162,48,210,14,224
南投縣,魚池鄉,水社村,396,844,379,105,484,16,500
南投縣,魚池鄉,日月村,397,868,340,102,442,33,475
南投縣,魚池鄉,頭社村,398,405,155,26,181,9,190
南投縣,魚池鄉,頭社村,399,537,222,66,288,18,306
南投縣,魚池鄉,武登村,400,335,148,21,169,14,183
南投縣,魚池鄉,武登村,401,231,83,9,92,12,104
南投縣,國姓鄉,國姓村,402,964,452,99,551,51,602
南投縣,國姓鄉,國姓村,403,736,334,72,406,11,417
南投縣,國姓鄉,石門村,404,801,356,71,427,46,473
南投縣,國姓鄉,石門村,405,964,408,123,531,16,547
南投縣,國姓鄉,大旗村,406,686,282,83,365,22,387
南投縣,國姓鄉,長流村,407,661,276,66,342,20,362
南投縣,國姓鄉,長流村,408,730,301,58,359,24,383
南投縣,國姓鄉,長豐村,409,774,313,88,401,36,437
南投縣,國姓鄉,長福村,410,706,321,85,406,15,421
南投縣,國姓鄉,北港村,411,1012,435,110,545,29,574
南投縣,國姓鄉,北港村,412,868,317,80,397,23,420
南投縣,國姓鄉,福龜村,413,918,451,91,542,20,562
南投縣,國姓鄉,福龜村,414,937,399,99,498,44,542
南投縣,國姓鄉,乾溝村,415,815,334,90,424,27,451
南投縣,國姓鄉,柑林村,416,1134,504,141,645,41,686
南投縣,國姓鄉,大石村,417,714,289,91,380,16,396
南投縣,國姓鄉,北山村,418,1095,454,132,586,42,628
南投縣,國姓鄉,北山村,419,448,176,45,221,16,237
南投縣,國姓鄉,南港村,420,1064,453,82,535,38,573
南投縣,國姓鄉,南港村,421,570,234,48,282,17,299
南投縣,水里鄉,水里村,422,757,315,89,404,19,423
南投縣,水里鄉,新城村,423,554,224,60,284,30,314
南投縣,水里鄉,新城村,424,999,410,131,541,38,579
南投縣,水里鄉,中央村,425,616,268,64,332,11,343
南投縣,水里鄉,城中村,426,875,405,104,509,19,528
南投縣,水里鄉,農富村,427,480,210,66,276,16,292
南投縣,水里鄉,車埕村,428,450,191,43,234,14,248
南投縣,水里鄉,新興村,429,643,247,75,322,34,356
南投縣,水里鄉,北埔村,430,1004,442,127,569,22,591
南投縣,水里鄉,南光村,431,741,307,78,385,17,402
南投縣,水里鄉,南光村,432,802,316,143,459,14,473
南投縣,水里鄉,鉅工村,433,998,476,131,607,32,639
南投縣,水里鄉,永豐村,434,800,312,91,403,40,443
南投縣,水里鄉,永豐村,435,589,282,68,350,18,368
南投縣,水里鄉,民和村,436,887,356,87,443,31,474
南投縣,水里鄉,頂崁村,437,1217,469,131,600,33,633
南投縣,水里鄉,新山村,438,205,60,18,78,1,79
南投縣,水里鄉,郡坑村,439,330,155,35,190,19,209
南投縣,水里鄉,上安村,440,1100,429,116,545,32,577
南投縣,水里鄉,興隆村,441,275,86,14,100,5,105
南投縣,水里鄉,永興村,442,318,94,40,134,2,136
南投縣,水里鄉,玉峰村,443,818,338,84,422,31,453
南投縣,信義鄉,明德村,444,1201,530,119,649,34,683
南投縣,信義鄉,明德村,445,329,150,17,167,10,177
南投縣,信義鄉,愛國村,446,516,206,60,266,8,274
南投縣,信義鄉,自強村,447,424,147,39,186,13,199
南投縣,信義鄉,自強村,448,321,134,30,164,6,170
南投縣,信義鄉,豐丘村,449,648,352,63,415,17,432
南投縣,信義鄉,新鄉村,450,584,365,52,417,22,439
南投縣,信義鄉,羅娜村,451,1376,802,98,900,27,927
南投縣,信義鄉,望美村,452,979,538,74,612,22,634
南投縣,信義鄉,望美村,453,530,326,54,380,20,400
南投縣,信義鄉,同富村,454,961,394,97,491,25,516
南投縣,信義鄉,同富村,455,464,208,37,245,12,257
南投縣,信義鄉,神木村,456,517,231,56,287,20,307
南投縣,信義鄉,神木村,457,149,68,18,86,4,90
南投縣,信義鄉,東埔村,458,1020,651,84,735,29,764
南投縣,信義鄉,人和村,459,929,520,78,598,44,642
南投縣,信義鄉,人和村,460,274,107,20,127,4,131
南投縣,信義鄉,地利村,461,900,511,80,591,43,634
南投縣,信義鄉,雙龍村,462,617,360,59,419,32,451
南投縣,信義鄉,潭南村,463,560,291,81,372,20,392
南投縣,仁愛鄉,南豐村,464,973,452,108,560,22,582
南投縣,仁愛鄉,南豐村,465,296,110,31,141,9,150
南投縣,仁愛鄉,大同村,466,900,331,92,423,12,435
南投縣,仁愛鄉,大同村,467,460,212,67,279,19,298
南投縣,仁愛鄉,大同村,468,305,140,33,173,10,183
南投縣,仁愛鄉,榮興村,469,58,15,2,17,3,20
南投縣,仁愛鄉,春陽村,470,952,376,68,444,13,457
南投縣,仁愛鄉,精英村,471,679,277,46,323,6,329
南投縣,仁愛鄉,都達村,472,623,285,56,341,28,369
南投縣,仁愛鄉,合作村,473,597,274,53,327,6,333
南投縣,仁愛鄉,發祥村,474,384,201,29,230,18,248
南投縣,仁愛鄉,發祥村,475,121,50,7,57,5,62
南投縣,仁愛鄉,發祥村,476,264,142,19,161,6,167
南投縣,仁愛鄉,力行村,477,509,308,57,365,25,390
南投縣,仁愛鄉,翠華村,478,338,166,29,195,12,207
南投縣,仁愛鄉,翠華村,479,169,72,16,88,1,89
南投縣,仁愛鄉,親愛村,480,613,205,62,267,26,293
南投縣,仁愛鄉,親愛村,481,404,139,43,182,8,190
南投縣,仁愛鄉,親愛村,482,134,63,13,76,1,77
南投縣,仁愛鄉,萬豐村,483,630,313,69,382,31,413
南投縣,仁愛鄉,法治村,484,763,293,63,356,9,365
南投縣,仁愛鄉,中正村,485,889,485,57,542,32,574
南投縣,仁愛鄉,互助村,486,672,348,64,412,27,439
南投縣,仁愛鄉,互助村,487,447,205,61,266,6,272
南投縣,仁愛鄉,新生村,488,409,240,51,291,12,303
雲林縣,麥寮鄉,麥豐村,1,1497,475,136,611,45,656
雲林縣,麥寮鄉,麥豐村,2,1738,631,205,836,38,874
雲林縣,麥寮鄉,麥豐村,3,1921,685,223,908,49,957
雲林縣,麥寮鄉,麥豐村,4,1832,623,230,853,46,899
雲林縣,麥寮鄉,麥津村,5,1340,415,163,578,39,617
雲林縣,麥寮鄉,麥津村,6,1138,373,129,502,53,555
雲林縣,麥寮鄉,麥津村,7,1551,555,165,720,41,761
雲林縣,麥寮鄉,瓦?村,8,715,234,59,293,24,317
雲林縣,麥寮鄉,瓦?村,9,1194,375,114,489,37,526
雲林縣,麥寮鄉,興華村,10,1023,359,94,453,36,489
雲林縣,麥寮鄉,興華村,11,1558,441,135,576,32,608
雲林縣,麥寮鄉,海豐村,12,1187,343,122,465,25,490
雲林縣,麥寮鄉,海豐村,13,983,301,105,406,16,422
雲林縣,麥寮鄉,後安村,14,1363,479,145,624,57,681
雲林縣,麥寮鄉,後安村,15,1596,559,150,709,59,768
雲林縣,麥寮鄉,中興村,16,1469,591,206,797,67,864
雲林縣,麥寮鄉,三盛村,17,964,299,104,403,33,436
雲林縣,麥寮鄉,三盛村,18,1038,325,102,427,27,454
雲林縣,麥寮鄉,崙後村,19,1230,451,129,580,42,622
雲林縣,麥寮鄉,崙後村,20,1329,483,131,614,31,645
雲林縣,麥寮鄉,橋頭村,21,1129,452,121,573,34,607
雲林縣,麥寮鄉,橋頭村,22,1241,491,161,652,49,701
雲林縣,麥寮鄉,橋頭村,23,1471,585,159,744,54,798
雲林縣,麥寮鄉,新吉村,24,1107,459,122,581,55,636
雲林縣,麥寮鄉,施厝村,25,1636,663,188,851,56,907
雲林縣,麥寮鄉,施厝村,26,1755,614,193,807,53,860
雲林縣,麥寮鄉,雷厝村,27,1158,454,142,596,34,630
雲林縣,麥寮鄉,雷厝村,28,956,370,122,492,28,520
雲林縣,臺西鄉,臺西村,29,1238,504,140,644,39,683
雲林縣,臺西鄉,海南村,30,1091,382,98,480,39,519
雲林縣,臺西鄉,海北村,31,1098,436,105,541,40,581
雲林縣,臺西鄉,海口村,32,1048,331,101,432,19,451
雲林縣,臺西鄉,海口村,33,1025,391,75,466,31,497
雲林縣,臺西鄉,山寮村,34,850,318,82,400,33,433
雲林縣,臺西鄉,溪頂村,35,1460,476,119,595,50,645
雲林縣,臺西鄉,牛厝村,36,1180,304,77,381,63,444
雲林縣,臺西鄉,牛厝村,37,710,180,44,224,15,239
雲林縣,臺西鄉,泉州村,38,620,209,50,259,13,272
雲林縣,臺西鄉,五榔村,39,449,145,51,196,19,215
雲林縣,臺西鄉,光華村,40,687,194,66,260,23,283
雲林縣,臺西鄉,五港村,41,1247,407,105,512,48,560
雲林縣,臺西鄉,五港村,42,583,156,39,195,14,209
雲林縣,臺西鄉,富琦村,43,1042,308,166,474,53,527
雲林縣,臺西鄉,富琦村,44,472,155,50,205,15,220
雲林縣,臺西鄉,永豐村,45,1409,486,107,593,15,608
雲林縣,臺西鄉,和豐村,46,1061,390,112,502,65,567
雲林縣,臺西鄉,和豐村,47,993,328,89,417,16,433
雲林縣,臺西鄉,和豐村,48,1013,338,82,420,73,493
雲林縣,臺西鄉,蚊港村,49,1233,438,136,574,38,612
雲林縣,臺西鄉,蚊港村,50,616,186,59,245,19,264
雲林縣,東勢鄉,月眉村,51,1207,370,127,497,46,543
雲林縣,東勢鄉,復興村,52,540,235,68,303,26,329
雲林縣,東勢鄉,嘉隆村,53,896,311,75,386,14,400
雲林縣,東勢鄉,嘉隆村,54,728,284,84,368,26,394
雲林縣,東勢鄉,東南村,55,1533,626,195,821,56,877
雲林縣,東勢鄉,東北村,56,1203,541,144,685,34,719
雲林縣,東勢鄉,龍潭村,57,817,280,83,363,30,393
雲林縣,東勢鄉,程海村,58,546,235,56,291,34,325
雲林縣,東勢鄉,昌南村,59,853,312,78,390,48,438
雲林縣,東勢鄉,安南村,60,856,269,65,334,40,374
雲林縣,東勢鄉,同安村,61,923,304,107,411,38,449
雲林縣,東勢鄉,同安村,62,1022,395,107,502,27,529
雲林縣,東勢鄉,四美村,63,634,182,46,228,14,242
雲林縣,東勢鄉,四美村,64,394,127,34,161,17,178
雲林縣,東勢鄉,新坤村,65,1087,309,95,404,35,439
雲林縣,褒忠鄉,中民村,66,923,371,112,483,37,520
雲林縣,褒忠鄉,中民村,67,993,405,155,560,27,587
雲林縣,褒忠鄉,埔姜村,68,748,263,96,359,37,396
雲林縣,褒忠鄉,埔姜村,69,702,299,50,349,10,359
雲林縣,褒忠鄉,中勝村,70,752,290,79,369,20,389
雲林縣,褒忠鄉,中勝村,71,756,289,101,390,20,410
雲林縣,褒忠鄉,馬鳴村,72,490,188,54,242,12,254
雲林縣,褒忠鄉,馬鳴村,73,1034,331,110,441,24,465
雲林縣,褒忠鄉,新湖村,74,470,163,53,216,16,232
雲林縣,褒忠鄉,新湖村,75,737,235,118,353,21,374
雲林縣,褒忠鄉,有才村,76,878,328,93,421,21,442
雲林縣,褒忠鄉,田洋村,77,778,256,100,356,34,390
雲林縣,褒忠鄉,龍岩村,78,1224,419,155,574,37,611
雲林縣,褒忠鄉,潮厝村,79,896,273,97,370,61,431
雲林縣,土庫鎮,忠正里,80,809,355,121,476,39,515
雲林縣,土庫鎮,順天里,81,896,381,125,506,39,545
雲林縣,土庫鎮,宮北里,82,687,271,101,372,34,406
雲林縣,土庫鎮,宮北里,83,702,348,108,456,19,475
雲林縣,土庫鎮,越港里,84,1032,481,145,626,17,643
雲林縣,土庫鎮,溪邊里,85,697,248,81,329,44,373
雲林縣,土庫鎮,溪邊里,86,427,157,37,194,35,229
雲林縣,土庫鎮,石廟里,87,1451,621,179,800,43,843
雲林縣,土庫鎮,石廟里,88,1283,557,174,731,12,743
雲林縣,土庫鎮,興新里,89,634,198,86,284,8,292
雲林縣,土庫鎮,興新里,90,796,294,112,406,31,437
雲林縣,土庫鎮,奮起里,91,745,237,81,318,26,344
雲林縣,土庫鎮,奮起里,92,576,202,68,270,18,288
雲林縣,土庫鎮,埤腳里,93,743,252,57,309,48,357
雲林縣,土庫鎮,埤腳里,94,534,155,68,223,15,238
雲林縣,土庫鎮,後埔里,95,1199,362,130,492,61,553
雲林縣,土庫鎮,後埔里,96,1077,367,124,491,56,547
雲林縣,土庫鎮,崙內里,97,819,277,80,357,27,384
雲林縣,土庫鎮,崙內里,98,684,272,71,343,27,370
雲林縣,土庫鎮,大荖里,99,843,347,88,435,36,471
雲林縣,土庫鎮,東平里,100,916,350,93,443,51,494
雲林縣,土庫鎮,東平里,101,948,342,98,440,38,478
雲林縣,土庫鎮,南平里,102,914,371,106,477,18,495
雲林縣,土庫鎮,南平里,103,860,347,95,442,40,482
雲林縣,土庫鎮,西平里,104,929,320,122,442,36,478
雲林縣,土庫鎮,西平里,105,875,296,97,393,32,425
雲林縣,土庫鎮,北平里,106,896,277,78,355,33,388
雲林縣,土庫鎮,新庄里,107,757,234,81,315,33,348
雲林縣,土庫鎮,新庄里,108,683,221,77,298,33,331
雲林縣,虎尾鎮,東仁里,109,1347,556,155,711,33,744
雲林縣,虎尾鎮,東仁里,110,1258,514,205,719,26,745
雲林縣,虎尾鎮,新興里,111,785,328,98,426,19,445
雲林縣,虎尾鎮,新興里,112,890,308,105,413,25,438
雲林縣,虎尾鎮,公安里,113,1413,610,198,808,49,857
雲林縣,虎尾鎮,公安里,114,1431,620,228,848,27,875
雲林縣,虎尾鎮,德興里,115,1224,485,143,628,31,659
雲林縣,虎尾鎮,德興里,116,1325,479,162,641,21,662
雲林縣,虎尾鎮,中山里,117,941,393,148,541,33,574
雲林縣,虎尾鎮,西安里,118,1613,648,219,867,20,887
雲林縣,虎尾鎮,西安里,119,1641,604,233,837,32,869
雲林縣,虎尾鎮,立仁里,120,1200,510,174,684,27,711
雲林縣,虎尾鎮,立仁里,121,1294,517,205,722,38,760
雲林縣,虎尾鎮,立仁里,122,1273,507,194,701,27,728
雲林縣,虎尾鎮,安慶里,123,1438,655,190,845,37,882
雲林縣,虎尾鎮,平和里,124,1361,584,188,772,21,793
雲林縣,虎尾鎮,平和里,125,1444,639,203,842,28,870
雲林縣,虎尾鎮,平和里,126,1490,683,231,914,23,937
雲林縣,虎尾鎮,興南里,127,1307,564,244,808,29,837
雲林縣,虎尾鎮,興南里,128,967,336,136,472,18,490
雲林縣,虎尾鎮,新吉里,129,1865,745,240,985,29,1014
雲林縣,虎尾鎮,新吉里,130,1880,749,279,1028,25,1053
雲林縣,虎尾鎮,穎川里,131,1099,443,116,559,25,584
雲林縣,虎尾鎮,穎川里,132,901,369,131,500,16,516
雲林縣,虎尾鎮,延平里,133,1120,430,156,586,26,612
雲林縣,虎尾鎮,建國里,134,545,180,67,247,8,255
雲林縣,虎尾鎮,埒內里,135,1420,552,185,737,38,775
雲林縣,虎尾鎮,埒內里,136,1248,466,154,620,21,641
雲林縣,虎尾鎮,堀頭里,137,799,329,87,416,24,440
雲林縣,虎尾鎮,安溪里,138,836,314,96,410,37,447
雲林縣,虎尾鎮,安溪里,139,924,301,125,426,30,456
雲林縣,虎尾鎮,興中里,140,1648,555,158,713,19,732
雲林縣,虎尾鎮,廉使里,141,1616,536,173,709,70,779
雲林縣,虎尾鎮,廉使里,142,1546,538,205,743,46,789
雲林縣,虎尾鎮,惠來里,143,1283,502,136,638,34,672
雲林縣,虎尾鎮,惠來里,144,1078,449,112,561,23,584
雲林縣,虎尾鎮,頂溪里,145,1313,473,147,620,32,652
雲林縣,虎尾鎮,頂溪里,146,1284,444,156,600,33,633
雲林縣,虎尾鎮,中溪里,147,1356,533,143,676,52,728
雲林縣,虎尾鎮,下溪里,148,1504,567,187,754,57,811
雲林縣,虎尾鎮,東屯里,149,1224,400,130,530,23,553
雲林縣,虎尾鎮,西屯里,150,1509,499,165,664,45,709
雲林縣,虎尾鎮,芳草里,151,855,216,100,316,49,365
雲林縣,虎尾鎮,墾地里,152,1549,463,183,646,74,720
雲林縣,虎尾鎮,北溪里,153,851,306,86,392,23,415
雲林縣,虎尾鎮,三合里,154,1272,454,133,587,53,640
雲林縣,四湖鄉,四湖村,155,1082,347,103,450,33,483
雲林縣,四湖鄉,四湖村,156,676,274,62,336,39,375
雲林縣,四湖鄉,湖西村,157,862,331,88,419,15,434
雲林縣,四湖鄉,湖西村,158,477,142,41,183,10,193
雲林縣,四湖鄉,湖西村,159,952,387,132,519,23,542
雲林縣,四湖鄉,新庄村,160,650,182,51,233,15,248
雲林縣,四湖鄉,溪底村,161,969,328,83,411,20,431
雲林縣,四湖鄉,鹿場村,162,925,249,84,333,43,376
雲林縣,四湖鄉,蔡厝村,163,914,300,85,385,16,401
雲林縣,四湖鄉,湖寮村,164,759,151,57,208,37,245
雲林縣,四湖鄉,施湖村,165,1219,334,95,429,47,476
雲林縣,四湖鄉,羊調村,166,937,226,71,297,27,324
雲林縣,四湖鄉,內湖村,167,773,193,58,251,9,260
雲林縣,四湖鄉,飛東村,168,555,124,72,196,29,225
雲林縣,四湖鄉,飛沙村,169,876,219,68,287,23,310
雲林縣,四湖鄉,三姓村,170,360,103,25,128,11,139
雲林縣,四湖鄉,崙北村,171,885,196,50,246,24,270
雲林縣,四湖鄉,崙北村,172,833,196,65,261,25,286
雲林縣,四湖鄉,崙南村,173,785,231,69,300,30,330
雲林縣,四湖鄉,廣溝村,174,705,255,59,314,27,341
雲林縣,四湖鄉,箔子村,175,927,259,64,323,26,349
雲林縣,四湖鄉,箔東村,176,1058,267,77,344,43,387
雲林縣,四湖鄉,林厝村,177,1071,290,81,371,37,408
雲林縣,四湖鄉,林東村,178,1022,213,63,276,15,291
雲林縣,四湖鄉,溪尾村,179,711,218,62,280,32,312
雲林縣,元長鄉,長南村,180,915,350,96,446,19,465
雲林縣,元長鄉,長南村,181,1284,456,142,598,21,619
雲林縣,元長鄉,長南村,182,1150,398,109,507,38,545
雲林縣,元長鄉,長北村,183,744,236,74,310,30,340
雲林縣,元長鄉,長北村,184,790,290,67,357,37,394
雲林縣,元長鄉,子茂村,185,1356,394,106,500,63,563
雲林縣,元長鄉,後湖村,186,739,251,77,328,31,359
雲林縣,元長鄉,山內村,187,965,282,87,369,30,399
雲林縣,元長鄉,合和村,188,1080,327,88,415,49,464
雲林縣,元長鄉,五塊村,189,948,274,78,352,35,387
雲林縣,元長鄉,潭西村,190,762,177,50,227,18,245
雲林縣,元長鄉,潭東村,191,582,194,62,256,14,270
雲林縣,元長鄉,客厝村,192,865,265,60,325,12,337
雲林縣,元長鄉,卓運村,193,362,67,17,84,4,88
雲林縣,元長鄉,頂寮村,194,1162,360,96,456,24,480
雲林縣,元長鄉,下寮村,195,1527,478,137,615,44,659
雲林縣,元長鄉,龍岩村,196,1006,329,101,430,59,489
雲林縣,元長鄉,西莊村,197,855,286,70,356,13,369
雲林縣,元長鄉,鹿北村,198,1181,409,104,513,46,559
雲林縣,元長鄉,鹿南村,199,864,264,72,336,24,360
雲林縣,元長鄉,瓦?村,200,667,189,52,241,28,269
雲林縣,元長鄉,瓦?村,201,878,255,84,339,18,357
雲林縣,元長鄉,內寮村,202,610,175,39,214,8,222
雲林縣,元長鄉,崙仔村,203,837,285,79,364,40,404
雲林縣,元長鄉,新吉村,204,701,248,79,327,32,359
雲林縣,口湖鄉,口湖村,205,1134,409,133,542,43,585
雲林縣,口湖鄉,湖東村,206,1225,456,125,581,84,665
雲林縣,口湖鄉,頂湖村,207,647,203,44,247,31,278
雲林縣,口湖鄉,埔南村,208,709,259,80,339,22,361
雲林縣,口湖鄉,埔北村,209,900,285,86,371,63,434
雲林縣,口湖鄉,謝厝村,210,1011,348,109,457,53,510
雲林縣,口湖鄉,蚵寮村,211,1437,489,107,596,30,626
雲林縣,口湖鄉,下崙村,212,848,217,63,280,13,293
雲林縣,口湖鄉,下崙村,213,1193,374,102,476,18,494
雲林縣,口湖鄉,崙中村,214,759,204,50,254,34,288
雲林縣,口湖鄉,崙中村,215,815,256,77,333,38,371
雲林縣,口湖鄉,崙東村,216,1460,514,159,673,57,730
雲林縣,口湖鄉,青蚶村,217,556,134,49,183,10,193
雲林縣,口湖鄉,港東村,218,1532,626,37,663,54,717
雲林縣,口湖鄉,港西村,219,847,300,72,372,16,388
雲林縣,口湖鄉,台子村,220,374,127,41,168,14,182
雲林縣,口湖鄉,台子村,221,1508,553,157,710,129,839
雲林縣,口湖鄉,成龍村,222,951,395,79,474,60,534
雲林縣,口湖鄉,梧南村,223,910,368,99,467,59,526
雲林縣,口湖鄉,梧南村,224,879,384,100,484,34,518
雲林縣,口湖鄉,梧北村,225,1213,431,91,522,79,601
雲林縣,口湖鄉,水井村,226,952,358,68,426,50,476
雲林縣,口湖鄉,後厝村,227,720,282,77,359,30,389
雲林縣,口湖鄉,湖口村,228,1006,293,85,378,19,397
雲林縣,口湖鄉,過港村,229,607,197,33,230,11,241
雲林縣,水林鄉,水北村,230,1355,440,134,574,52,626
雲林縣,水林鄉,水北村,231,887,339,114,453,11,464
雲林縣,水林鄉,水南村,232,1234,497,127,624,47,671
雲林縣,水林鄉,水南村,233,763,271,89,360,17,377
雲林縣,水林鄉,萬興村,234,721,192,71,263,42,305
雲林縣,水林鄉,尖山村,235,647,186,40,226,21,247
雲林縣,水林鄉,大溝村,236,989,304,83,387,51,438
雲林縣,水林鄉,順興村,237,837,251,66,317,20,337
雲林縣,水林鄉,大山村,238,1081,312,79,391,18,409
雲林縣,水林鄉,後寮村,239,704,247,65,312,28,340
雲林縣,水林鄉,春埔村,240,1006,354,86,440,58,498
雲林縣,水林鄉,西井村,241,651,213,47,260,6,266
雲林縣,水林鄉,車港村,242,607,190,46,236,18,254
雲林縣,水林鄉,蘇秦村,243,1033,295,89,384,53,437
雲林縣,水林鄉,灣東村,244,631,147,42,189,16,205
雲林縣,水林鄉,灣西村,245,961,317,61,378,38,416
雲林縣,水林鄉,蕃薯村,246,951,281,83,364,60,424
雲林縣,水林鄉,山腳村,247,838,285,70,355,18,373
雲林縣,水林鄉,松北村,248,1055,356,76,432,71,503
雲林縣,水林鄉,松中村,249,512,133,31,164,16,180
雲林縣,水林鄉,松西村,250,671,186,43,229,16,245
雲林縣,水林鄉,?埔村,251,693,148,38,186,36,222
雲林縣,水林鄉,塭底村,252,689,179,40,219,27,246
雲林縣,水林鄉,海埔村,253,1022,353,98,451,47,498
雲林縣,水林鄉,土厝村,254,1191,386,84,470,30,500
雲林縣,水林鄉,溪墘村,255,779,313,70,383,37,420
雲林縣,北港鎮,東陽里,256,724,306,82,388,39,427
雲林縣,北港鎮,光民里,257,688,296,115,411,41,452
雲林縣,北港鎮,東華里,258,452,204,45,249,18,267
雲林縣,北港鎮,南安里,259,866,362,114,476,35,511
雲林縣,北港鎮,中和里,260,336,130,43,173,6,179
雲林縣,北港鎮,義民里,261,395,169,34,203,13,216
雲林縣,北港鎮,共榮里,262,376,185,37,222,17,239
雲林縣,北港鎮,西勢里,263,950,388,134,522,23,545
雲林縣,北港鎮,仁和里,264,512,243,65,308,24,332
雲林縣,北港鎮,賜福里,265,324,136,40,176,25,201
雲林縣,北港鎮,公?里,266,546,220,58,278,23,301
雲林縣,北港鎮,大同里,267,433,200,55,255,15,270
雲林縣,北港鎮,大同里,268,751,307,80,387,45,432
雲林縣,北港鎮,仁安里,269,442,218,43,261,12,273
雲林縣,北港鎮,華勝里,270,1151,471,159,630,39,669
雲林縣,北港鎮,華勝里,271,1224,515,171,686,31,717
雲林縣,北港鎮,華勝里,272,1211,508,139,647,35,682
雲林縣,北港鎮,華勝里,273,1326,529,175,704,49,753
雲林縣,北港鎮,光復里,274,744,349,111,460,22,482
雲林縣,北港鎮,光復里,275,977,444,144,588,39,627
雲林縣,北港鎮,扶朝里,276,960,369,117,486,50,536
雲林縣,北港鎮,水埔里,277,494,149,37,186,8,194
雲林縣,北港鎮,新街里,278,1364,561,201,762,28,790
雲林縣,北港鎮,新街里,279,1123,442,177,619,42,661
雲林縣,北港鎮,新街里,280,1451,578,212,790,34,824
雲林縣,北港鎮,新街里,281,1162,485,176,661,35,696
雲林縣,北港鎮,新街里,282,1130,416,149,565,39,604
雲林縣,北港鎮,劉厝里,283,1149,449,125,574,31,605
雲林縣,北港鎮,後溝里,284,533,172,53,225,14,239
雲林縣,北港鎮,後溝里,285,433,202,78,280,12,292
雲林縣,北港鎮,新厝里,286,377,153,29,182,8,190
雲林縣,北港鎮,府番里,287,809,270,71,341,16,357
雲林縣,北港鎮,草湖里,288,1397,488,122,610,44,654
雲林縣,北港鎮,溝皂里,289,1145,375,105,480,46,526
雲林縣,北港鎮,番溝里,290,828,218,53,271,46,317
雲林縣,北港鎮,大北里,291,557,182,39,221,8,229
雲林縣,北港鎮,好收里,292,1060,353,128,481,29,510
雲林縣,北港鎮,好收里,293,577,201,60,261,26,287
雲林縣,北港鎮,樹腳里,294,931,281,95,376,37,413
雲林縣,北港鎮,樹腳里,295,1018,404,122,526,30,556
雲林縣,北港鎮,樹腳里,296,1032,447,145,592,15,607
雲林縣,崙背鄉,東明村,297,1176,447,165,612,51,663
雲林縣,崙背鄉,西榮村,298,1439,523,157,680,50,730
雲林縣,崙背鄉,南陽村,299,1027,437,126,563,53,616
雲林縣,崙背鄉,南陽村,300,1259,522,155,677,37,714
雲林縣,崙背鄉,崙前村,301,1058,398,104,502,13,515
雲林縣,崙背鄉,崙前村,302,998,366,85,451,20,471
雲林縣,崙背鄉,羅厝村,303,968,368,93,461,23,484
雲林縣,崙背鄉,羅厝村,304,1055,380,136,516,41,557
雲林縣,崙背鄉,港尾村,305,1315,412,159,571,56,627
雲林縣,崙背鄉,阿勸村,306,1027,246,77,323,26,349
雲林縣,崙背鄉,阿勸村,307,997,446,91,537,56,593
雲林縣,崙背鄉,五魁村,308,807,309,83,392,39,431
雲林縣,崙背鄉,大有村,309,698,216,63,279,19,298
雲林縣,崙背鄉,大有村,310,804,238,95,333,43,376
雲林縣,崙背鄉,豐榮村,311,867,325,85,410,30,440
雲林縣,崙背鄉,豐榮村,312,886,273,78,351,28,379
雲林縣,崙背鄉,草湖村,313,1476,426,124,550,68,618
雲林縣,崙背鄉,舊庄村,314,1159,310,70,380,29,409
雲林縣,崙背鄉,水尾村,315,1220,509,141,650,50,700
雲林縣,崙背鄉,枋南村,316,814,294,103,397,28,425
雲林縣,二崙鄉,崙東村,317,1463,495,164,659,28,687
雲林縣,二崙鄉,崙西村,318,1738,576,197,773,48,821
雲林縣,二崙鄉,來惠村,319,625,204,63,267,36,303
雲林縣,二崙鄉,來惠村,320,1018,353,110,463,45,508
雲林縣,二崙鄉,三和村,321,448,140,37,177,3,180
雲林縣,二崙鄉,三和村,322,1048,283,94,377,34,411
雲林縣,二崙鄉,湳仔村,323,1161,428,146,574,63,637
雲林縣,二崙鄉,田尾村,324,991,379,111,490,32,522
雲林縣,二崙鄉,田尾村,325,849,348,115,463,42,505
雲林縣,二崙鄉,定安村,326,890,327,91,418,32,450
雲林縣,二崙鄉,永定村,327,1427,510,156,666,45,711
雲林縣,二崙鄉,大華村,328,891,356,94,450,24,474
雲林縣,二崙鄉,義庄村,329,757,232,77,309,21,330
雲林縣,二崙鄉,楊賢村,330,1497,532,136,668,66,734
雲林縣,二崙鄉,港後村,331,1171,403,116,519,43,562
雲林縣,二崙鄉,港後村,332,686,292,85,377,33,410
雲林縣,二崙鄉,大義村,333,864,271,57,328,59,387
雲林縣,二崙鄉,油車村,334,1073,406,147,553,63,616
雲林縣,二崙鄉,油車村,335,696,211,73,284,21,305
雲林縣,二崙鄉,大庄村,336,1271,345,100,445,41,486
雲林縣,二崙鄉,庄西村,337,912,313,72,385,24,409
雲林縣,二崙鄉,大同村,338,861,266,98,364,35,399
雲林縣,二崙鄉,復興村,339,1030,328,97,425,36,461
雲林縣,西螺鎮,振興里,340,1590,253,565,818,54,872
雲林縣,西螺鎮,大園里,341,1741,664,248,912,50,962
雲林縣,西螺鎮,廣福里,342,1080,509,159,668,37,705
雲林縣,西螺鎮,廣福里,343,1040,457,149,606,46,652
雲林縣,西螺鎮,正興里,344,1346,577,176,753,30,783
雲林縣,西螺鎮,正興里,345,1625,669,197,866,33,899
雲林縣,西螺鎮,永安里,346,354,169,52,221,13,234
雲林縣,西螺鎮,中和里,347,580,236,69,305,15,320
雲林縣,西螺鎮,福興里,348,591,254,97,351,23,374
雲林縣,西螺鎮,光華里,349,1050,437,145,582,39,621
雲林縣,西螺鎮,中興里,350,1147,488,169,657,63,720
雲林縣,西螺鎮,中興里,351,1602,606,209,815,45,860
雲林縣,西螺鎮,漢光里,352,1452,560,184,744,32,776
雲林縣,西螺鎮,漢光里,353,1578,615,212,827,62,889
雲林縣,西螺鎮,漢光里,354,1305,507,146,653,21,674
雲林縣,西螺鎮,新安里,355,1327,466,154,620,35,655
雲林縣,西螺鎮,新豐里,356,1516,573,190,763,40,803
雲林縣,西螺鎮,大新里,357,828,275,85,360,19,379
雲林縣,西螺鎮,大新里,358,788,258,66,324,20,344
雲林縣,西螺鎮,埤頭里,359,863,296,115,411,51,462
雲林縣,西螺鎮,東興里,360,984,352,127,479,43,522
雲林縣,西螺鎮,鹿場里,361,1514,559,185,744,76,820
雲林縣,西螺鎮,廣興里,362,870,317,107,424,45,469
雲林縣,西螺鎮,頂湳里,363,971,351,128,479,43,522
雲林縣,西螺鎮,吳厝里,364,1304,426,145,571,42,613
雲林縣,西螺鎮,九隆里,365,726,242,91,333,26,359
雲林縣,西螺鎮,下湳里,366,823,333,80,413,35,448
雲林縣,西螺鎮,七座里,367,886,278,82,360,14,374
雲林縣,西螺鎮,公?里,368,1373,470,160,630,57,687
雲林縣,西螺鎮,詔安里,369,983,384,117,501,46,547
雲林縣,西螺鎮,河南里,370,1014,403,123,526,28,554
雲林縣,西螺鎮,安定里,371,939,319,126,445,32,477
雲林縣,西螺鎮,安定里,372,866,319,102,421,29,450
雲林縣,西螺鎮,福田里,373,1486,514,165,679,52,731
雲林縣,莿桐鄉,莿桐村,374,1507,603,217,820,37,857
雲林縣,莿桐鄉,莿桐村,375,1300,505,176,681,29,710
雲林縣,莿桐鄉,莿桐村,376,1272,551,137,688,69,757
雲林縣,莿桐鄉,甘厝村,377,861,315,126,441,22,463
雲林縣,莿桐鄉,甘西村,378,1565,542,173,715,50,765
雲林縣,莿桐鄉,興桐村,379,577,235,56,291,20,311
雲林縣,莿桐鄉,興桐村,380,636,210,74,284,21,305
雲林縣,莿桐鄉,義和村,381,1110,397,137,534,48,582
雲林縣,莿桐鄉,埔子村,382,973,370,155,525,49,574
雲林縣,莿桐鄉,埔子村,383,985,366,132,498,56,554
雲林縣,莿桐鄉,大美村,384,1707,735,219,954,69,1023
雲林縣,莿桐鄉,大美村,385,1284,518,169,687,47,734
雲林縣,莿桐鄉,埔尾村,386,1293,531,171,702,39,741
雲林縣,莿桐鄉,興貴村,387,900,368,100,468,42,510
雲林縣,莿桐鄉,興貴村,388,1040,412,134,546,77,623
雲林縣,莿桐鄉,饒平村,389,1165,437,141,578,25,603
雲林縣,莿桐鄉,四合村,390,871,346,105,451,44,495
雲林縣,莿桐鄉,四合村,391,885,400,102,502,38,540
雲林縣,莿桐鄉,麻園村,392,1489,538,163,701,37,738
雲林縣,莿桐鄉,五華村,393,1347,475,130,605,66,671
雲林縣,莿桐鄉,六合村,394,1150,468,141,609,60,669
雲林縣,莿桐鄉,六合村,395,653,275,79,354,38,392
雲林縣,林內鄉,林南村,396,1036,482,125,607,50,657
雲林縣,林內鄉,林中村,397,1490,613,190,803,37,840
雲林縣,林內鄉,林中村,398,1491,558,181,739,64,803
雲林縣,林內鄉,林中村,399,671,273,58,331,27,358
雲林縣,林內鄉,林北村,400,1436,615,172,787,74,861
雲林縣,林內鄉,林北村,401,751,311,87,398,48,446
雲林縣,林內鄉,坪頂村,402,535,223,65,288,13,301
雲林縣,林內鄉,林茂村,403,811,289,66,355,38,393
雲林縣,林內鄉,九芎村,404,1339,557,170,727,44,771
雲林縣,林內鄉,九芎村,405,1286,501,152,653,58,711
雲林縣,林內鄉,湖本村,406,646,253,72,325,34,359
雲林縣,林內鄉,烏塗村,407,1158,468,145,613,40,653
雲林縣,林內鄉,烏麻村,408,1090,458,120,578,41,619
雲林縣,林內鄉,重興村,409,950,426,108,534,61,595
雲林縣,林內鄉,重興村,410,861,323,140,463,29,492
雲林縣,斗六市,信義里,411,644,231,110,341,13,354
雲林縣,斗六市,四維里,412,617,235,94,329,21,350
雲林縣,斗六市,太平里,413,764,333,145,478,24,502
雲林縣,斗六市,中和里,414,784,350,119,469,22,491
雲林縣,斗六市,光興里,415,760,314,108,422,27,449
雲林縣,斗六市,鎮西里,416,1881,794,301,1095,51,1146
雲林縣,斗六市,鎮西里,417,1829,710,246,956,50,1006
雲林縣,斗六市,鎮東里,418,1255,572,192,764,29,793
雲林縣,斗六市,鎮東里,419,1090,498,172,670,34,704
雲林縣,斗六市,文化里,420,1103,483,163,646,29,675
雲林縣,斗六市,文化里,421,1176,516,162,678,31,709
雲林縣,斗六市,三平里,422,1529,631,214,845,21,866
雲林縣,斗六市,三平里,423,1335,573,182,755,47,802
雲林縣,斗六市,三平里,424,1770,737,255,992,45,1037
雲林縣,斗六市,明德里,425,1308,542,196,738,23,761
雲林縣,斗六市,明德里,426,2171,848,295,1143,41,1184
雲林縣,斗六市,鎮北里,427,1193,525,162,687,33,720
雲林縣,斗六市,鎮北里,428,1572,716,230,946,35,981
雲林縣,斗六市,公誠里,429,1009,430,135,565,15,580
雲林縣,斗六市,公誠里,430,1195,534,183,717,33,750
雲林縣,斗六市,忠孝里,431,1415,627,198,825,41,866
雲林縣,斗六市,仁愛里,432,1101,495,162,657,25,682
雲林縣,斗六市,八德里,433,1648,663,237,900,26,926
雲林縣,斗六市,八德里,434,1588,609,195,804,22,826
雲林縣,斗六市,公正里,435,1392,544,263,807,22,829
雲林縣,斗六市,公正里,436,1422,591,227,818,23,841
雲林縣,斗六市,重光里,437,1187,444,114,558,26,584
雲林縣,斗六市,重光里,438,1142,431,148,579,20,599
雲林縣,斗六市,林頭里,439,1421,655,206,861,18,879
雲林縣,斗六市,林頭里,440,1261,529,184,713,18,731
雲林縣,斗六市,林頭里,441,1506,595,199,794,32,826
雲林縣,斗六市,成功里,442,1214,488,210,698,34,732
雲林縣,斗六市,成功里,443,1362,614,209,823,49,872
雲林縣,斗六市,鎮南里,444,1097,421,179,600,20,620
雲林縣,斗六市,鎮南里,445,1262,538,175,713,25,738
雲林縣,斗六市,鎮南里,446,1154,444,168,612,24,636
雲林縣,斗六市,社口里,447,847,369,114,483,26,509
雲林縣,斗六市,社口里,448,1439,590,232,822,21,843
雲林縣,斗六市,龍潭里,449,1747,733,292,1025,46,1071
雲林縣,斗六市,嘉東里,450,1418,572,220,792,35,827
雲林縣,斗六市,崙峰里,451,1112,459,140,599,37,636
雲林縣,斗六市,崙峰里,452,1302,553,203,756,27,783
雲林縣,斗六市,溝埧里,453,669,331,99,430,14,444
雲林縣,斗六市,江厝里,454,752,309,95,404,31,435
雲林縣,斗六市,江厝里,455,1450,598,188,786,22,808
雲林縣,斗六市,三光里,456,555,226,72,298,22,320
雲林縣,斗六市,久安里,457,1470,538,206,744,29,773
雲林縣,斗六市,久安里,458,927,430,124,554,10,564
雲林縣,斗六市,虎溪里,459,1893,777,299,1076,33,1109
雲林縣,斗六市,虎溪里,460,1708,715,227,942,46,988
雲林縣,斗六市,虎溪里,461,1773,665,197,862,43,905
雲林縣,斗六市,保庄里,462,1412,596,221,817,27,844
雲林縣,斗六市,保庄里,463,1354,593,217,810,31,841
雲林縣,斗六市,保庄里,464,1267,417,294,711,17,728
雲林縣,斗六市,保庄里,465,1273,486,185,671,28,699
雲林縣,斗六市,長平里,466,1748,622,186,808,60,868
雲林縣,斗六市,榴中里,467,1238,540,138,678,56,734
雲林縣,斗六市,榴中里,468,1648,674,184,858,34,892
雲林縣,斗六市,榴中里,469,1520,655,218,873,39,912
雲林縣,斗六市,榴北里,470,1087,468,104,572,25,597
雲林縣,斗六市,榴南里,471,1904,809,249,1058,57,1115
雲林縣,斗六市,梅林里,472,702,319,88,407,30,437
雲林縣,斗六市,梅林里,473,1111,485,152,637,36,673
雲林縣,斗六市,湖山里,474,1123,433,114,547,20,567
雲林縣,斗六市,長安里,475,1146,453,143,596,28,624
雲林縣,斗六市,長安里,476,1786,694,232,926,40,966
雲林縣,斗六市,溪洲里,477,1023,402,144,546,47,593
雲林縣,斗六市,溪洲里,478,2072,826,278,1104,51,1155
雲林縣,斗六市,十三里,479,1128,436,158,594,21,615
雲林縣,大埤鄉,北和村,480,750,298,84,382,24,406
雲林縣,大埤鄉,吉田村,481,719,268,83,351,22,373
雲林縣,大埤鄉,豐岡村,482,603,254,55,309,15,324
雲林縣,大埤鄉,聯美村,483,1106,395,95,490,44,534
雲林縣,大埤鄉,南和村,484,1495,667,90,757,39,796
雲林縣,大埤鄉,南和村,485,600,260,74,334,25,359
雲林縣,大埤鄉,大德村,486,1004,427,124,551,42,593
雲林縣,大埤鄉,松竹村,487,948,287,95,382,19,401
雲林縣,大埤鄉,豐田村,488,1539,629,157,786,45,831
雲林縣,大埤鄉,尚義村,489,1430,503,151,654,41,695
雲林縣,大埤鄉,尚義村,490,465,186,43,229,14,243
雲林縣,大埤鄉,嘉興村,491,1307,491,143,634,26,660
雲林縣,大埤鄉,嘉興村,492,474,185,58,243,6,249
雲林縣,大埤鄉,三結村,493,1220,508,168,676,59,735
雲林縣,大埤鄉,怡然村,494,733,294,81,375,17,392
雲林縣,大埤鄉,北鎮村,495,681,265,86,351,26,377
雲林縣,大埤鄉,興安村,496,712,217,71,288,18,306
雲林縣,大埤鄉,西鎮村,497,723,238,74,312,37,349
雲林縣,斗南鎮,東仁里,498,1166,522,149,671,34,705
雲林縣,斗南鎮,西岐里,499,1135,519,171,690,22,712
雲林縣,斗南鎮,西岐里,500,975,436,147,583,22,605
雲林縣,斗南鎮,大同里,501,1459,618,225,843,34,877
雲林縣,斗南鎮,大同里,502,1351,548,206,754,45,799
雲林縣,斗南鎮,南昌里,503,1321,545,179,724,26,750
雲林縣,斗南鎮,南昌里,504,907,374,113,487,24,511
雲林縣,斗南鎮,北銘里,505,1473,665,219,884,42,926
雲林縣,斗南鎮,中天里,506,1277,551,208,759,45,804
雲林縣,斗南鎮,林子里,507,1333,529,180,709,45,754
雲林縣,斗南鎮,石龜里,508,777,323,87,410,24,434
雲林縣,斗南鎮,石溪里,509,877,340,113,453,29,482
雲林縣,斗南鎮,靖興里,510,899,368,87,455,38,493
雲林縣,斗南鎮,新南里,511,688,242,67,309,25,334
雲林縣,斗南鎮,阿丹里,512,1147,479,104,583,27,610
雲林縣,斗南鎮,將軍里,513,1709,654,243,897,66,963
雲林縣,斗南鎮,舊社里,514,1042,478,143,621,23,644
雲林縣,斗南鎮,舊社里,515,1631,638,223,861,41,902
雲林縣,斗南鎮,明昌里,516,1702,742,235,977,57,1034
雲林縣,斗南鎮,明昌里,517,1564,697,188,885,42,927
雲林縣,斗南鎮,僑真里,518,910,340,75,415,26,441
雲林縣,斗南鎮,僑真里,519,1276,576,186,762,31,793
雲林縣,斗南鎮,大東里,520,897,352,86,438,11,449
雲林縣,斗南鎮,埤麻里,521,803,317,106,423,26,449
雲林縣,斗南鎮,西伯里,522,866,376,94,470,36,506
雲林縣,斗南鎮,新崙里,523,852,344,122,466,38,504
雲林縣,斗南鎮,新崙里,524,671,297,71,368,20,388
雲林縣,斗南鎮,東明里,525,981,394,125,519,17,536
雲林縣,斗南鎮,新光里,526,1129,390,138,528,20,548
雲林縣,斗南鎮,新光里,527,1586,627,245,872,65,937
雲林縣,斗南鎮,田頭里,528,1243,565,164,729,38,767
雲林縣,斗南鎮,田頭里,529,984,402,101,503,16,519
雲林縣,斗南鎮,小東里,530,1507,654,187,841,48,889
雲林縣,古坑鄉,棋盤村,531,1126,448,138,586,38,624
雲林縣,古坑鄉,棋盤村,532,994,351,133,484,45,529
雲林縣,古坑鄉,新庄村,533,1517,523,234,757,57,814
雲林縣,古坑鄉,東和村,534,1302,533,148,681,41,722
雲林縣,古坑鄉,東和村,535,1772,664,196,860,39,899
雲林縣,古坑鄉,荷苞村,536,1122,579,13,592,53,645
雲林縣,古坑鄉,荷苞村,537,304,88,18,106,3,109
雲林縣,古坑鄉,高林村,538,1169,498,121,619,64,683
雲林縣,古坑鄉,水碓村,539,1255,464,153,617,38,655
雲林縣,古坑鄉,田心村,540,1078,444,173,617,36,653
雲林縣,古坑鄉,古坑村,541,943,339,109,448,28,476
雲林縣,古坑鄉,古坑村,542,1300,463,151,614,59,673
雲林縣,古坑鄉,朝陽村,543,964,390,78,468,34,502
雲林縣,古坑鄉,朝陽村,544,1144,455,134,589,31,620
雲林縣,古坑鄉,西平村,545,1482,585,165,750,47,797
雲林縣,古坑鄉,湳仔村,546,688,284,85,369,24,393
雲林縣,古坑鄉,永光村,547,998,357,110,467,44,511
雲林縣,古坑鄉,永光村,548,1140,477,130,607,47,654
雲林縣,古坑鄉,永昌村,549,1102,435,134,569,34,603
雲林縣,古坑鄉,永昌村,550,956,384,106,490,21,511
雲林縣,古坑鄉,麻園村,551,695,209,154,363,24,387
雲林縣,古坑鄉,崁腳村,552,1233,426,112,538,79,617
雲林縣,古坑鄉,華南村,553,285,93,33,126,4,130
雲林縣,古坑鄉,華山村,554,734,239,50,289,12,301
雲林縣,古坑鄉,桂林村,555,1150,444,145,589,47,636
雲林縣,古坑鄉,樟湖村,556,453,194,41,235,17,252
雲林縣,古坑鄉,草嶺村,557,571,215,45,260,18,278
嘉義縣,太保市,太保里,1,1210,470,169,639,41,680
嘉義縣,太保市,太保里,2,1076,436,152,588,21,609
嘉義縣,太保市,後庄里,3,488,174,55,229,23,252
嘉義縣,太保市,前潭里,4,1475,549,158,707,44,751
嘉義縣,太保市,後潭里,5,790,247,104,351,25,376
嘉義縣,太保市,後潭里,6,883,326,97,423,25,448
嘉義縣,太保市,梅埔里,7,758,280,91,371,31,402
嘉義縣,太保市,梅埔里,8,389,137,34,171,5,176
嘉義縣,太保市,春珠里,9,1101,358,132,490,28,518
嘉義縣,太保市,崙頂里,10,853,378,102,480,12,492
嘉義縣,太保市,安仁里,11,224,51,31,82,10,92
嘉義縣,太保市,安仁里,12,662,228,68,296,32,328
嘉義縣,太保市,安仁里,13,1630,713,231,944,25,969
嘉義縣,太保市,東勢里,14,913,348,77,425,30,455
嘉義縣,太保市,東勢里,15,779,300,119,419,15,434
嘉義縣,太保市,新埤里,16,1278,483,165,648,70,718
嘉義縣,太保市,舊埤里,17,819,295,74,369,36,405
嘉義縣,太保市,舊埤里,18,1573,589,201,790,22,812
嘉義縣,太保市,田尾里,19,481,201,45,246,23,269
嘉義縣,太保市,田尾里,20,245,115,29,144,3,147
嘉義縣,太保市,港尾里,21,317,135,35,170,14,184
嘉義縣,太保市,港尾里,22,258,99,32,131,11,142
嘉義縣,太保市,過溝里,23,611,246,56,302,31,333
嘉義縣,太保市,過溝里,24,1526,643,222,865,42,907
嘉義縣,太保市,過溝里,25,1196,489,179,668,14,682
嘉義縣,太保市,麻寮里,26,1536,574,202,776,68,844
嘉義縣,太保市,麻寮里,27,1481,581,193,774,53,827
嘉義縣,太保市,麻寮里,28,1450,597,166,763,37,800
嘉義縣,太保市,南新里,29,840,349,104,453,14,467
嘉義縣,太保市,南新里,30,989,415,152,567,14,581
嘉義縣,太保市,北新里,31,1529,628,180,808,43,851
嘉義縣,太保市,北新里,32,1511,583,228,811,44,855
嘉義縣,太保市,埤鄉里,33,697,249,75,324,27,351
嘉義縣,鹿草鄉,後寮村,34,522,153,59,212,32,244
嘉義縣,鹿草鄉,鹿東村,35,563,197,78,275,29,304
嘉義縣,鹿草鄉,鹿草村,36,1304,448,154,602,46,648
嘉義縣,鹿草鄉,西井村,37,1312,445,174,619,42,661
嘉義縣,鹿草鄉,豊稠村,38,320,113,34,147,3,150
嘉義縣,鹿草鄉,豊稠村,39,418,82,25,107,3,110
嘉義縣,鹿草鄉,重寮村,40,1025,324,80,404,47,451
嘉義縣,鹿草鄉,施家村,41,451,140,42,182,13,195
嘉義縣,鹿草鄉,下潭村,42,830,348,62,410,38,448
嘉義縣,鹿草鄉,光潭村,43,1050,353,111,464,35,499
嘉義縣,鹿草鄉,碧潭村,44,972,262,95,357,42,399
嘉義縣,鹿草鄉,松竹村,45,962,317,98,415,30,445
嘉義縣,鹿草鄉,竹山村,46,678,225,86,311,38,349
嘉義縣,鹿草鄉,竹山村,47,262,114,16,130,8,138
嘉義縣,鹿草鄉,後堀村,48,906,278,98,376,22,398
嘉義縣,鹿草鄉,後堀村,49,306,77,26,103,7,110
嘉義縣,鹿草鄉,三角村,50,1062,395,119,514,40,554
嘉義縣,鹿草鄉,三角村,51,373,149,44,193,14,207
嘉義縣,鹿草鄉,下麻村,52,324,117,43,160,15,175
嘉義縣,鹿草鄉,下麻村,53,297,116,19,135,14,149
嘉義縣,水上鄉,水上村,54,1024,391,112,503,17,520
嘉義縣,水上鄉,水上村,55,1015,432,148,580,35,615
嘉義縣,水上鄉,水上村,56,1932,689,230,919,31,950
嘉義縣,水上鄉,水頭村,57,1170,488,176,664,25,689
嘉義縣,水上鄉,水頭村,58,1305,564,160,724,42,766
嘉義縣,水上鄉,粗溪村,59,1242,439,150,589,31,620
嘉義縣,水上鄉,粗溪村,60,324,122,35,157,10,167
嘉義縣,水上鄉,下寮村,61,622,243,68,311,20,331
嘉義縣,水上鄉,下寮村,62,1216,447,152,599,44,643
嘉義縣,水上鄉,三和村,63,1020,424,122,546,18,564
嘉義縣,水上鄉,三和村,64,771,351,110,461,21,482
嘉義縣,水上鄉,回歸村,65,441,197,67,264,15,279
嘉義縣,水上鄉,大堀村,66,626,313,86,399,21,420
嘉義縣,水上鄉,大堀村,67,570,257,80,337,8,345
嘉義縣,水上鄉,大堀村,68,368,147,35,182,11,193
嘉義縣,水上鄉,大崙村,69,1037,385,96,481,59,540
嘉義縣,水上鄉,大崙村,70,1065,424,134,558,24,582
嘉義縣,水上鄉,塗溝村,71,802,357,117,474,38,512
嘉義縣,水上鄉,龍德村,72,1948,772,231,1003,44,1047
嘉義縣,水上鄉,溪洲村,73,1028,398,103,501,32,533
嘉義縣,水上鄉,三鎮村,74,641,272,85,357,18,375
嘉義縣,水上鄉,靖和村,75,408,183,52,235,10,245
嘉義縣,水上鄉,南和村,76,794,325,102,427,32,459
嘉義縣,水上鄉,南和村,77,569,189,64,253,19,272
嘉義縣,水上鄉,柳新村,78,806,340,91,431,23,454
嘉義縣,水上鄉,柳新村,79,960,418,117,535,25,560
嘉義縣,水上鄉,柳林村,80,2035,827,254,1081,33,1114
嘉義縣,水上鄉,柳鄉村,81,1987,795,229,1024,56,1080
嘉義縣,水上鄉,內溪村,82,1154,485,140,625,25,650
嘉義縣,水上鄉,寬士村,83,2208,808,146,954,36,990
嘉義縣,水上鄉,寬士村,84,2102,730,189,919,29,948
嘉義縣,水上鄉,民生村,85,1309,517,124,641,32,673
嘉義縣,水上鄉,民生村,86,1671,660,223,883,26,909
嘉義縣,水上鄉,義興村,87,822,333,92,425,25,450
嘉義縣,水上鄉,中庄村,88,1772,725,171,896,29,925
嘉義縣,水上鄉,忠和村,89,1919,774,209,983,45,1028
嘉義縣,水上鄉,南鄉村,90,912,356,83,439,19,458
嘉義縣,水上鄉,三界村,91,992,417,91,508,13,521
嘉義縣,水上鄉,國姓村,92,1270,406,124,530,42,572
嘉義縣,民雄鄉,東榮村,93,1267,505,195,700,34,734
嘉義縣,民雄鄉,東榮村,94,1030,377,128,505,21,526
嘉義縣,民雄鄉,中樂村,95,1590,673,233,906,44,950
嘉義縣,民雄鄉,西安村,96,1673,624,224,848,18,866
嘉義縣,民雄鄉,西安村,97,1718,687,265,952,42,994
嘉義縣,民雄鄉,寮頂村,98,1040,443,145,588,33,621
嘉義縣,民雄鄉,寮頂村,99,1100,434,141,575,19,594
嘉義縣,民雄鄉,福權村,100,1559,576,184,760,48,808
嘉義縣,民雄鄉,東湖村,101,1862,676,222,898,54,952
嘉義縣,民雄鄉,頂崙村,102,1435,562,193,755,54,809
嘉義縣,民雄鄉,菁埔村,103,1751,631,214,845,79,924
嘉義縣,民雄鄉,中和村,104,933,389,109,498,40,538
嘉義縣,民雄鄉,平和村,105,827,371,112,483,34,517
嘉義縣,民雄鄉,西昌村,106,843,295,103,398,28,426
嘉義縣,民雄鄉,豊收村,107,1774,672,222,894,43,937
嘉義縣,民雄鄉,豊收村,108,385,130,42,172,11,183
嘉義縣,民雄鄉,三興村,109,1306,520,222,742,30,772
嘉義縣,民雄鄉,東興村,110,535,236,60,296,24,320
嘉義縣,民雄鄉,鎮北村,111,1055,449,122,571,50,621
嘉義縣,民雄鄉,北斗村,112,1476,611,162,773,37,810
嘉義縣,民雄鄉,北斗村,113,1583,608,163,771,27,798
嘉義縣,民雄鄉,北斗村,114,758,276,77,353,19,372
嘉義縣,民雄鄉,北斗村,115,1354,498,156,654,20,674
嘉義縣,民雄鄉,?福村,116,1202,506,170,676,29,705
嘉義縣,民雄鄉,?福村,117,1175,466,164,630,19,649
嘉義縣,民雄鄉,福樂村,118,1423,501,208,709,22,731
嘉義縣,民雄鄉,福樂村,119,1612,621,190,811,23,834
嘉義縣,民雄鄉,福樂村,120,1695,695,230,925,25,950
嘉義縣,民雄鄉,福樂村,121,1665,614,163,777,44,821
嘉義縣,民雄鄉,大崎村,122,1019,379,89,468,35,503
嘉義縣,民雄鄉,大崎村,123,1352,532,132,664,45,709
嘉義縣,民雄鄉,秀林村,124,1620,629,220,849,55,904
嘉義縣,民雄鄉,秀林村,125,943,339,107,446,27,473
嘉義縣,民雄鄉,松山村,126,1720,590,172,762,41,803
嘉義縣,民雄鄉,興中村,127,1875,729,176,905,61,966
嘉義縣,民雄鄉,興南村,128,1305,517,171,688,44,732
嘉義縣,民雄鄉,興南村,129,1441,534,179,713,39,752
嘉義縣,民雄鄉,金興村,130,1413,576,197,773,23,796
嘉義縣,民雄鄉,金興村,131,1560,614,183,797,39,836
嘉義縣,民雄鄉,福興村,132,2004,806,257,1063,60,1123
嘉義縣,民雄鄉,文隆村,133,1354,568,187,755,53,808
嘉義縣,民雄鄉,文隆村,134,1076,445,130,575,22,597
嘉義縣,民雄鄉,山中村,135,1629,687,184,871,59,930
嘉義縣,民雄鄉,山中村,136,1977,755,218,973,42,1015
嘉義縣,民雄鄉,中央村,137,1295,479,165,644,56,700
嘉義縣,新港鄉,宮前村,138,1087,450,138,588,14,602
嘉義縣,新港鄉,宮前村,139,1116,530,173,703,35,738
嘉義縣,新港鄉,宮後村,140,740,310,81,391,22,413
嘉義縣,新港鄉,宮後村,141,827,305,96,401,39,440
嘉義縣,新港鄉,大興村,142,704,325,91,416,23,439
嘉義縣,新港鄉,大興村,143,768,337,115,452,29,481
嘉義縣,新港鄉,福德村,144,761,319,110,429,31,460
嘉義縣,新港鄉,福德村,145,850,322,100,422,35,457
嘉義縣,新港鄉,古民村,146,1327,510,153,663,49,712
嘉義縣,新港鄉,中庄村,147,756,293,88,381,42,423
嘉義縣,新港鄉,中庄村,148,816,339,84,423,45,468
嘉義縣,新港鄉,大潭村,149,667,256,78,334,20,354
嘉義縣,新港鄉,大潭村,150,942,398,98,496,23,519
嘉義縣,新港鄉,西庄村,151,918,317,81,398,46,444
嘉義縣,新港鄉,埤子村,152,554,224,48,272,12,284
嘉義縣,新港鄉,南崙村,153,929,338,96,434,30,464
嘉義縣,新港鄉,北崙村,154,487,136,53,189,18,207
嘉義縣,新港鄉,海瀛村,155,487,199,46,245,25,270
嘉義縣,新港鄉,月眉村,156,836,302,111,413,29,442
嘉義縣,新港鄉,月眉村,157,845,314,132,446,36,482
嘉義縣,新港鄉,月潭村,158,834,330,107,437,30,467
嘉義縣,新港鄉,月潭村,159,753,301,95,396,29,425
嘉義縣,新港鄉,溪北村,160,1328,495,167,662,43,705
嘉義縣,新港鄉,菜公村,161,969,417,120,537,22,559
嘉義縣,新港鄉,中洋村,162,1043,450,141,591,33,624
嘉義縣,新港鄉,三間村,163,1400,641,173,814,45,859
嘉義縣,新港鄉,安和村,164,1017,311,70,381,22,403
嘉義縣,新港鄉,潭大村,165,1132,406,118,524,32,556
嘉義縣,新港鄉,南港村,166,1037,395,103,498,46,544
嘉義縣,新港鄉,板頭村,167,563,255,54,309,24,333
嘉義縣,新港鄉,共和村,168,849,348,92,440,13,453
嘉義縣,大林鎮,東林里,169,483,190,64,254,16,270
嘉義縣,大林鎮,西林里,170,1823,760,239,999,32,1031
嘉義縣,大林鎮,吉林里,171,955,428,111,539,12,551
嘉義縣,大林鎮,平林里,172,1436,539,203,742,20,762
嘉義縣,大林鎮,平林里,173,1390,540,95,635,44,679
嘉義縣,大林鎮,平林里,174,1512,600,215,815,38,853
嘉義縣,大林鎮,平林里,175,1536,601,242,843,31,874
嘉義縣,大林鎮,明華里,176,1165,411,123,534,30,564
嘉義縣,大林鎮,明和里,177,1730,721,264,985,41,1026
嘉義縣,大林鎮,排路里,178,602,215,52,267,6,273
嘉義縣,大林鎮,西結里,179,716,245,75,320,39,359
嘉義縣,大林鎮,湖北里,180,625,224,44,268,12,280
嘉義縣,大林鎮,大糖里,181,193,49,20,69,5,74
嘉義縣,大林鎮,大美里,182,1642,578,144,722,48,770
嘉義縣,大林鎮,過溪里,183,1465,565,159,724,51,775
嘉義縣,大林鎮,中坑里,184,928,311,80,391,26,417
嘉義縣,大林鎮,中坑里,185,361,114,27,141,18,159
嘉義縣,大林鎮,上林里,186,814,329,76,405,21,426
嘉義縣,大林鎮,中林里,187,1579,576,169,745,29,774
嘉義縣,大林鎮,三和里,188,2041,790,219,1009,55,1064
嘉義縣,大林鎮,溝背里,189,931,351,96,447,33,480
嘉義縣,大林鎮,義和里,190,675,248,83,331,29,360
嘉義縣,大林鎮,內林里,191,655,267,62,329,16,345
嘉義縣,大林鎮,三角里,192,833,310,79,389,26,415
嘉義縣,大林鎮,三村里,193,832,367,104,471,29,500
嘉義縣,溪口鄉,溪東村,194,1318,466,243,709,57,766
嘉義縣,溪口鄉,溪西村,195,677,289,86,375,24,399
嘉義縣,溪口鄉,溪北村,196,417,180,31,211,13,224
嘉義縣,溪口鄉,溪北村,197,273,109,35,144,16,160
嘉義縣,溪口鄉,柳溝村,198,908,392,95,487,46,533
嘉義縣,溪口鄉,柳溝村,199,386,121,50,171,7,178
嘉義縣,溪口鄉,疊溪村,200,1039,415,131,546,29,575
嘉義縣,溪口鄉,妙崙村,201,708,241,65,306,27,333
嘉義縣,溪口鄉,坪頂村,202,909,368,99,467,14,481
嘉義縣,溪口鄉,柴林村,203,786,312,94,406,28,434
嘉義縣,溪口鄉,林腳村,204,807,305,74,379,26,405
嘉義縣,溪口鄉,美南村,205,1168,406,101,507,15,522
嘉義縣,溪口鄉,美北村,206,1052,416,126,542,52,594
嘉義縣,溪口鄉,本厝村,207,565,202,55,257,28,285
嘉義縣,溪口鄉,本厝村,208,388,163,32,195,15,210
嘉義縣,溪口鄉,游西村,209,701,246,55,301,22,323
嘉義縣,溪口鄉,游東村,210,1003,351,86,437,31,468
嘉義縣,梅山鄉,梅東村,211,1041,393,145,538,28,566
嘉義縣,梅山鄉,梅東村,212,1245,539,143,682,74,756
嘉義縣,梅山鄉,梅南村,213,917,405,138,543,36,579
嘉義縣,梅山鄉,梅北村,214,1189,496,148,644,51,695
嘉義縣,梅山鄉,梅北村,215,1388,541,171,712,47,759
嘉義縣,梅山鄉,梅北村,216,1827,708,232,940,61,1001
嘉義縣,梅山鄉,過山村,217,545,231,84,315,28,343
嘉義縣,梅山鄉,圳南村,218,407,123,40,163,20,183
嘉義縣,梅山鄉,圳北村,219,636,275,67,342,28,370
嘉義縣,梅山鄉,?溪村,220,576,240,66,306,34,340
嘉義縣,梅山鄉,大南村,221,1674,698,175,873,63,936
嘉義縣,梅山鄉,安靖村,222,858,317,70,387,9,396
嘉義縣,梅山鄉,永興村,223,526,234,81,315,17,332
嘉義縣,梅山鄉,半天村,224,372,111,41,152,32,184
嘉義縣,梅山鄉,太平村,225,506,173,53,226,29,255
嘉義縣,梅山鄉,太興村,226,433,251,33,284,21,305
嘉義縣,梅山鄉,龍眼村,227,404,129,26,155,13,168
嘉義縣,梅山鄉,碧湖村,228,293,105,32,137,9,146
嘉義縣,梅山鄉,瑞?村,229,712,323,101,424,23,447
嘉義縣,梅山鄉,瑞里村,230,602,288,60,348,26,374
嘉義縣,梅山鄉,太和村,231,515,183,52,235,17,252
嘉義縣,梅山鄉,太和村,232,417,129,30,159,5,164
嘉義縣,朴子市,安福里,233,1183,464,159,623,19,642
嘉義縣,朴子市,安福里,234,755,289,100,389,27,416
嘉義縣,朴子市,平和里,235,1253,502,151,653,29,682
嘉義縣,朴子市,平和里,236,1078,440,180,620,32,652
嘉義縣,朴子市,內厝里,237,1117,473,180,653,32,685
嘉義縣,朴子市,開元里,238,387,166,58,224,8,232
嘉義縣,朴子市,順天里,239,633,259,77,336,23,359
嘉義縣,朴子市,中正里,240,650,317,38,355,15,370
嘉義縣,朴子市,博厚里,241,825,391,113,504,23,527
嘉義縣,朴子市,文化里,242,810,323,106,429,24,453
嘉義縣,朴子市,文化里,243,940,405,114,519,32,551
嘉義縣,朴子市,永和里,244,905,363,103,466,27,493
嘉義縣,朴子市,永和里,245,1605,551,189,740,29,769
嘉義縣,朴子市,竹圍里,246,1479,619,216,835,21,856
嘉義縣,朴子市,竹圍里,247,1218,489,183,672,33,705
嘉義縣,朴子市,竹圍里,248,1496,608,207,815,43,858
嘉義縣,朴子市,新寮里,249,667,264,89,353,14,367
嘉義縣,朴子市,?溪里,250,627,194,51,245,11,256
嘉義縣,朴子市,溪口里,251,791,310,66,376,20,396
嘉義縣,朴子市,德興里,252,1034,406,107,513,60,573
嘉義縣,朴子市,仁和里,253,1710,582,246,828,19,847
嘉義縣,朴子市,大鄉里,254,1671,610,189,799,39,838
嘉義縣,朴子市,大鄉里,255,1547,520,163,683,27,710
嘉義縣,朴子市,大葛里,256,1602,477,150,627,39,666
嘉義縣,朴子市,大葛里,257,1302,563,163,726,14,740
嘉義縣,朴子市,佳禾里,258,740,282,74,356,25,381
嘉義縣,朴子市,竹村里,259,1054,445,135,580,42,622
嘉義縣,朴子市,崁前里,260,907,318,70,388,12,400
嘉義縣,朴子市,崁後里,261,720,229,65,294,23,317
嘉義縣,朴子市,順安里,262,251,98,34,132,18,150
嘉義縣,朴子市,德家里,263,767,255,54,309,34,343
嘉義縣,朴子市,新庄里,264,702,296,65,361,32,393
嘉義縣,朴子市,梅華里,265,1038,380,85,465,39,504
嘉義縣,朴子市,松華里,266,1228,336,99,435,23,458
嘉義縣,朴子市,南竹里,267,499,196,34,230,27,257
嘉義縣,六腳鄉,蒜頭村,268,1165,412,96,508,22,530
嘉義縣,六腳鄉,蒜東村,269,825,235,52,287,18,305
嘉義縣,六腳鄉,蒜南村,270,850,284,83,367,21,388
嘉義縣,六腳鄉,工廠村,271,222,89,28,117,15,132
嘉義縣,六腳鄉,灣南村,272,1216,451,123,574,33,607
嘉義縣,六腳鄉,灣北村,273,1200,361,88,449,34,483
嘉義縣,六腳鄉,雙涵村,274,877,302,77,379,42,421
嘉義縣,六腳鄉,塗師村,275,644,199,58,257,21,278
嘉義縣,六腳鄉,三義村,276,594,192,27,219,14,233
嘉義縣,六腳鄉,三義村,277,167,40,9,49,1,50
嘉義縣,六腳鄉,正義村,278,204,51,20,71,3,74
嘉義縣,六腳鄉,正義村,279,234,64,26,90,5,95
嘉義縣,六腳鄉,正義村,280,361,113,29,142,3,145
嘉義縣,六腳鄉,正義村,281,592,234,62,296,40,336
嘉義縣,六腳鄉,溪厝村,282,619,210,78,288,30,318
嘉義縣,六腳鄉,港美村,283,714,223,49,272,20,292
嘉義縣,六腳鄉,豐美村,284,1051,406,95,501,33,534
嘉義縣,六腳鄉,六斗村,285,934,374,95,469,18,487
嘉義縣,六腳鄉,崙陽村,286,1044,386,111,497,23,520
嘉義縣,六腳鄉,蘇厝村,287,1476,507,138,645,23,668
嘉義縣,六腳鄉,竹本村,288,618,179,44,223,10,233
嘉義縣,六腳鄉,永賢村,289,478,132,16,148,14,162
嘉義縣,六腳鄉,魚寮村,290,642,173,41,214,21,235
嘉義縣,六腳鄉,潭墘村,291,883,224,70,294,11,305
嘉義縣,六腳鄉,六腳村,292,739,227,33,260,4,264
嘉義縣,六腳鄉,六南村,293,554,159,47,206,13,219
嘉義縣,六腳鄉,崩山村,294,649,167,48,215,15,230
嘉義縣,六腳鄉,古林村,295,689,197,52,249,25,274
嘉義縣,六腳鄉,更寮村,296,455,133,34,167,13,180
嘉義縣,六腳鄉,更寮村,297,125,31,6,37,1,38
嘉義縣,東石鄉,東石村,298,1915,721,164,885,55,940
嘉義縣,東石鄉,猿樹村,299,938,264,80,344,37,381
嘉義縣,東石鄉,型厝村,300,1366,321,92,413,19,432
嘉義縣,東石鄉,塭港村,301,1676,551,122,673,12,685
嘉義縣,東石鄉,三家村,302,1151,342,94,436,46,482
嘉義縣,東石鄉,永屯村,303,716,242,58,300,23,323
嘉義縣,東石鄉,海埔村,304,387,130,20,150,7,157
嘉義縣,東石鄉,龍港村,305,864,218,48,266,10,276
嘉義縣,東石鄉,副瀨村,306,910,238,68,306,10,316
嘉義縣,東石鄉,下揖村,307,760,224,63,287,12,299
嘉義縣,東石鄉,頂揖村,308,166,73,11,84,5,89
嘉義縣,東石鄉,頂揖村,309,212,65,9,74,6,80
嘉義縣,東石鄉,溪下村,310,993,256,55,311,38,349
嘉義縣,東石鄉,港口村,311,306,97,20,117,9,126
嘉義縣,東石鄉,鰲鼓村,312,1046,307,64,371,40,411
嘉義縣,東石鄉,鰲鼓村,313,235,68,10,78,12,90
嘉義縣,東石鄉,港墘村,314,1226,414,103,517,39,556
嘉義縣,東石鄉,蔦松村,315,843,254,74,328,37,365
嘉義縣,東石鄉,圍潭村,316,693,219,57,276,24,300
嘉義縣,東石鄉,洲仔村,317,839,316,62,378,34,412
嘉義縣,東石鄉,東崙村,318,363,126,23,149,10,159
嘉義縣,東石鄉,東崙村,319,321,92,17,109,7,116
嘉義縣,東石鄉,西崙村,320,1083,449,92,541,55,596
嘉義縣,東石鄉,塭仔村,321,901,302,93,395,28,423
嘉義縣,東石鄉,網寮村,322,1216,351,66,417,34,451
嘉義縣,東石鄉,掌潭村,323,418,182,45,227,25,252
嘉義縣,東石鄉,掌潭村,324,371,118,30,148,12,160
嘉義縣,布袋鎮,岱江里,325,614,243,46,289,21,310
嘉義縣,布袋鎮,九龍里,326,372,129,33,162,9,171
嘉義縣,布袋鎮,岑海里,327,914,345,114,459,53,512
嘉義縣,布袋鎮,岑海里,328,1198,474,129,603,45,648
嘉義縣,布袋鎮,興中里,329,1113,416,79,495,33,528
嘉義縣,布袋鎮,光復里,330,992,386,108,494,41,535
嘉義縣,布袋鎮,光復里,331,689,261,70,331,20,351
嘉義縣,布袋鎮,見龍里,332,882,325,90,415,52,467
嘉義縣,布袋鎮,新厝里,333,731,287,75,362,20,382
嘉義縣,布袋鎮,龍江里,334,779,313,96,409,21,430
嘉義縣,布袋鎮,振寮里,335,762,238,76,314,29,343
嘉義縣,布袋鎮,西安里,336,1184,387,104,491,48,539
嘉義縣,布袋鎮,中安里,337,1423,423,109,532,48,580
嘉義縣,布袋鎮,東安里,338,1351,393,121,514,52,566
嘉義縣,布袋鎮,樹林里,339,275,103,21,124,6,130
嘉義縣,布袋鎮,樹林里,340,243,89,19,108,9,117
嘉義縣,布袋鎮,貴舍里,341,661,269,52,321,42,363
嘉義縣,布袋鎮,永安里,342,1145,401,107,508,38,546
嘉義縣,布袋鎮,東港里,343,936,321,110,431,18,449
嘉義縣,布袋鎮,東港里,344,958,314,112,426,26,452
嘉義縣,布袋鎮,江山里,345,298,104,29,133,10,143
嘉義縣,布袋鎮,菜舖里,346,428,173,49,222,32,254
嘉義縣,布袋鎮,考試里,347,121,37,7,44,6,50
嘉義縣,布袋鎮,考試里,348,174,38,9,47,5,52
嘉義縣,布袋鎮,新岑里,349,953,320,105,425,34,459
嘉義縣,布袋鎮,新民里,350,1292,504,138,642,52,694
嘉義縣,布袋鎮,復興里,351,1127,456,108,564,44,608
嘉義縣,布袋鎮,復興里,352,1244,456,125,581,17,598
嘉義縣,布袋鎮,好美里,353,1106,407,114,521,17,538
嘉義縣,義竹鄉,岸腳村,354,482,171,46,217,15,232
嘉義縣,義竹鄉,岸腳村,355,223,99,24,123,11,134
嘉義縣,義竹鄉,義竹村,356,1529,484,296,780,60,840
嘉義縣,義竹鄉,六桂村,357,1175,489,140,629,36,665
嘉義縣,義竹鄉,仁里村,358,886,399,117,516,36,552
嘉義縣,義竹鄉,傳芳村,359,743,250,71,321,16,337
嘉義縣,義竹鄉,頭竹村,360,1236,476,143,619,63,682
嘉義縣,義竹鄉,五厝村,361,377,137,45,182,12,194
嘉義縣,義竹鄉,中平村,362,338,114,29,143,13,156
嘉義縣,義竹鄉,中平村,363,102,50,7,57,3,60
嘉義縣,義竹鄉,埤前村,364,763,273,75,348,19,367
嘉義縣,義竹鄉,平溪村,365,429,177,55,232,20,252
嘉義縣,義竹鄉,後鎮村,366,427,157,36,193,21,214
嘉義縣,義竹鄉,北華村,367,607,243,67,310,26,336
嘉義縣,義竹鄉,新店村,368,1486,511,144,655,40,695
嘉義縣,義竹鄉,東過村,369,835,362,89,451,33,484
嘉義縣,義竹鄉,西過村,370,816,258,65,323,32,355
嘉義縣,義竹鄉,官和村,371,833,248,97,345,41,386
嘉義縣,義竹鄉,官順村,372,433,170,37,207,7,214
嘉義縣,義竹鄉,新富村,373,558,193,50,243,5,248
嘉義縣,義竹鄉,東光村,374,602,225,67,292,25,317
嘉義縣,義竹鄉,東光村,375,140,51,8,59,1,60
嘉義縣,義竹鄉,東榮村,376,393,137,35,172,14,186
嘉義縣,義竹鄉,龍蛟村,377,585,231,50,281,12,293
嘉義縣,義竹鄉,溪洲村,378,526,171,30,201,3,204
嘉義縣,義竹鄉,溪洲村,379,123,61,14,75,1,76
嘉義縣,中埔鄉,富收村,380,1046,326,99,425,18,443
嘉義縣,中埔鄉,富收村,381,1788,609,179,788,43,831
嘉義縣,中埔鄉,和睦村,382,1730,590,188,778,30,808
嘉義縣,中埔鄉,和睦村,383,1581,552,193,745,33,778
嘉義縣,中埔鄉,和美村,384,1594,494,162,656,24,680
嘉義縣,中埔鄉,和美村,385,1801,667,236,903,19,922
嘉義縣,中埔鄉,和美村,386,1862,693,208,901,27,928
嘉義縣,中埔鄉,和美村,387,1803,640,192,832,18,850
嘉義縣,中埔鄉,和興村,388,1481,557,165,722,29,751
嘉義縣,中埔鄉,和興村,389,1366,539,157,696,34,730
嘉義縣,中埔鄉,和興村,390,1599,521,163,684,36,720
嘉義縣,中埔鄉,和興村,391,1196,466,125,591,28,619
嘉義縣,中埔鄉,中埔村,392,1809,589,181,770,60,830
嘉義縣,中埔鄉,??村,393,953,348,110,458,18,476
嘉義縣,中埔鄉,金蘭村,394,1441,484,142,626,42,668
嘉義縣,中埔鄉,隆興村,395,1882,657,171,828,43,871
嘉義縣,中埔鄉,義仁村,396,1470,552,141,693,12,705
嘉義縣,中埔鄉,社口村,397,1699,548,156,704,53,757
嘉義縣,中埔鄉,社口村,398,422,125,38,163,14,177
嘉義縣,中埔鄉,灣潭村,399,1030,388,96,484,34,518
嘉義縣,中埔鄉,裕民村,400,879,326,98,424,18,442
嘉義縣,中埔鄉,龍門村,401,828,279,72,351,17,368
嘉義縣,中埔鄉,石?村,402,881,385,95,480,23,503
嘉義縣,中埔鄉,石?村,403,296,104,34,138,10,148
嘉義縣,中埔鄉,頂埔村,404,979,345,109,454,25,479
嘉義縣,中埔鄉,同仁村,405,1268,429,121,550,30,580
嘉義縣,中埔鄉,同仁村,406,670,173,49,222,7,229
嘉義縣,中埔鄉,深坑村,407,754,296,91,387,44,431
嘉義縣,中埔鄉,三層村,408,648,240,87,327,32,359
嘉義縣,中埔鄉,瑞豐村,409,741,213,72,285,18,303
嘉義縣,中埔鄉,沄水村,410,518,180,53,233,7,240
嘉義縣,中埔鄉,沄水村,411,482,154,56,210,34,244
嘉義縣,中埔鄉,東興村,412,348,118,33,151,7,158
嘉義縣,中埔鄉,中崙村,413,294,109,25,134,12,146
嘉義縣,竹崎鄉,竹崎村,414,1312,521,188,709,27,736
嘉義縣,竹崎鄉,竹崎村,415,1210,524,148,672,26,698
嘉義縣,竹崎鄉,和平村,416,991,423,100,523,32,555
嘉義縣,竹崎鄉,和平村,417,1207,506,123,629,24,653
嘉義縣,竹崎鄉,坑頭村,418,752,253,105,358,15,373
嘉義縣,竹崎鄉,沙坑村,419,833,364,95,459,33,492
嘉義縣,竹崎鄉,獅埜村,420,1220,527,131,658,35,693
嘉義縣,竹崎鄉,義和村,421,616,291,76,367,16,383
嘉義縣,竹崎鄉,義仁村,422,1031,398,90,488,43,531
嘉義縣,竹崎鄉,灣橋村,423,1292,519,126,645,26,671
嘉義縣,竹崎鄉,灣橋村,424,1995,802,244,1046,56,1102
嘉義縣,竹崎鄉,灣橋村,425,1996,709,208,917,31,948
嘉義縣,竹崎鄉,鹿滿村,426,1449,546,181,727,37,764
嘉義縣,竹崎鄉,紫雲村,427,1420,578,149,727,43,770
嘉義縣,竹崎鄉,內埔村,428,1590,671,165,836,46,882
嘉義縣,竹崎鄉,昇平村,429,771,295,77,372,21,393
嘉義縣,竹崎鄉,昇平村,430,1014,331,119,450,30,480
嘉義縣,竹崎鄉,桃源村,431,327,106,24,130,5,135
嘉義縣,竹崎鄉,桃源村,432,687,282,60,342,24,366
嘉義縣,竹崎鄉,白杞村,433,641,241,67,308,21,329
嘉義縣,竹崎鄉,塘興村,434,474,207,51,258,9,267
嘉義縣,竹崎鄉,塘興村,435,383,137,44,181,14,195
嘉義縣,竹崎鄉,義隆村,436,619,271,79,350,29,379
嘉義縣,竹崎鄉,龍山村,437,214,70,20,90,9,99
嘉義縣,竹崎鄉,龍山村,438,1568,598,178,776,52,828
嘉義縣,竹崎鄉,文?村,439,658,247,48,295,19,314
嘉義縣,竹崎鄉,金獅村,440,434,193,49,242,15,257
嘉義縣,竹崎鄉,復金村,441,917,375,100,475,36,511
嘉義縣,竹崎鄉,復金村,442,981,335,77,412,37,449
嘉義縣,竹崎鄉,緞繻村,443,789,297,60,357,13,370
嘉義縣,竹崎鄉,緞繻村,444,108,22,6,28,4,32
嘉義縣,竹崎鄉,仁壽村,445,235,62,13,75,1,76
嘉義縣,竹崎鄉,中和村,446,331,100,34,134,8,142
嘉義縣,竹崎鄉,中和村,447,450,196,77,273,11,284
嘉義縣,竹崎鄉,光華村,448,462,154,27,181,12,193
嘉義縣,竹崎鄉,光華村,449,251,91,8,99,8,107
嘉義縣,番路鄉,江西村,450,1174,494,163,657,55,712
嘉義縣,番路鄉,內甕村,451,449,216,55,271,12,283
嘉義縣,番路鄉,新福村,452,753,346,93,439,23,462
嘉義縣,番路鄉,新福村,453,551,199,47,246,17,263
嘉義縣,番路鄉,下坑村,454,1791,717,240,957,49,1006
嘉義縣,番路鄉,番路村,455,849,393,112,505,33,538
嘉義縣,番路鄉,民和村,456,866,377,105,482,22,504
嘉義縣,番路鄉,觸口村,457,800,351,67,418,22,440
嘉義縣,番路鄉,觸口村,458,444,176,57,233,23,256
嘉義縣,番路鄉,大湖村,459,635,212,42,254,10,264
嘉義縣,番路鄉,公田村,460,319,113,27,140,9,149
嘉義縣,番路鄉,公田村,461,642,313,45,358,19,377
嘉義縣,番路鄉,公興村,462,509,189,27,216,15,231
嘉義縣,番路鄉,草山村,463,162,87,9,96,0,96
嘉義縣,番路鄉,草山村,464,212,98,16,114,6,120
嘉義縣,大埔鄉,大埔村,465,1468,552,204,756,51,807
嘉義縣,大埔鄉,和平村,466,320,101,19,120,6,126
嘉義縣,大埔鄉,和平村,467,304,120,49,169,6,175
嘉義縣,大埔鄉,永樂村,468,184,76,13,89,4,93
嘉義縣,大埔鄉,永樂村,469,234,114,38,152,5,157
嘉義縣,大埔鄉,茄苳村,470,495,186,67,253,13,266
嘉義縣,大埔鄉,茄苳村,471,199,86,20,106,5,111
嘉義縣,大埔鄉,茄苳村,472,226,83,26,109,6,115
嘉義縣,大埔鄉,西興村,473,569,267,65,332,18,350
嘉義縣,阿里山鄉,中山村,474,371,148,31,179,5,184
嘉義縣,阿里山鄉,中正村,475,197,67,13,80,5,85
嘉義縣,阿里山鄉,香林村,476,152,58,12,70,4,74
嘉義縣,阿里山鄉,十字村,477,231,59,18,77,3,80
嘉義縣,阿里山鄉,十字村,478,72,20,0,20,1,21
嘉義縣,阿里山鄉,豐山村,479,311,101,24,125,2,127
嘉義縣,阿里山鄉,來吉村,480,306,138,18,156,8,164
嘉義縣,阿里山鄉,樂野村,481,970,341,86,427,15,442
嘉義縣,阿里山鄉,達邦村,482,827,342,83,425,29,454
嘉義縣,阿里山鄉,里佳村,483,238,108,20,128,4,132
嘉義縣,阿里山鄉,山美村,484,479,151,20,171,6,177
嘉義縣,阿里山鄉,新美村,485,291,103,24,127,8,135
嘉義縣,阿里山鄉,茶山村,486,246,131,22,153,7,160
屏東縣,屏東市,端正里,1,237,82,42,124,4,128
屏東縣,屏東市,武廟里,2,294,114,41,155,11,166
屏東縣,屏東市,大同里,3,582,201,109,310,7,317
屏東縣,屏東市,光榮里,4,713,289,111,400,18,418
屏東縣,屏東市,民權里,5,572,208,92,300,19,319
屏東縣,屏東市,泰安里,6,455,200,72,272,10,282
屏東縣,屏東市,文明里,7,249,99,49,148,0,148
屏東縣,屏東市,維新里,8,1315,478,155,633,24,657
屏東縣,屏東市,維新里,9,1373,443,199,642,28,670
屏東縣,屏東市,大埔里,10,713,285,127,412,23,435
屏東縣,屏東市,必信里,11,573,245,95,340,29,369
屏東縣,屏東市,崇禮里,12,297,138,49,187,16,203
屏東縣,屏東市,崇智里,13,409,210,58,268,13,281
屏東縣,屏東市,慶春里,14,286,104,45,149,11,160
屏東縣,屏東市,楠樹里,15,421,187,66,253,5,258
屏東縣,屏東市,扶風里,16,569,232,91,323,7,330
屏東縣,屏東市,安樂里,17,459,143,94,237,12,249
屏東縣,屏東市,平和里,18,672,288,131,419,13,432
屏東縣,屏東市,金泉里,19,668,266,134,400,23,423
屏東縣,屏東市,勝豐里,20,411,189,64,253,4,257
屏東縣,屏東市,橋南里,21,768,320,105,425,17,442
屏東縣,屏東市,橋南里,22,786,309,106,415,22,437
屏東縣,屏東市,橋北里,23,890,389,120,509,20,529
屏東縣,屏東市,大連里,24,1353,548,183,731,31,762
屏東縣,屏東市,大連里,25,1386,538,192,730,10,740
屏東縣,屏東市,大連里,26,1413,524,217,741,21,762
屏東縣,屏東市,大連里,27,1272,514,156,670,22,692
屏東縣,屏東市,大連里,28,1287,482,213,695,12,707
屏東縣,屏東市,大連里,29,1311,521,216,737,27,764
屏東縣,屏東市,大連里,30,1285,529,200,729,12,741
屏東縣,屏東市,豐田里,31,1297,513,203,716,25,741
屏東縣,屏東市,豐田里,32,1361,528,205,733,14,747
屏東縣,屏東市,豐田里,33,1381,498,187,685,27,712
屏東縣,屏東市,豐榮里,34,1258,521,195,716,31,747
屏東縣,屏東市,豐榮里,35,1259,502,195,697,22,719
屏東縣,屏東市,豐源里,36,1076,438,145,583,13,596
屏東縣,屏東市,豐源里,37,1162,478,191,669,11,680
屏東縣,屏東市,豐源里,38,1318,532,204,736,22,758
屏東縣,屏東市,長春里,39,939,363,138,501,23,524
屏東縣,屏東市,長春里,40,972,389,157,546,17,563
屏東縣,屏東市,瑞光里,41,1535,584,249,833,36,869
屏東縣,屏東市,瑞光里,42,1419,503,171,674,19,693
屏東縣,屏東市,瑞光里,43,1398,522,155,677,17,694
屏東縣,屏東市,瑞光里,44,1405,543,185,728,28,756
屏東縣,屏東市,瑞光里,45,1486,590,202,792,27,819
屏東縣,屏東市,湖南里,46,1061,415,147,562,31,593
屏東縣,屏東市,湖西里,47,1540,521,181,702,54,756
屏東縣,屏東市,歸心里,48,1141,424,157,581,21,602
屏東縣,屏東市,清溪里,49,1247,421,183,604,22,626
屏東縣,屏東市,清溪里,50,1446,505,203,708,27,735
屏東縣,屏東市,清溪里,51,1303,532,180,712,32,744
屏東縣,屏東市,大武里,52,1253,512,153,665,24,689
屏東縣,屏東市,大武里,53,1315,316,372,688,28,716
屏東縣,屏東市,大武里,54,1425,504,198,702,24,726
屏東縣,屏東市,大武里,55,1423,531,187,718,16,734
屏東縣,屏東市,大武里,56,1400,560,184,744,38,782
屏東縣,屏東市,大武里,57,1359,540,217,757,31,788
屏東縣,屏東市,崇武里,58,1328,543,150,693,25,718
屏東縣,屏東市,崇武里,59,1539,627,167,794,23,817
屏東縣,屏東市,凌雲里,60,391,100,40,140,3,143
屏東縣,屏東市,永昌里,61,200,82,26,108,9,117
屏東縣,屏東市,永順里,62,328,112,35,147,21,168
屏東縣,屏東市,鵬程里,63,231,95,23,118,3,121
屏東縣,屏東市,安鎮里,64,945,376,118,494,31,525
屏東縣,屏東市,安鎮里,65,1053,374,152,526,40,566
屏東縣,屏東市,永光里,66,1043,387,124,511,33,544
屏東縣,屏東市,長安里,67,1061,391,122,513,45,558
屏東縣,屏東市,長安里,68,876,326,114,440,20,460
屏東縣,屏東市,前進里,69,1468,543,171,714,53,767
屏東縣,屏東市,前進里,70,1454,524,176,700,27,727
屏東縣,屏東市,大洲里,71,1205,473,181,654,25,679
屏東縣,屏東市,新興里,72,1284,468,176,644,25,669
屏東縣,屏東市,新興里,73,1219,445,147,592,25,617
屏東縣,屏東市,公館里,74,1544,618,210,828,50,878
屏東縣,屏東市,新生里,75,1485,572,189,761,49,810
屏東縣,屏東市,新生里,76,1387,564,167,731,39,770
屏東縣,屏東市,新生里,77,953,323,106,429,18,447
屏東縣,屏東市,新生里,78,1603,704,169,873,29,902
屏東縣,屏東市,頂宅里,79,535,207,80,287,12,299
屏東縣,屏東市,頂柳里,80,1119,432,145,577,27,604
屏東縣,屏東市,大湖里,81,847,353,95,448,28,476
屏東縣,屏東市,大湖里,82,923,356,141,497,56,553
屏東縣,屏東市,龍華里,83,1227,449,156,605,30,635
屏東縣,屏東市,龍華里,84,1039,414,126,540,37,577
屏東縣,屏東市,玉成里,85,1485,549,194,743,52,795
屏東縣,屏東市,擇仁里,86,867,332,105,437,38,475
屏東縣,屏東市,建國里,87,918,387,112,499,21,520
屏東縣,屏東市,萬年里,88,663,259,67,326,20,346
屏東縣,屏東市,厚生里,89,1215,421,146,567,19,586
屏東縣,屏東市,厚生里,90,1628,564,199,763,42,805
屏東縣,屏東市,一心里,91,1209,460,199,659,27,686
屏東縣,屏東市,義勇里,92,1110,494,202,696,15,711
屏東縣,屏東市,光華里,93,684,265,66,331,6,337
屏東縣,屏東市,永安里,94,1349,444,150,594,28,622
屏東縣,屏東市,永安里,95,1457,551,149,700,35,735
屏東縣,屏東市,永安里,96,1447,564,208,772,24,796
屏東縣,屏東市,永安里,97,1354,474,197,671,18,689
屏東縣,屏東市,永安里,98,1583,634,221,855,38,893
屏東縣,屏東市,崇蘭里,99,1707,627,207,834,13,847
屏東縣,屏東市,崇蘭里,100,1637,599,181,780,26,806
屏東縣,屏東市,崇蘭里,101,1459,552,161,713,7,720
屏東縣,屏東市,崇蘭里,102,1759,708,223,931,19,950
屏東縣,屏東市,崇蘭里,103,1950,719,261,980,26,1006
屏東縣,屏東市,崇蘭里,104,1729,673,226,899,21,920
屏東縣,屏東市,崇蘭里,105,1592,650,163,813,17,830
屏東縣,屏東市,潭墘里,106,1437,523,181,704,27,731
屏東縣,屏東市,潭墘里,107,1204,479,125,604,23,627
屏東縣,屏東市,潭墘里,108,1340,454,151,605,29,634
屏東縣,屏東市,潭墘里,109,1322,522,171,693,26,719
屏東縣,屏東市,潭墘里,110,1462,543,166,709,33,742
屏東縣,屏東市,潭墘里,111,3241,1175,383,1558,42,1600
屏東縣,屏東市,潭墘里,112,1477,543,172,715,14,729
屏東縣,屏東市,永城里,113,821,302,94,396,10,406
屏東縣,屏東市,永城里,114,1099,369,112,481,13,494
屏東縣,屏東市,空翔里,115,1688,648,172,820,36,856
屏東縣,屏東市,廣興里,116,1167,397,168,565,36,601
屏東縣,屏東市,廣興里,117,915,344,121,465,27,492
屏東縣,屏東市,勝利里,118,1683,394,132,526,16,542
屏東縣,屏東市,勝利里,119,1497,533,219,752,12,764
屏東縣,屏東市,勝利里,120,1129,431,142,573,25,598
屏東縣,屏東市,勝利里,121,1232,505,144,649,19,668
屏東縣,屏東市,斯文里,122,853,358,98,456,14,470
屏東縣,屏東市,斯文里,123,869,369,130,499,10,509
屏東縣,屏東市,華山里,124,1169,473,166,639,31,670
屏東縣,屏東市,華山里,125,1058,445,134,579,17,596
屏東縣,屏東市,華山里,126,1344,474,180,654,20,674
屏東縣,屏東市,華山里,127,1299,505,157,662,18,680
屏東縣,屏東市,溝美里,128,1204,463,153,616,45,661
屏東縣,屏東市,溝美里,129,1123,422,162,584,15,599
屏東縣,屏東市,三山里,130,1318,455,163,618,20,638
屏東縣,屏東市,海豐里,131,865,361,125,486,35,521
屏東縣,屏東市,仁義里,132,1100,386,116,502,28,530
屏東縣,屏東市,北興里,133,1215,433,159,592,18,610
屏東縣,屏東市,北興里,134,1370,534,177,711,18,729
屏東縣,屏東市,北興里,135,1240,498,152,650,10,660
屏東縣,屏東市,北興里,136,1168,446,195,641,24,665
屏東縣,屏東市,北興里,137,1079,434,146,580,14,594
屏東縣,屏東市,北勢里,138,1289,533,177,710,36,746
屏東縣,屏東市,北勢里,139,1115,411,167,578,20,598
屏東縣,屏東市,中正里,140,1491,575,241,816,27,843
屏東縣,屏東市,中正里,141,1411,491,174,665,24,689
屏東縣,屏東市,中正里,142,1803,632,266,898,22,920
屏東縣,屏東市,興樂里,143,744,304,107,411,16,427
屏東縣,屏東市,明正里,144,678,256,105,361,11,372
屏東縣,屏東市,太平里,145,681,283,107,390,18,408
屏東縣,屏東市,信和里,146,1535,715,0,715,20,735
屏東縣,屏東市,和興里,147,954,432,73,505,39,544
屏東縣,屏東市,仁愛里,148,1018,427,159,586,26,612
屏東縣,屏東市,仁愛里,149,1154,444,196,640,17,657
屏東縣,潮州鎮,潮州里,150,504,215,69,284,21,305
屏東縣,潮州鎮,光華里,151,1711,582,214,796,24,820
屏東縣,潮州鎮,光華里,152,1634,617,205,822,22,844
屏東縣,潮州鎮,光華里,153,1414,506,138,644,33,677
屏東縣,潮州鎮,同榮里,154,603,267,92,359,21,380
屏東縣,潮州鎮,彭城里,155,896,345,107,452,37,489
屏東縣,潮州鎮,三星里,156,1285,506,149,655,23,678
屏東縣,潮州鎮,三星里,157,1744,251,195,446,25,471
屏東縣,潮州鎮,三星里,158,1071,464,136,600,19,619
屏東縣,潮州鎮,三星里,159,1209,507,134,641,42,683
屏東縣,潮州鎮,三共里,160,1159,436,161,597,26,623
屏東縣,潮州鎮,三共里,161,1296,475,162,637,32,669
屏東縣,潮州鎮,三共里,162,1466,588,201,789,33,822
屏東縣,潮州鎮,三共里,163,1130,472,156,628,28,656
屏東縣,潮州鎮,三共里,164,1439,568,182,750,32,782
屏東縣,潮州鎮,三和里,165,897,405,97,502,25,527
屏東縣,潮州鎮,三和里,166,1225,546,139,685,17,702
屏東縣,潮州鎮,九塊里,167,1158,425,119,544,41,585
屏東縣,潮州鎮,九塊里,168,481,149,40,189,30,219
屏東縣,潮州鎮,新生里,169,972,388,138,526,27,553
屏東縣,潮州鎮,新榮里,170,1245,547,167,714,24,738
屏東縣,潮州鎮,五魁里,171,1415,554,156,710,47,757
屏東縣,潮州鎮,蓬萊里,172,1255,427,154,581,19,600
屏東縣,潮州鎮,蓬萊里,173,1058,339,137,476,20,496
屏東縣,潮州鎮,八爺里,174,1187,459,131,590,26,616
屏東縣,潮州鎮,八爺里,175,1083,451,126,577,37,614
屏東縣,潮州鎮,永春里,176,1590,563,184,747,35,782
屏東縣,潮州鎮,永春里,177,1543,630,179,809,43,852
屏東縣,潮州鎮,永春里,178,1631,592,188,780,34,814
屏東縣,潮州鎮,永春里,179,1159,486,124,610,21,631
屏東縣,潮州鎮,永春里,180,1099,449,144,593,30,623
屏東縣,潮州鎮,富春里,181,1200,451,108,559,34,593
屏東縣,潮州鎮,光春里,182,1391,554,118,672,32,704
屏東縣,潮州鎮,興美里,183,881,390,93,483,38,521
屏東縣,潮州鎮,檨子里,184,454,175,39,214,15,229
屏東縣,潮州鎮,泗林里,185,1658,667,203,870,40,910
屏東縣,潮州鎮,四春里,186,822,311,86,397,26,423
屏東縣,潮州鎮,四春里,187,948,316,107,423,15,438
屏東縣,潮州鎮,崙東里,188,1194,369,104,473,34,507
屏東縣,潮州鎮,崙東里,189,337,146,31,177,14,191
屏東縣,東港鎮,新勝里,190,981,442,118,560,30,590
屏東縣,東港鎮,新勝里,191,1070,459,145,604,38,642
屏東縣,東港鎮,頂新里,192,527,269,59,328,22,350
屏東縣,東港鎮,頂中里,193,395,172,51,223,23,246
屏東縣,東港鎮,東和里,194,659,234,77,311,27,338
屏東縣,東港鎮,興台里,195,513,202,65,267,21,288
屏東縣,東港鎮,興東里,196,1732,645,210,855,37,892
屏東縣,東港鎮,興東里,197,1779,690,232,922,32,954
屏東縣,東港鎮,興東里,198,1270,517,101,618,23,641
屏東縣,東港鎮,興東里,199,1327,510,188,698,6,704
屏東縣,東港鎮,興東里,200,1242,502,162,664,33,697
屏東縣,東港鎮,興東里,201,1607,649,204,853,37,890
屏東縣,東港鎮,興農里,202,1305,460,157,617,33,650
屏東縣,東港鎮,中興里,203,695,265,106,371,20,391
屏東縣,東港鎮,朝安里,204,1076,485,147,632,28,660
屏東縣,東港鎮,朝安里,205,567,211,64,275,17,292
屏東縣,東港鎮,八德里,206,806,322,95,417,22,439
屏東縣,東港鎮,東隆里,207,1227,505,148,653,35,688
屏東縣,東港鎮,豐漁里,208,599,241,53,294,33,327
屏東縣,東港鎮,盛漁里,209,1354,428,113,541,37,578
屏東縣,東港鎮,興漁里,210,734,276,81,357,34,391
屏東縣,東港鎮,興漁里,211,1107,445,133,578,57,635
屏東縣,東港鎮,鎮海里,212,1198,431,108,539,60,599
屏東縣,東港鎮,鎮海里,213,1614,567,191,758,66,824
屏東縣,東港鎮,嘉蓮里,214,826,310,94,404,22,426
屏東縣,東港鎮,嘉蓮里,215,912,375,116,491,30,521
屏東縣,東港鎮,南平里,216,432,162,46,208,20,228
屏東縣,東港鎮,南平里,217,1204,489,134,623,64,687
屏東縣,東港鎮,船頭里,218,1304,519,155,674,43,717
屏東縣,東港鎮,船頭里,219,1317,555,165,720,31,751
屏東縣,東港鎮,船頭里,220,1387,517,170,687,23,710
屏東縣,東港鎮,船頭里,221,1310,458,140,598,17,615
屏東縣,東港鎮,下?里,222,1228,420,149,569,42,611
屏東縣,東港鎮,下?里,223,766,257,83,340,33,373
屏東縣,東港鎮,大潭里,224,823,324,118,442,29,471
屏東縣,東港鎮,大潭里,225,755,245,56,301,17,318
屏東縣,東港鎮,興和里,226,1094,443,149,592,39,631
屏東縣,東港鎮,共和里,227,753,277,80,357,16,373
屏東縣,恆春鎮,城南里,228,902,352,81,433,17,450
屏東縣,恆春鎮,城北里,229,969,382,139,521,32,553
屏東縣,恆春鎮,城北里,230,1280,426,169,595,39,634
屏東縣,恆春鎮,城西里,231,1133,426,145,571,42,613
屏東縣,恆春鎮,網紗里,232,1552,489,166,655,9,664
屏東縣,恆春鎮,網紗里,233,1485,442,145,587,38,625
屏東縣,恆春鎮,仁壽里,234,896,339,115,454,27,481
屏東縣,恆春鎮,茄湖里,235,531,179,53,232,20,252
屏東縣,恆春鎮,頭溝里,236,478,164,54,218,7,225
屏東縣,恆春鎮,四溝里,237,1020,335,118,453,36,489
屏東縣,恆春鎮,德和里,238,924,309,127,436,20,456
屏東縣,恆春鎮,龍水里,239,1079,333,110,443,27,470
屏東縣,恆春鎮,山海里,240,775,250,57,307,21,328
屏東縣,恆春鎮,山海里,241,813,317,88,405,38,443
屏東縣,恆春鎮,大光里,242,1104,379,117,496,34,530
屏東縣,恆春鎮,大光里,243,1110,351,106,457,41,498
屏東縣,恆春鎮,水泉里,244,692,181,72,253,44,297
屏東縣,恆春鎮,水泉里,245,708,182,54,236,11,247
屏東縣,恆春鎮,山腳里,246,1505,511,187,698,28,726
屏東縣,恆春鎮,山腳里,247,1111,396,103,499,24,523
屏東縣,恆春鎮,山腳里,248,1543,518,163,681,33,714
屏東縣,恆春鎮,南灣里,249,828,238,89,327,15,342
屏東縣,恆春鎮,南灣里,250,844,313,105,418,25,443
屏東縣,恆春鎮,墾丁里,251,1253,411,160,571,39,610
屏東縣,恆春鎮,鵝鑾里,252,1126,380,104,484,29,513
屏東縣,萬丹鄉,香社村,253,1527,489,154,643,42,685
屏東縣,萬丹鄉,新庄村,254,1147,402,122,524,50,574
屏東縣,萬丹鄉,新庄村,255,949,333,104,437,34,471
屏東縣,萬丹鄉,新鐘村,256,990,344,115,459,25,484
屏東縣,萬丹鄉,新鐘村,257,1022,381,103,484,18,502
屏東縣,萬丹鄉,水仙村,258,545,264,79,343,28,371
屏東縣,萬丹鄉,興全村,259,1159,515,135,650,43,693
屏東縣,萬丹鄉,興安村,260,837,354,109,463,43,506
屏東縣,萬丹鄉,甘棠村,261,392,144,38,182,18,200
屏東縣,萬丹鄉,萬惠村,262,847,355,111,466,24,490
屏東縣,萬丹鄉,萬全村,263,1149,446,125,571,25,596
屏東縣,萬丹鄉,萬全村,264,1131,442,144,586,30,616
屏東縣,萬丹鄉,萬全村,265,1178,437,134,571,39,610
屏東縣,萬丹鄉,萬後村,266,711,317,97,414,15,429
屏東縣,萬丹鄉,萬安村,267,595,269,93,362,19,381
屏東縣,萬丹鄉,萬生村,268,1403,590,181,771,40,811
屏東縣,萬丹鄉,寶厝村,269,1094,435,117,552,19,571
屏東縣,萬丹鄉,寶厝村,270,1158,474,134,608,55,663
屏東縣,萬丹鄉,四維村,271,963,432,128,560,42,602
屏東縣,萬丹鄉,四維村,272,1062,422,136,558,34,592
屏東縣,萬丹鄉,竹林村,273,1684,629,215,844,45,889
屏東縣,萬丹鄉,水泉村,274,1702,620,199,819,41,860
屏東縣,萬丹鄉,田厝村,275,976,438,130,568,15,583
屏東縣,萬丹鄉,崙頂村,276,1013,381,111,492,66,558
屏東縣,萬丹鄉,崙頂村,277,847,278,83,361,26,387
屏東縣,萬丹鄉,?北村,278,1570,614,221,835,77,912
屏東縣,萬丹鄉,?南村,279,1411,507,148,655,46,701
屏東縣,萬丹鄉,後村村,280,1046,414,140,554,55,609
屏東縣,萬丹鄉,灣內村,281,1385,700,171,871,35,906
屏東縣,萬丹鄉,上村村,282,804,329,88,417,32,449
屏東縣,萬丹鄉,加興村,283,1284,492,166,658,50,708
屏東縣,萬丹鄉,社口村,284,1430,514,156,670,37,707
屏東縣,萬丹鄉,磚寮村,285,960,445,131,576,29,605
屏東縣,萬丹鄉,社皮村,286,786,350,95,445,38,483
屏東縣,萬丹鄉,社皮村,287,1158,440,150,590,58,648
屏東縣,萬丹鄉,社中村,288,1647,493,183,676,42,718
屏東縣,萬丹鄉,社上村,289,1666,565,173,738,42,780
屏東縣,萬丹鄉,廣安村,290,1023,461,123,584,43,627
屏東縣,萬丹鄉,廣安村,291,1227,525,160,685,33,718
屏東縣,長治鄉,進興村,292,1018,421,108,529,40,569
屏東縣,長治鄉,進興村,293,1614,623,200,823,60,883
屏東縣,長治鄉,新潭村,294,1848,756,270,1026,34,1060
屏東縣,長治鄉,新潭村,295,1707,648,213,861,60,921
屏東縣,長治鄉,潭頭村,296,972,410,127,537,15,552
屏東縣,長治鄉,潭頭村,297,989,400,133,533,40,573
屏東縣,長治鄉,香楊村,298,735,321,98,419,26,445
屏東縣,長治鄉,香楊村,299,1813,595,254,849,46,895
屏東縣,長治鄉,長興村,300,1073,458,168,626,25,651
屏東縣,長治鄉,崙上村,301,1654,650,182,832,40,872
屏東縣,長治鄉,德榮村,302,1205,448,189,637,46,683
屏東縣,長治鄉,德和村,303,758,305,100,405,29,434
屏東縣,長治鄉,復興村,304,1492,562,201,763,59,822
屏東縣,長治鄉,德成村,305,884,386,102,488,30,518
屏東縣,長治鄉,德協村,306,1090,453,128,581,46,627
屏東縣,長治鄉,繁榮村,307,1422,475,176,651,78,729
屏東縣,長治鄉,繁昌村,308,845,332,99,431,37,468
屏東縣,長治鄉,繁昌村,309,925,387,108,495,42,537
屏東縣,長治鄉,繁隆村,310,1138,476,128,604,31,635
屏東縣,長治鄉,繁華村,311,1242,484,158,642,54,696
屏東縣,長治鄉,繁華村,312,1159,413,127,540,19,559
屏東縣,長治鄉,榮華村,313,673,285,92,377,25,402
屏東縣,麟洛鄉,新田村,314,788,303,123,426,23,449
屏東縣,麟洛鄉,新田村,315,1386,606,202,808,39,847
屏東縣,麟洛鄉,麟頂村,316,957,406,147,553,35,588
屏東縣,麟洛鄉,麟蹄村,317,731,325,104,429,23,452
屏東縣,麟洛鄉,麟蹄村,318,806,346,130,476,28,504
屏東縣,麟洛鄉,麟趾村,319,1207,460,159,619,14,633
屏東縣,麟洛鄉,麟趾村,320,1340,574,197,771,49,820
屏東縣,麟洛鄉,田中村,321,1221,528,190,718,30,748
屏東縣,麟洛鄉,田心村,322,851,342,127,469,14,483
屏東縣,麟洛鄉,田道村,323,683,262,86,348,12,360
屏東縣,九如鄉,九清村,324,1491,602,198,800,46,846
屏東縣,九如鄉,九塊村,325,1375,518,178,696,43,739
屏東縣,九如鄉,九明村,326,1678,616,183,799,52,851
屏東縣,九如鄉,大坵村,327,1166,469,153,622,63,685
屏東縣,九如鄉,玉水村,328,1276,400,139,539,36,575
屏東縣,九如鄉,玉泉村,329,1033,430,120,550,36,586
屏東縣,九如鄉,玉泉村,330,577,284,89,373,24,397
屏東縣,九如鄉,東寧村,331,649,293,79,372,31,403
屏東縣,九如鄉,東寧村,332,1999,758,248,1006,91,1097
屏東縣,九如鄉,東寧村,333,1766,643,229,872,49,921
屏東縣,九如鄉,三塊村,334,1600,573,191,764,74,838
屏東縣,九如鄉,耆老村,335,1248,502,136,638,48,686
屏東縣,九如鄉,後庄村,336,1792,738,213,951,91,1042
屏東縣,九如鄉,洽興村,337,1482,592,168,760,55,815
屏東縣,里港鄉,玉田村,338,1552,668,203,871,53,924
屏東縣,里港鄉,玉田村,339,1480,528,202,730,59,789
屏東縣,里港鄉,塔樓村,340,1534,483,175,658,34,692
屏東縣,里港鄉,潮厝村,341,1578,618,196,814,42,856
屏東縣,里港鄉,大平村,342,1127,493,165,658,28,686
屏東縣,里港鄉,永春村,343,845,362,105,467,31,498
屏東縣,里港鄉,春林村,344,1282,465,161,626,42,668
屏東縣,里港鄉,過江村,345,981,401,125,526,43,569
屏東縣,里港鄉,過江村,346,1031,415,143,558,41,599
屏東縣,里港鄉,鐵店村,347,1423,529,198,727,193,920
屏東縣,里港鄉,茄苳村,348,363,133,39,172,8,180
屏東縣,里港鄉,茄苳村,349,1203,425,184,609,94,703
屏東縣,里港鄉,載興村,350,1027,453,127,580,59,639
屏東縣,里港鄉,載興村,351,1384,514,162,676,50,726
屏東縣,里港鄉,土庫村,352,1512,550,186,736,55,791
屏東縣,里港鄉,土庫村,353,522,238,57,295,13,308
屏東縣,里港鄉,三?村,354,822,313,105,418,41,459
屏東縣,里港鄉,三?村,355,1007,342,162,504,25,529
屏東縣,里港鄉,中和村,356,956,371,122,493,44,537
屏東縣,里港鄉,瀰力村,357,499,191,75,266,16,282
屏東縣,鹽埔鄉,鹽北村,358,951,441,48,489,21,510
屏東縣,鹽埔鄉,鹽北村,359,899,324,109,433,25,458
屏東縣,鹽埔鄉,鹽中村,360,1116,360,123,483,27,510
屏東縣,鹽埔鄉,鹽中村,361,1241,461,141,602,29,631
屏東縣,鹽埔鄉,鹽南村,362,770,269,102,371,36,407
屏東縣,鹽埔鄉,鹽南村,363,962,377,110,487,23,510
屏東縣,鹽埔鄉,仕絨村,364,1041,453,123,576,58,634
屏東縣,鹽埔鄉,高朗村,365,1367,479,171,650,59,709
屏東縣,鹽埔鄉,高朗村,366,1465,502,137,639,51,690
屏東縣,鹽埔鄉,振興村,367,894,296,92,388,36,424
屏東縣,鹽埔鄉,振興村,368,958,318,96,414,2,416
屏東縣,鹽埔鄉,久愛村,369,924,340,108,448,45,493
屏東縣,鹽埔鄉,新圍村,370,1598,582,159,741,24,765
屏東縣,鹽埔鄉,新圍村,371,1550,559,200,759,74,833
屏東縣,鹽埔鄉,新二村,372,1127,436,129,565,39,604
屏東縣,鹽埔鄉,新二村,373,1150,494,134,628,44,672
屏東縣,鹽埔鄉,新二村,374,1233,491,163,654,30,684
屏東縣,鹽埔鄉,彭厝村,375,984,419,125,544,50,594
屏東縣,鹽埔鄉,洛陽村,376,1619,633,220,853,33,886
屏東縣,鹽埔鄉,永隆村,377,553,226,64,290,19,309
屏東縣,高樹鄉,高樹村,378,883,362,138,500,56,556
屏東縣,高樹鄉,高樹村,379,1255,360,104,464,30,494
屏東縣,高樹鄉,長榮村,380,1278,514,148,662,20,682
屏東縣,高樹鄉,東興村,381,738,264,58,322,23,345
屏東縣,高樹鄉,東振村,382,585,210,56,266,15,281
屏東縣,高樹鄉,源泉村,383,1012,374,143,517,78,595
屏東縣,高樹鄉,建興村,384,1148,282,232,514,63,577
屏東縣,高樹鄉,大埔村,385,591,218,69,287,22,309
屏東縣,高樹鄉,菜寮村,386,786,243,85,328,39,367
屏東縣,高樹鄉,司馬村,387,649,224,49,273,17,290
屏東縣,高樹鄉,舊寮村,388,1229,368,103,471,52,523
屏東縣,高樹鄉,新豐村,389,1446,470,103,573,43,616
屏東縣,高樹鄉,泰山村,390,899,241,111,352,15,367
屏東縣,高樹鄉,泰山村,391,922,335,105,440,41,481
屏東縣,高樹鄉,南華村,392,1259,383,144,527,69,596
屏東縣,高樹鄉,廣福村,393,1056,356,99,455,16,471
屏東縣,高樹鄉,廣興村,394,1116,415,135,550,64,614
屏東縣,高樹鄉,舊庄村,395,1020,372,124,496,77,573
屏東縣,高樹鄉,田子村,396,1055,397,126,523,51,574
屏東縣,高樹鄉,鹽樹村,397,738,312,95,407,33,440
屏東縣,高樹鄉,鹽樹村,398,493,163,43,206,30,236
屏東縣,高樹鄉,新南村,399,1539,612,174,786,77,863
屏東縣,萬巒鄉,萬巒村,400,1239,458,148,606,25,631
屏東縣,萬巒鄉,萬全村,401,759,303,107,410,28,438
屏東縣,萬巒鄉,萬和村,402,932,395,109,504,53,557
屏東縣,萬巒鄉,萬和村,403,769,322,99,421,46,467
屏東縣,萬巒鄉,鹿寮村,404,920,351,109,460,47,507
屏東縣,萬巒鄉,硫黃村,405,560,225,76,301,22,323
屏東縣,萬巒鄉,泗溝村,406,1120,399,114,513,26,539
屏東縣,萬巒鄉,五溝村,407,1048,403,105,508,25,533
屏東縣,萬巒鄉,成德村,408,1438,513,121,634,20,654
屏東縣,萬巒鄉,赤山村,409,834,296,89,385,32,417
屏東縣,萬巒鄉,赤山村,410,813,315,81,396,37,433
屏東縣,萬巒鄉,萬金村,411,1020,440,89,529,24,553
屏東縣,萬巒鄉,萬金村,412,1007,436,128,564,42,606
屏東縣,萬巒鄉,佳佐村,413,1648,507,169,676,53,729
屏東縣,萬巒鄉,佳和村,414,1437,539,165,704,44,748
屏東縣,萬巒鄉,新厝村,415,1228,417,120,537,19,556
屏東縣,萬巒鄉,新置村,416,597,265,60,325,27,352
屏東縣,萬巒鄉,新置村,417,576,234,65,299,29,328
屏東縣,內埔鄉,內埔村,418,1305,441,126,567,37,604
屏東縣,內埔鄉,內埔村,419,1287,472,118,590,35,625
屏東縣,內埔鄉,內埔村,420,1387,473,159,632,21,653
屏東縣,內埔鄉,內田村,421,1540,496,201,697,32,729
屏東縣,內埔鄉,內田村,422,1605,570,184,754,31,785
屏東縣,內埔鄉,興南村,423,1326,487,138,625,45,670
屏東縣,內埔鄉,義亭村,424,591,241,70,311,23,334
屏東縣,內埔鄉,美和村,425,1123,373,128,501,39,540
屏東縣,內埔鄉,美和村,426,1079,425,99,524,5,529
屏東縣,內埔鄉,和興村,427,1485,565,163,728,46,774
屏東縣,內埔鄉,和興村,428,1248,539,151,690,23,713
屏東縣,內埔鄉,東寧村,429,1569,606,183,789,32,821
屏東縣,內埔鄉,東寧村,430,1493,500,164,664,49,713
屏東縣,內埔鄉,東寧村,431,1420,498,156,654,17,671
屏東縣,內埔鄉,豐田村,432,1334,519,134,653,41,694
屏東縣,內埔鄉,豐田村,433,1519,594,113,707,34,741
屏東縣,內埔鄉,振豐村,434,784,290,97,387,33,420
屏東縣,內埔鄉,振豐村,435,888,365,100,465,40,505
屏東縣,內埔鄉,富田村,436,747,263,70,333,7,340
屏東縣,內埔鄉,富田村,437,1168,389,114,503,22,525
屏東縣,內埔鄉,竹圍村,438,546,221,67,288,24,312
屏東縣,內埔鄉,竹圍村,439,1278,453,147,600,41,641
屏東縣,內埔鄉,東勢村,440,1348,448,131,579,44,623
屏東縣,內埔鄉,東勢村,441,1550,465,143,608,51,659
屏東縣,內埔鄉,東片村,442,947,415,116,531,46,577
屏東縣,內埔鄉,上樹村,443,1097,412,118,530,38,568
屏東縣,內埔鄉,老埤村,444,1128,302,126,428,53,481
屏東縣,內埔鄉,老埤村,445,1253,357,79,436,23,459
屏東縣,內埔鄉,中林村,446,1525,544,126,670,15,685
屏東縣,內埔鄉,龍泉村,447,1215,474,122,596,43,639
屏東縣,內埔鄉,龍泉村,448,1216,412,100,512,19,531
屏東縣,內埔鄉,龍潭村,449,1353,470,122,592,27,619
屏東縣,內埔鄉,龍潭村,450,1026,41,451,492,26,518
屏東縣,內埔鄉,建興村,451,862,303,86,389,22,411
屏東縣,內埔鄉,大新村,452,921,290,87,377,27,404
屏東縣,內埔鄉,大新村,453,854,323,94,417,20,437
屏東縣,內埔鄉,黎明村,454,1230,449,98,547,23,570
屏東縣,內埔鄉,黎明村,455,1204,438,113,551,23,574
屏東縣,內埔鄉,隘寮村,456,1301,437,128,565,29,594
屏東縣,內埔鄉,水門村,457,806,343,89,432,22,454
屏東縣,竹田鄉,竹田村,458,1503,635,154,789,53,842
屏東縣,竹田鄉,竹南村,459,899,405,123,528,25,553
屏東縣,竹田鄉,糶糴村,460,716,325,95,420,34,454
屏東縣,竹田鄉,履豐村,461,581,268,95,363,20,383
屏東縣,竹田鄉,頭崙村,462,1327,524,156,680,62,742
屏東縣,竹田鄉,二崙村,463,997,442,125,567,51,618
屏東縣,竹田鄉,美崙村,464,649,259,80,339,25,364
屏東縣,竹田鄉,南勢村,465,476,258,68,326,20,346
屏東縣,竹田鄉,西勢村,466,1259,528,159,687,55,742
屏東縣,竹田鄉,西勢村,467,1227,463,127,590,53,643
屏東縣,竹田鄉,福田村,468,504,233,67,300,22,322
屏東縣,竹田鄉,永豐村,469,860,335,97,432,36,468
屏東縣,竹田鄉,六巷村,470,800,307,104,411,19,430
屏東縣,竹田鄉,泗洲村,471,1134,481,127,608,54,662
屏東縣,竹田鄉,大湖村,472,1229,455,157,612,56,668
屏東縣,竹田鄉,鳳明村,473,1192,445,154,599,46,645
屏東縣,新埤鄉,新埤村,474,1712,634,175,809,28,837
屏東縣,新埤鄉,新埤村,475,314,124,32,156,19,175
屏東縣,新埤鄉,建功村,476,752,288,92,380,30,410
屏東縣,新埤鄉,建功村,477,334,138,29,167,17,184
屏東縣,新埤鄉,打鐵村,478,957,411,93,504,40,544
屏東縣,新埤鄉,南豐村,479,764,315,96,411,40,451
屏東縣,新埤鄉,萬隆村,480,373,154,41,195,17,212
屏東縣,新埤鄉,萬隆村,481,678,230,68,298,19,317
屏東縣,新埤鄉,萬隆村,482,701,237,70,307,23,330
屏東縣,新埤鄉,餉潭村,483,1323,393,99,492,53,545
屏東縣,新埤鄉,箕湖村,484,541,223,60,283,29,312
屏東縣,新埤鄉,箕湖村,485,584,202,44,246,26,272
屏東縣,枋寮鄉,枋寮村,486,1213,505,139,644,40,684
屏東縣,枋寮鄉,新龍村,487,891,367,113,480,45,525
屏東縣,枋寮鄉,保生村,488,970,364,88,452,45,497
屏東縣,枋寮鄉,中寮村,489,629,262,57,319,20,339
屏東縣,枋寮鄉,安樂村,490,840,364,108,472,34,506
屏東縣,枋寮鄉,安樂村,491,774,339,81,420,25,445
屏東縣,枋寮鄉,隆山村,492,1379,534,139,673,45,718
屏東縣,枋寮鄉,隆山村,493,1502,646,154,800,32,832
屏東縣,枋寮鄉,隆山村,494,1276,488,143,631,0,631
屏東縣,枋寮鄉,天時村,495,964,369,110,479,43,522
屏東縣,枋寮鄉,天時村,496,1005,455,102,557,56,613
屏東縣,枋寮鄉,地利村,497,734,296,76,372,16,388
屏東縣,枋寮鄉,地利村,498,725,306,78,384,34,418
屏東縣,枋寮鄉,人和村,499,1046,386,112,498,56,554
屏東縣,枋寮鄉,人和村,500,1067,446,109,555,61,616
屏東縣,枋寮鄉,內寮村,501,718,188,62,250,34,284
屏東縣,枋寮鄉,新開村,502,903,315,77,392,34,426
屏東縣,枋寮鄉,東海村,503,1387,457,152,609,68,677
屏東縣,枋寮鄉,東海村,504,1367,536,170,706,50,756
屏東縣,枋寮鄉,大庄村,505,618,254,111,365,27,392
屏東縣,枋寮鄉,太源村,506,959,290,80,370,20,390
屏東縣,枋寮鄉,玉泉村,507,427,175,42,217,21,238
屏東縣,新園鄉,瓦?村,508,820,326,107,433,39,472
屏東縣,新園鄉,瓦?村,509,843,357,113,470,46,516
屏東縣,新園鄉,仙吉村,510,1242,447,153,600,43,643
屏東縣,新園鄉,仙吉村,511,1290,538,162,700,43,743
屏東縣,新園鄉,田洋村,512,1073,405,131,536,32,568
屏東縣,新園鄉,田洋村,513,1088,426,155,581,68,649
屏東縣,新園鄉,港墘村,514,845,309,88,397,23,420
屏東縣,新園鄉,內庄村,515,862,306,129,435,37,472
屏東縣,新園鄉,新東村,516,1183,407,137,544,43,587
屏東縣,新園鄉,新東村,517,1109,417,136,553,58,611
屏東縣,新園鄉,新園村,518,1119,369,140,509,16,525
屏東縣,新園鄉,新園村,519,1152,385,153,538,31,569
屏東縣,新園鄉,港西村,520,1030,406,118,524,49,573
屏東縣,新園鄉,港西村,521,1104,404,136,540,49,589
屏東縣,新園鄉,烏龍村,522,1240,461,113,574,40,614
屏東縣,新園鄉,興龍村,523,1120,323,126,449,25,474
屏東縣,新園鄉,興龍村,524,1074,429,132,561,63,624
屏東縣,新園鄉,中洲村,525,849,288,80,368,34,402
屏東縣,新園鄉,中洲村,526,749,280,91,371,39,410
屏東縣,新園鄉,南龍村,527,1416,450,217,667,59,726
屏東縣,新園鄉,五房村,528,895,353,103,456,37,493
屏東縣,新園鄉,五房村,529,933,372,99,471,51,522
屏東縣,新園鄉,五房村,530,972,387,104,491,31,522
屏東縣,新園鄉,鹽埔村,531,1454,511,138,649,38,687
屏東縣,新園鄉,鹽埔村,532,1653,703,198,901,64,965
屏東縣,新園鄉,鹽埔村,533,1270,497,102,599,46,645
屏東縣,新園鄉,共和村,534,1123,505,114,619,69,688
屏東縣,新園鄉,共和村,535,1198,471,112,583,40,623
屏東縣,崁頂鄉,崁頂村,536,1190,421,140,561,26,587
屏東縣,崁頂鄉,崁頂村,537,1044,400,145,545,32,577
屏東縣,崁頂鄉,園寮村,538,818,308,111,419,37,456
屏東縣,崁頂鄉,園寮村,539,1214,433,168,601,30,631
屏東縣,崁頂鄉,力社村,540,1325,483,145,628,24,652
屏東縣,崁頂鄉,圍內村,541,1253,511,166,677,42,719
屏東縣,崁頂鄉,洲子村,542,1039,351,142,493,36,529
屏東縣,崁頂鄉,北勢村,543,813,261,93,354,37,391
屏東縣,崁頂鄉,北勢村,544,736,270,87,357,18,375
屏東縣,崁頂鄉,越溪村,545,934,362,139,501,28,529
屏東縣,崁頂鄉,港東村,546,900,333,98,431,43,474
屏東縣,崁頂鄉,港東村,547,1004,393,115,508,31,539
屏東縣,林邊鄉,林邊村,548,1458,643,164,807,56,863
屏東縣,林邊鄉,光林村,549,891,402,93,495,18,513
屏東縣,林邊鄉,光林村,550,695,318,79,397,25,422
屏東縣,林邊鄉,永樂村,551,1015,449,127,576,33,609
屏東縣,林邊鄉,永樂村,552,1171,493,138,631,47,678
屏東縣,林邊鄉,永樂村,553,1003,376,130,506,40,546
屏東縣,林邊鄉,中林村,554,725,319,114,433,29,462
屏東縣,林邊鄉,仁和村,555,841,360,101,461,40,501
屏東縣,林邊鄉,仁和村,556,793,333,106,439,38,477
屏東縣,林邊鄉,田厝村,557,919,405,101,506,41,547
屏東縣,林邊鄉,崎?村,558,1283,471,142,613,52,665
屏東縣,林邊鄉,水利村,559,783,282,80,362,34,396
屏東縣,林邊鄉,水利村,560,1033,382,93,475,35,510
屏東縣,林邊鄉,竹林村,561,1186,440,116,556,86,642
屏東縣,林邊鄉,竹林村,562,773,296,88,384,39,423
屏東縣,林邊鄉,鎮安村,563,1122,414,93,507,35,542
屏東縣,南州鄉,溪洲村,564,872,349,94,443,28,471
屏東縣,南州鄉,溪洲村,565,794,335,80,415,24,439
屏東縣,南州鄉,溪南村,566,962,405,129,534,28,562
屏東縣,南州鄉,七塊村,567,1033,401,137,538,42,580
屏東縣,南州鄉,萬華村,568,1007,350,137,487,33,520
屏東縣,南州鄉,仁里村,569,466,214,48,262,16,278
屏東縣,南州鄉,溪北村,570,708,313,104,417,16,433
屏東縣,南州鄉,米崙村,571,1044,410,144,554,37,591
屏東縣,南州鄉,壽元村,572,1071,338,96,434,45,479
屏東縣,南州鄉,同安村,573,979,340,149,489,28,517
屏東縣,南州鄉,南安村,574,543,197,52,249,25,274
屏東縣,佳冬鄉,佳冬村,575,1472,463,180,643,44,687
屏東縣,佳冬鄉,六根村,576,1360,448,115,563,51,614
屏東縣,佳冬鄉,賴家村,577,804,334,90,424,45,469
屏東縣,佳冬鄉,萬建村,578,925,323,113,436,50,486
屏東縣,佳冬鄉,萬建村,579,855,299,91,390,8,398
屏東縣,佳冬鄉,石光村,580,981,341,119,460,31,491
屏東縣,佳冬鄉,石光村,581,1007,336,126,462,40,502
屏東縣,佳冬鄉,玉光村,582,872,278,105,383,41,424
屏東縣,佳冬鄉,玉光村,583,1255,401,135,536,38,574
屏東縣,佳冬鄉,昌隆村,584,995,438,83,521,54,575
屏東縣,佳冬鄉,豐隆村,585,734,217,83,300,26,326
屏東縣,佳冬鄉,大同村,586,1178,410,110,520,18,538
屏東縣,佳冬鄉,羌園村,587,1095,347,129,476,54,530
屏東縣,佳冬鄉,燄溫村,588,1097,481,69,550,61,611
屏東縣,佳冬鄉,塭豐村,589,1273,496,119,615,50,665
屏東縣,佳冬鄉,塭豐村,590,1160,492,132,624,30,654
屏東縣,琉球鄉,本福村,591,1111,329,109,438,30,468
屏東縣,琉球鄉,本福村,592,972,314,95,409,31,440
屏東縣,琉球鄉,中福村,593,1278,481,134,615,40,655
屏東縣,琉球鄉,漁福村,594,976,364,86,450,45,495
屏東縣,琉球鄉,大福村,595,1658,572,141,713,74,787
屏東縣,琉球鄉,南福村,596,1146,340,86,426,24,450
屏東縣,琉球鄉,天福村,597,1079,326,71,397,28,425
屏東縣,琉球鄉,上福村,598,1613,542,10,552,20,572
屏東縣,琉球鄉,杉福村,599,873,309,86,395,40,435
屏東縣,車城鄉,海口村,600,737,210,75,285,25,310
屏東縣,車城鄉,田中村,601,647,150,67,217,24,241
屏東縣,車城鄉,福興村,602,491,161,53,214,17,231
屏東縣,車城鄉,福興村,603,856,286,105,391,21,412
屏東縣,車城鄉,福安村,604,554,203,46,249,8,257
屏東縣,車城鄉,統埔村,605,388,105,32,137,7,144
屏東縣,車城鄉,溫泉村,606,922,250,100,350,24,374
屏東縣,車城鄉,保力村,607,597,146,59,205,10,215
屏東縣,車城鄉,保力村,608,623,167,45,212,10,222
屏東縣,車城鄉,新街村,609,425,138,51,189,12,201
屏東縣,車城鄉,埔墘村,610,428,166,33,199,16,215
屏東縣,車城鄉,射寮村,611,504,131,44,175,5,180
屏東縣,車城鄉,後灣村,612,423,144,47,191,19,210
屏東縣,滿州鄉,滿州村,613,1575,502,183,685,36,721
屏東縣,滿州鄉,里德村,614,420,147,44,191,9,200
屏東縣,滿州鄉,?林村,615,602,272,65,337,13,350
屏東縣,滿州鄉,永靖村,616,1302,405,89,494,19,513
屏東縣,滿州鄉,港口村,617,1314,430,139,569,47,616
屏東縣,滿州鄉,長樂村,618,1308,274,105,379,15,394
屏東縣,滿州鄉,九棚村,619,367,98,42,140,9,149
屏東縣,滿州鄉,港仔村,620,318,122,25,147,19,166
屏東縣,枋山鄉,枋山村,621,604,288,59,347,21,368
屏東縣,枋山鄉,枋山村,622,428,193,54,247,21,268
屏東縣,枋山鄉,加祿村,623,928,402,118,520,61,581
屏東縣,枋山鄉,加祿村,624,972,377,108,485,18,503
屏東縣,枋山鄉,楓港村,625,1041,335,110,445,31,476
屏東縣,枋山鄉,善餘村,626,883,236,84,320,16,336
屏東縣,三地門鄉,大社村,627,616,255,47,302,9,311
屏東縣,三地門鄉,德文村,628,572,267,66,333,26,359
屏東縣,三地門鄉,達來村,629,323,171,31,202,3,205
屏東縣,三地門鄉,三地村,630,1448,626,245,871,32,903
屏東縣,三地門鄉,賽嘉村,631,726,308,78,386,7,393
屏東縣,三地門鄉,口社村,632,554,215,81,296,14,310
屏東縣,三地門鄉,馬兒村,633,346,169,55,224,10,234
屏東縣,三地門鄉,安坡村,634,458,284,50,334,5,339
屏東縣,三地門鄉,青山村,635,692,361,94,455,14,469
屏東縣,三地門鄉,青葉村,636,638,308,99,407,44,451
屏東縣,霧臺鄉,霧台村,637,346,203,60,263,8,271
屏東縣,霧臺鄉,霧台村,638,677,392,107,499,16,515
屏東縣,霧臺鄉,霧台村,639,162,79,15,94,2,96
屏東縣,霧臺鄉,吉露村,640,189,97,16,113,4,117
屏東縣,霧臺鄉,阿禮村,641,296,199,27,226,8,234
屏東縣,霧臺鄉,好茶村,642,483,328,72,400,7,407
屏東縣,霧臺鄉,佳暮村,643,347,176,56,232,6,238
屏東縣,霧臺鄉,大武村,644,450,220,111,331,14,345
屏東縣,瑪家鄉,瑪家村,645,455,177,75,252,5,257
屏東縣,瑪家鄉,北葉村,646,821,406,129,535,15,550
屏東縣,瑪家鄉,三和村,647,635,347,92,439,29,468
屏東縣,瑪家鄉,三和村,648,695,412,86,498,27,525
屏東縣,瑪家鄉,三和村,649,671,417,76,493,12,505
屏東縣,瑪家鄉,?山村,650,1057,486,147,633,17,650
屏東縣,瑪家鄉,佳義村,651,900,429,108,537,16,553
屏東縣,瑪家鄉,排灣村,652,429,223,49,272,7,279
屏東縣,泰武鄉,佳平村,653,669,293,109,402,10,412
屏東縣,泰武鄉,佳平村,654,190,97,21,118,4,122
屏東縣,泰武鄉,武潭村,655,922,428,144,572,35,607
屏東縣,泰武鄉,平和村,656,598,367,85,452,10,462
屏東縣,泰武鄉,萬安村,657,771,388,87,475,28,503
屏東縣,泰武鄉,佳興村,658,414,247,38,285,18,303
屏東縣,泰武鄉,泰武村,659,780,373,90,463,19,482
屏東縣,來義鄉,來義村,660,917,481,88,569,52,621
屏東縣,來義鄉,義林村,661,361,175,45,220,13,233
屏東縣,來義鄉,義林村,662,216,120,15,135,0,135
屏東縣,來義鄉,丹林村,663,445,272,49,321,16,337
屏東縣,來義鄉,丹林村,664,280,152,22,174,8,182
屏東縣,來義鄉,古樓村,665,1097,492,117,609,39,648
屏東縣,來義鄉,文樂村,666,840,442,92,534,31,565
屏東縣,來義鄉,望嘉村,667,889,322,118,440,13,453
屏東縣,來義鄉,南和村,668,1212,434,155,589,33,622
屏東縣,春日鄉,春日村,669,909,301,87,388,10,398
屏東縣,春日鄉,古華村,670,663,268,88,356,9,365
屏東縣,春日鄉,士文村,671,304,105,17,122,0,122
屏東縣,春日鄉,七佳村,672,928,342,107,449,19,468
屏東縣,春日鄉,歸崇村,673,641,166,59,225,5,230
屏東縣,春日鄉,力里村,674,478,104,49,153,3,156
屏東縣,獅子鄉,楓林村,675,751,348,62,410,12,422
屏東縣,獅子鄉,丹路村,676,776,348,88,436,23,459
屏東縣,獅子鄉,草埔村,677,711,423,64,487,18,505
屏東縣,獅子鄉,內文村,678,243,137,34,171,16,187
屏東縣,獅子鄉,竹坑村,679,325,188,35,223,6,229
屏東縣,獅子鄉,獅子村,680,476,206,54,260,4,264
屏東縣,獅子鄉,內獅村,681,602,340,66,406,8,414
屏東縣,獅子鄉,南世村,682,346,125,43,168,6,174
屏東縣,牡丹鄉,石門村,683,342,104,34,138,5,143
屏東縣,牡丹鄉,石門村,684,1306,472,159,631,32,663
屏東縣,牡丹鄉,牡丹村,685,693,141,52,193,5,198
屏東縣,牡丹鄉,東源村,686,437,152,42,194,8,202
屏東縣,牡丹鄉,旭海村,687,392,148,44,192,4,196
屏東縣,牡丹鄉,高士村,688,593,207,90,297,7,304
屏東縣,牡丹鄉,四林村,689,551,103,31,134,2,136
臺東縣,臺東市,文化里,1,874,339,82,421,16,437
臺東縣,臺東市,民族里,2,1469,648,220,868,37,905
臺東縣,臺東市,自強里,3,1259,528,151,679,25,704
臺東縣,臺東市,自強里,4,1399,564,192,756,25,781
臺東縣,臺東市,自強里,5,1363,608,209,817,25,842
臺東縣,臺東市,民生里,6,1651,689,187,876,31,907
臺東縣,臺東市,民生里,7,1490,709,188,897,32,929
臺東縣,臺東市,寶桑里,8,859,343,93,436,24,460
臺東縣,臺東市,民權里,9,890,381,139,520,22,542
臺東縣,臺東市,四維里,10,651,284,72,356,21,377
臺東縣,臺東市,中華里,11,1650,614,192,806,24,830
臺東縣,臺東市,仁愛里,12,724,330,103,433,18,451
臺東縣,臺東市,強國里,13,632,279,87,366,16,382
臺東縣,臺東市,大同里,14,771,336,97,433,31,464
臺東縣,臺東市,成功里,15,798,312,99,411,17,428
臺東縣,臺東市,建國里,16,1299,533,137,670,49,719
臺東縣,臺東市,中正里,17,811,340,122,462,26,488
臺東縣,臺東市,中山里,18,764,362,115,477,16,493
臺東縣,臺東市,興國里,19,784,305,110,415,11,426
臺東縣,臺東市,鐵花里,20,427,163,56,219,6,225
臺東縣,臺東市,東海里,21,1292,485,145,630,26,656
臺東縣,臺東市,東海里,22,1501,739,137,876,1,877
臺東縣,臺東市,復國里,23,601,229,66,295,17,312
臺東縣,臺東市,復興里,24,417,144,69,213,9,222
臺東縣,臺東市,新興里,25,1001,427,103,530,34,564
臺東縣,臺東市,新生里,26,1638,707,214,921,33,954
臺東縣,臺東市,新生里,27,1576,662,176,838,37,875
臺東縣,臺東市,新生里,28,1595,654,198,852,40,892
臺東縣,臺東市,新生里,29,1734,720,225,945,24,969
臺東縣,臺東市,中心里,30,1476,614,202,816,40,856
臺東縣,臺東市,中心里,31,1545,656,255,911,23,934
臺東縣,臺東市,馬蘭里,32,1313,580,137,717,41,758
臺東縣,臺東市,馬蘭里,33,1338,644,151,795,24,819
臺東縣,臺東市,光明里,34,1312,607,128,735,17,752
臺東縣,臺東市,光明里,35,1265,569,161,730,18,748
臺東縣,臺東市,豐年里,36,1407,489,162,651,32,683
臺東縣,臺東市,豐年里,37,1552,575,155,730,31,761
臺東縣,臺東市,豐樂里,38,1445,600,164,764,49,813
臺東縣,臺東市,永樂里,39,2098,878,294,1172,46,1218
臺東縣,臺東市,康樂里,40,1324,588,140,728,58,786
臺東縣,臺東市,豐榮里,41,1598,696,168,864,23,887
臺東縣,臺東市,豐榮里,42,1513,619,163,782,22,804
臺東縣,臺東市,豐榮里,43,1679,650,185,835,23,858
臺東縣,臺東市,豐榮里,44,1414,557,190,747,26,773
臺東縣,臺東市,豐榮里,45,1798,699,238,937,22,959
臺東縣,臺東市,豐谷里,46,1749,638,178,816,36,852
臺東縣,臺東市,豐谷里,47,1709,690,193,883,59,942
臺東縣,臺東市,豐谷里,48,1629,651,178,829,31,860
臺東縣,臺東市,豐里里,49,1116,450,113,563,34,597
臺東縣,臺東市,豐里里,50,1259,423,137,560,17,577
臺東縣,臺東市,豐原里,51,1232,434,127,561,19,580
臺東縣,臺東市,富岡里,52,1505,543,159,702,69,771
臺東縣,臺東市,富豐里,53,836,298,80,378,26,404
臺東縣,臺東市,南榮里,54,1294,544,161,705,31,736
臺東縣,臺東市,南榮里,55,1350,513,166,679,44,723
臺東縣,臺東市,岩灣里,56,2162,878,250,1128,70,1198
臺東縣,臺東市,卑南里,57,1627,687,246,933,35,968
臺東縣,臺東市,卑南里,58,1140,504,150,654,25,679
臺東縣,臺東市,南王里,59,1359,550,163,713,22,735
臺東縣,臺東市,南王里,60,1329,553,156,709,30,739
臺東縣,臺東市,豐田里,61,990,398,100,498,20,518
臺東縣,臺東市,豐田里,62,1038,448,111,559,34,593
臺東縣,臺東市,新園里,63,1597,633,167,800,42,842
臺東縣,臺東市,建和里,64,1385,509,185,694,53,747
臺東縣,臺東市,建興里,65,939,325,114,439,12,451
臺東縣,臺東市,建業里,66,1258,426,122,548,28,576
臺東縣,臺東市,知本里,67,1350,484,159,643,7,650
臺東縣,臺東市,建農里,68,1058,397,95,492,14,506
臺東縣,臺東市,建農里,69,895,335,73,408,19,427
臺東縣,成功鎮,信義里,70,516,227,47,274,17,291
臺東縣,成功鎮,信義里,71,960,439,103,542,41,583
臺東縣,成功鎮,信義里,72,365,139,17,156,8,164
臺東縣,成功鎮,和平里,73,747,258,53,311,34,345
臺東縣,成功鎮,忠仁里,74,339,123,25,148,12,160
臺東縣,成功鎮,忠仁里,75,995,361,93,454,19,473
臺東縣,成功鎮,忠仁里,76,863,356,87,443,40,483
臺東縣,成功鎮,忠智里,77,931,302,76,378,34,412
臺東縣,成功鎮,忠智里,78,970,380,100,480,19,499
臺東縣,成功鎮,三民里,79,1365,514,126,640,60,700
臺東縣,成功鎮,三民里,80,1366,559,104,663,60,723
臺東縣,成功鎮,三仙里,81,516,204,41,245,20,265
臺東縣,成功鎮,三仙里,82,887,304,71,375,37,412
臺東縣,成功鎮,忠孝里,83,488,167,37,204,15,219
臺東縣,成功鎮,忠孝里,84,481,134,40,174,22,196
臺東縣,成功鎮,博愛里,85,373,135,21,156,5,161
臺東縣,成功鎮,博愛里,86,264,91,33,124,22,146
臺東縣,關山鎮,里?里,87,909,392,129,521,19,540
臺東縣,關山鎮,里?里,88,790,243,80,323,19,342
臺東縣,關山鎮,中福里,89,828,360,103,463,38,501
臺東縣,關山鎮,新福里,90,887,299,83,382,15,397
臺東縣,關山鎮,豐泉里,91,1137,463,122,585,38,623
臺東縣,關山鎮,月眉里,92,732,256,66,322,30,352
臺東縣,關山鎮,德高里,93,912,331,113,444,32,476
臺東縣,關山鎮,德高里,94,779,246,64,310,10,320
臺東縣,關山鎮,電光里,95,535,138,50,188,15,203
臺東縣,卑南鄉,賓朗村,96,1041,444,122,566,41,607
臺東縣,卑南鄉,賓朗村,97,1165,436,114,550,28,578
臺東縣,卑南鄉,美農村,98,219,72,18,90,13,103
臺東縣,卑南鄉,美農村,99,460,163,47,210,13,223
臺東縣,卑南鄉,美農村,100,387,108,36,144,11,155
臺東縣,卑南鄉,初鹿村,101,767,276,69,345,18,363
臺東縣,卑南鄉,初鹿村,102,503,211,45,256,17,273
臺東縣,卑南鄉,明峰村,103,727,243,71,314,38,352
臺東縣,卑南鄉,明峰村,104,436,173,39,212,19,231
臺東縣,卑南鄉,嘉豐村,105,261,64,24,88,8,96
臺東縣,卑南鄉,嘉豐村,106,215,77,29,106,11,117
臺東縣,卑南鄉,太平村,107,1442,518,252,770,39,809
臺東縣,卑南鄉,太平村,108,527,223,36,259,5,264
臺東縣,卑南鄉,太平村,109,1046,413,129,542,40,582
臺東縣,卑南鄉,泰安村,110,1110,432,121,553,44,597
臺東縣,卑南鄉,利嘉村,111,1105,456,145,601,33,634
臺東縣,卑南鄉,東興村,112,1167,564,126,690,45,735
臺東縣,卑南鄉,溫泉村,113,968,331,97,428,39,467
臺東縣,卑南鄉,溫泉村,114,159,43,16,59,3,62
臺東縣,卑南鄉,富山村,115,488,167,38,205,15,220
臺東縣,卑南鄉,富源村,116,347,159,29,188,16,204
臺東縣,卑南鄉,利吉村,117,436,174,40,214,24,238
臺東縣,鹿野鄉,鹿野村,118,522,139,52,191,6,197
臺東縣,鹿野鄉,鹿野村,119,574,221,70,291,21,312
臺東縣,鹿野鄉,龍田村,120,1055,292,109,401,24,425
臺東縣,鹿野鄉,永安村,121,1104,366,122,488,31,519
臺東縣,鹿野鄉,永安村,122,342,115,26,141,14,155
臺東縣,鹿野鄉,瑞隆村,123,895,316,75,391,32,423
臺東縣,鹿野鄉,瑞源村,124,864,275,100,375,47,422
臺東縣,鹿野鄉,瑞和村,125,675,204,67,271,21,292
臺東縣,鹿野鄉,瑞豐村,126,435,148,49,197,18,215
臺東縣,鹿野鄉,瑞豐村,127,470,114,48,162,26,188
臺東縣,池上鄉,福原村,128,992,341,108,449,23,472
臺東縣,池上鄉,福原村,129,929,384,107,491,25,516
臺東縣,池上鄉,福文村,130,434,146,36,182,29,211
臺東縣,池上鄉,福文村,131,703,202,66,268,40,308
臺東縣,池上鄉,慶豐村,132,654,213,54,267,19,286
臺東縣,池上鄉,大坡村,133,324,87,26,113,15,128
臺東縣,池上鄉,大埔村,134,794,252,81,333,28,361
臺東縣,池上鄉,新興村,135,856,316,74,390,25,415
臺東縣,池上鄉,錦園村,136,344,103,20,123,19,142
臺東縣,池上鄉,萬安村,137,311,116,36,152,22,174
臺東縣,池上鄉,富興村,138,386,99,27,126,11,137
臺東縣,池上鄉,振興村,139,435,98,33,131,20,151
臺東縣,東河鄉,都蘭村,140,290,98,22,120,8,128
臺東縣,東河鄉,都蘭村,141,620,268,66,334,18,352
臺東縣,東河鄉,都蘭村,142,1196,533,161,694,48,742
臺東縣,東河鄉,興昌村,143,918,324,86,410,46,456
臺東縣,東河鄉,隆昌村,144,555,211,41,252,9,261
臺東縣,東河鄉,東河村,145,977,320,84,404,23,427
臺東縣,東河鄉,泰源村,146,1197,281,69,350,27,377
臺東縣,東河鄉,北源村,147,867,158,40,198,15,213
臺東縣,東河鄉,北源村,148,345,110,27,137,11,148
臺東縣,東河鄉,北源村,149,408,116,40,156,14,170
臺東縣,東河鄉,尚德村,150,262,87,21,108,6,114
臺東縣,長濱鄉,寧埔村,151,536,210,67,277,32,309
臺東縣,長濱鄉,寧埔村,152,689,167,44,211,20,231
臺東縣,長濱鄉,竹湖村,153,913,366,80,446,64,510
臺東縣,長濱鄉,長濱村,154,1268,381,88,469,18,487
臺東縣,長濱鄉,長濱村,155,725,259,84,343,27,370
臺東縣,長濱鄉,忠勇村,156,532,121,34,155,4,159
臺東縣,長濱鄉,三間村,157,660,194,49,243,36,279
臺東縣,長濱鄉,三間村,158,336,93,11,104,5,109
臺東縣,長濱鄉,三間村,159,195,45,13,58,6,64
臺東縣,長濱鄉,樟原村,160,25,9,0,9,4,13
臺東縣,長濱鄉,樟原村,161,605,192,47,239,30,269
臺東縣,太麻里鄉,美和村,162,722,274,81,355,29,384
臺東縣,太麻里鄉,美和村,163,575,232,53,285,13,298
臺東縣,太麻里鄉,三和村,164,623,225,62,287,27,314
臺東縣,太麻里鄉,華源村,165,622,229,51,280,24,304
臺東縣,太麻里鄉,北里村,166,560,226,54,280,13,293
臺東縣,太麻里鄉,大王村,167,957,454,80,534,26,560
臺東縣,太麻里鄉,大王村,168,809,323,68,391,19,410
臺東縣,太麻里鄉,泰和村,169,673,300,98,398,18,416
臺東縣,太麻里鄉,泰和村,170,737,298,58,356,24,380
臺東縣,太麻里鄉,香蘭村,171,424,187,38,225,17,242
臺東縣,太麻里鄉,香蘭村,172,374,133,38,171,8,179
臺東縣,太麻里鄉,金崙村,173,829,442,98,540,10,550
臺東縣,太麻里鄉,金崙村,174,869,435,81,516,12,528
臺東縣,太麻里鄉,多良村,175,223,95,17,112,9,121
臺東縣,太麻里鄉,多良村,176,669,275,55,330,35,365
臺東縣,大武鄉,南興村,177,568,298,46,344,7,351
臺東縣,大武鄉,尚武村,178,1474,527,138,665,72,737
臺東縣,大武鄉,大武村,179,1327,537,139,676,32,708
臺東縣,大武鄉,大鳥村,180,1134,377,117,494,48,542
臺東縣,大武鄉,大竹村,181,386,173,39,212,10,222
臺東縣,大武鄉,大竹村,182,377,160,41,201,18,219
臺東縣,綠島鄉,南寮村,183,1474,446,171,617,16,633
臺東縣,綠島鄉,中寮村,184,1082,325,131,456,16,472
臺東縣,綠島鄉,公?村,185,813,256,111,367,14,381
臺東縣,綠島鄉,公?村,186,210,72,30,102,2,104
臺東縣,海端鄉,加拿村,187,497,200,53,253,10,263
臺東縣,海端鄉,崁頂村,188,569,272,45,317,13,330
臺東縣,海端鄉,海端村,189,971,374,99,473,15,488
臺東縣,海端鄉,廣原村,190,728,308,62,370,24,394
臺東縣,海端鄉,霧鹿村,191,259,116,24,140,8,148
臺東縣,海端鄉,利稻村,192,254,112,33,145,3,148
臺東縣,延平鄉,桃源村,193,1014,421,115,536,22,558
臺東縣,延平鄉,紅葉村,194,426,228,46,274,23,297
臺東縣,延平鄉,永康村,195,315,174,29,203,6,209
臺東縣,延平鄉,武陵村,196,579,291,64,355,7,362
臺東縣,延平鄉,鸞山村,197,596,212,53,265,10,275
臺東縣,金峰鄉,嘉蘭村,198,1241,571,134,705,19,724
臺東縣,金峰鄉,正興村,199,601,333,85,418,15,433
臺東縣,金峰鄉,新興村,200,520,256,106,362,31,393
臺東縣,金峰鄉,賓茂村,201,336,153,29,182,9,191
臺東縣,金峰鄉,歷坵村,202,330,214,43,257,8,265
臺東縣,達仁鄉,安朔村,203,246,124,21,145,9,154
臺東縣,達仁鄉,安朔村,204,340,194,28,222,3,225
臺東縣,達仁鄉,南田村,205,296,150,37,187,8,195
臺東縣,達仁鄉,森永村,206,429,235,46,281,12,293
臺東縣,達仁鄉,新化村,207,331,195,30,225,9,234
臺東縣,達仁鄉,台?村,208,628,220,73,293,10,303
臺東縣,達仁鄉,土?村,209,867,328,117,445,29,474
臺東縣,蘭嶼鄉,椰油村,210,943,291,87,378,14,392
臺東縣,蘭嶼鄉,紅頭村,211,1238,377,130,507,18,525
臺東縣,蘭嶼鄉,東清村,212,1240,370,91,461,9,470
臺東縣,蘭嶼鄉,朗島村,213,760,179,91,270,9,279
花蓮縣,花蓮市,民德里,1,1522,631,228,859,9,868
花蓮縣,花蓮市,民勤里,2,1114,473,155,628,24,652
花蓮縣,花蓮市,民勤里,3,670,277,87,364,13,377
花蓮縣,花蓮市,民勤里,4,1397,530,194,724,14,738
花蓮縣,花蓮市,民意里,5,470,176,52,228,11,239
花蓮縣,花蓮市,民意里,6,838,339,70,409,28,437
花蓮縣,花蓮市,民意里,7,721,263,45,308,10,318
花蓮縣,花蓮市,民心里,8,918,386,116,502,30,532
花蓮縣,花蓮市,民享里,9,1539,562,225,787,25,812
花蓮縣,花蓮市,民享里,10,1403,569,159,728,20,748
花蓮縣,花蓮市,民孝里,11,1068,535,21,556,12,568
花蓮縣,花蓮市,民孝里,12,1167,485,145,630,16,646
花蓮縣,花蓮市,民孝里,13,1259,566,163,729,28,757
花蓮縣,花蓮市,民運里,14,1071,448,114,562,33,595
花蓮縣,花蓮市,民運里,15,925,385,127,512,17,529
花蓮縣,花蓮市,民政里,16,1141,502,181,683,30,713
花蓮縣,花蓮市,民政里,17,1163,453,155,608,9,617
花蓮縣,花蓮市,民政里,18,1279,556,177,733,18,751
花蓮縣,花蓮市,民立里,19,1512,553,184,737,18,755
花蓮縣,花蓮市,民樂里,20,615,245,80,325,9,334
花蓮縣,花蓮市,民有里,21,606,248,98,346,11,357
花蓮縣,花蓮市,民主里,22,559,220,56,276,5,281
花蓮縣,花蓮市,民族里,23,442,190,56,246,4,250
花蓮縣,花蓮市,民生里,24,1114,434,127,561,17,578
花蓮縣,花蓮市,民權里,25,416,178,54,232,9,241
花蓮縣,花蓮市,主商里,26,577,262,82,344,11,355
花蓮縣,花蓮市,主勤里,27,810,343,129,472,22,494
花蓮縣,花蓮市,主工里,28,538,224,70,294,15,309
花蓮縣,花蓮市,主信里,29,566,223,69,292,18,310
花蓮縣,花蓮市,主義里,30,469,205,61,266,6,272
花蓮縣,花蓮市,主睦里,31,565,234,81,315,11,326
花蓮縣,花蓮市,主計里,32,816,294,94,388,16,404
花蓮縣,花蓮市,主和里,33,911,363,100,463,19,482
花蓮縣,花蓮市,主和里,34,1029,412,102,514,25,539
花蓮縣,花蓮市,主和里,35,1043,463,130,593,23,616
花蓮縣,花蓮市,主學里,36,856,362,116,478,17,495
花蓮縣,花蓮市,主學里,37,979,388,142,530,15,545
花蓮縣,花蓮市,主農里,38,1331,551,173,724,30,754
花蓮縣,花蓮市,主農里,39,1228,519,161,680,16,696
花蓮縣,花蓮市,主農里,40,955,419,109,528,19,547
花蓮縣,花蓮市,主安里,41,1268,470,156,626,19,645
花蓮縣,花蓮市,主安里,42,1230,479,143,622,23,645
花蓮縣,花蓮市,主權里,43,1369,585,155,740,34,774
花蓮縣,花蓮市,主權里,44,1435,482,171,653,22,675
花蓮縣,花蓮市,主權里,45,1164,476,142,618,21,639
花蓮縣,花蓮市,主權里,46,1249,552,164,716,26,742
花蓮縣,花蓮市,主力里,47,1184,470,153,623,35,658
花蓮縣,花蓮市,主力里,48,1490,556,209,765,17,782
花蓮縣,花蓮市,國風里,49,1022,458,158,616,25,641
花蓮縣,花蓮市,國風里,50,1135,477,140,617,20,637
花蓮縣,花蓮市,國風里,51,1084,478,112,590,20,610
花蓮縣,花蓮市,國威里,52,1339,350,130,480,19,499
花蓮縣,花蓮市,國威里,53,501,219,69,288,13,301
花蓮縣,花蓮市,國治里,54,904,377,116,493,11,504
花蓮縣,花蓮市,國安里,55,490,222,72,294,10,304
花蓮縣,花蓮市,國光里,56,1192,426,128,554,25,579
花蓮縣,花蓮市,國防里,57,869,314,105,419,16,435
花蓮縣,花蓮市,國華里,58,1267,488,169,657,20,677
花蓮縣,花蓮市,國華里,59,959,412,127,539,19,558
花蓮縣,花蓮市,國魂里,60,993,415,112,527,18,545
花蓮縣,花蓮市,國魂里,61,982,380,139,519,33,552
花蓮縣,花蓮市,國聯里,62,1311,462,170,632,13,645
花蓮縣,花蓮市,國聯里,63,1455,540,180,720,30,750
花蓮縣,花蓮市,國盛里,64,1151,422,108,530,8,538
花蓮縣,花蓮市,國盛里,65,1237,467,131,598,12,610
花蓮縣,花蓮市,國盛里,66,1339,445,175,620,26,646
花蓮縣,花蓮市,國強里,67,715,296,97,393,25,418
花蓮縣,花蓮市,國強里,68,1000,411,131,542,18,560
花蓮縣,花蓮市,國富里,69,1410,516,164,680,20,700
花蓮縣,花蓮市,國富里,70,1303,527,166,693,16,709
花蓮縣,花蓮市,國富里,71,1256,516,139,655,19,674
花蓮縣,花蓮市,國富里,72,1105,478,123,601,35,636
花蓮縣,花蓮市,國裕里,73,1089,396,141,537,21,558
花蓮縣,花蓮市,國裕里,74,1043,401,112,513,17,530
花蓮縣,花蓮市,國裕里,75,1080,476,132,608,12,620
花蓮縣,花蓮市,國裕里,76,971,427,117,544,4,548
花蓮縣,花蓮市,國慶里,77,1068,413,171,584,29,613
花蓮縣,花蓮市,國興里,78,1379,520,155,675,18,693
花蓮縣,花蓮市,國興里,79,1362,516,182,698,19,717
花蓮縣,花蓮市,國興里,80,1323,520,216,736,22,758
花蓮縣,花蓮市,國福里,81,1482,518,148,666,15,681
花蓮縣,新城鄉,新城村,82,367,159,50,209,5,214
花蓮縣,新城鄉,新城村,83,929,364,87,451,21,472
花蓮縣,新城鄉,順安村,84,590,238,75,313,44,357
花蓮縣,新城鄉,順安村,85,307,117,40,157,16,173
花蓮縣,新城鄉,康樂村,86,260,120,27,147,14,161
花蓮縣,新城鄉,康樂村,87,1283,511,169,680,39,719
花蓮縣,新城鄉,康樂村,88,885,370,74,444,19,463
花蓮縣,新城鄉,大漢村,89,770,316,101,417,32,449
花蓮縣,新城鄉,大漢村,90,1363,564,153,717,23,740
花蓮縣,新城鄉,大漢村,91,366,140,45,185,10,195
花蓮縣,新城鄉,北埔村,92,1163,428,131,559,31,590
花蓮縣,新城鄉,北埔村,93,1605,632,197,829,25,854
花蓮縣,新城鄉,北埔村,94,1194,509,131,640,21,661
花蓮縣,新城鄉,佳林村,95,979,421,112,533,24,557
花蓮縣,新城鄉,嘉里村,96,1485,625,175,800,27,827
花蓮縣,新城鄉,嘉里村,97,1070,416,121,537,22,559
花蓮縣,新城鄉,嘉里村,98,1164,452,163,615,20,635
花蓮縣,新城鄉,嘉新村,99,880,350,85,435,35,470
花蓮縣,新城鄉,嘉新村,100,369,139,39,178,8,186
花蓮縣,秀林鄉,和平村,101,867,347,75,422,28,450
花蓮縣,秀林鄉,和平村,102,575,214,82,296,11,307
花蓮縣,秀林鄉,崇德村,103,1373,424,111,535,31,566
花蓮縣,秀林鄉,富世村,104,1644,616,140,756,35,791
花蓮縣,秀林鄉,富世村,105,162,77,11,88,2,90
花蓮縣,秀林鄉,秀林村,106,384,134,48,182,19,201
花蓮縣,秀林鄉,秀林村,107,1382,468,155,623,43,666
花蓮縣,秀林鄉,景美村,108,1125,437,139,576,25,601
花蓮縣,秀林鄉,景美村,109,627,215,80,295,19,314
花蓮縣,秀林鄉,佳民村,110,987,403,118,521,30,551
花蓮縣,秀林鄉,水源村,111,1139,500,147,647,56,703
花蓮縣,秀林鄉,銅門村,112,1213,559,100,659,11,670
花蓮縣,秀林鄉,文蘭村,113,754,317,97,414,16,430
花蓮縣,秀林鄉,文蘭村,114,330,134,22,156,9,165
花蓮縣,吉安鄉,永安村,115,1059,414,124,538,21,559
花蓮縣,吉安鄉,永安村,116,983,386,128,514,33,547
花蓮縣,吉安鄉,永安村,117,1031,423,107,530,34,564
花蓮縣,吉安鄉,永安村,118,1105,422,128,550,21,571
花蓮縣,吉安鄉,太昌村,119,1107,531,28,559,23,582
花蓮縣,吉安鄉,太昌村,120,1179,439,126,565,26,591
花蓮縣,吉安鄉,太昌村,121,1453,489,146,635,32,667
花蓮縣,吉安鄉,慶豐村,122,1432,595,208,803,40,843
花蓮縣,吉安鄉,慶豐村,123,1320,532,167,699,30,729
花蓮縣,吉安鄉,慶豐村,124,1356,536,145,681,23,704
花蓮縣,吉安鄉,慶豐村,125,1295,518,139,657,22,679
花蓮縣,吉安鄉,慶豐村,126,1467,590,175,765,33,798
花蓮縣,吉安鄉,吉安村,127,1515,598,175,773,18,791
花蓮縣,吉安鄉,吉安村,128,1063,467,140,607,23,630
花蓮縣,吉安鄉,吉安村,129,1284,409,147,556,11,567
花蓮縣,吉安鄉,吉安村,130,1380,557,190,747,27,774
花蓮縣,吉安鄉,福興村,131,1297,537,173,710,27,737
花蓮縣,吉安鄉,福興村,132,1662,599,212,811,50,861
花蓮縣,吉安鄉,南華村,133,1563,563,156,719,39,758
花蓮縣,吉安鄉,干城村,134,1288,472,107,579,42,621
花蓮縣,吉安鄉,永興村,135,907,403,109,512,17,529
花蓮縣,吉安鄉,永興村,136,917,362,91,453,21,474
花蓮縣,吉安鄉,永興村,137,1021,398,117,515,11,526
花蓮縣,吉安鄉,稻香村,138,1033,447,136,583,31,614
花蓮縣,吉安鄉,稻香村,139,966,413,113,526,29,555
花蓮縣,吉安鄉,稻香村,140,1188,469,123,592,35,627
花蓮縣,吉安鄉,南昌村,141,1480,592,155,747,27,774
花蓮縣,吉安鄉,南昌村,142,1393,506,140,646,29,675
花蓮縣,吉安鄉,南昌村,143,1193,458,129,587,25,612
花蓮縣,吉安鄉,宜昌村,144,1445,527,148,675,28,703
花蓮縣,吉安鄉,宜昌村,145,1301,490,152,642,70,712
花蓮縣,吉安鄉,宜昌村,146,1215,515,145,660,32,692
花蓮縣,吉安鄉,北昌村,147,1135,459,136,595,16,611
花蓮縣,吉安鄉,北昌村,148,1223,549,127,676,17,693
花蓮縣,吉安鄉,北昌村,149,1274,540,139,679,20,699
花蓮縣,吉安鄉,北昌村,150,1124,453,121,574,24,598
花蓮縣,吉安鄉,北昌村,151,1158,476,157,633,18,651
花蓮縣,吉安鄉,北昌村,152,1157,483,156,639,10,649
花蓮縣,吉安鄉,勝安村,153,1258,515,153,668,26,694
花蓮縣,吉安鄉,勝安村,154,1257,499,144,643,27,670
花蓮縣,吉安鄉,勝安村,155,1245,499,144,643,10,653
花蓮縣,吉安鄉,勝安村,156,1166,479,162,641,8,649
花蓮縣,吉安鄉,仁里村,157,1358,555,134,689,23,712
花蓮縣,吉安鄉,仁里村,158,1214,490,117,607,22,629
花蓮縣,吉安鄉,仁里村,159,1151,451,134,585,29,614
花蓮縣,吉安鄉,仁里村,160,1157,494,136,630,18,648
花蓮縣,吉安鄉,仁里村,161,1161,504,140,644,15,659
花蓮縣,吉安鄉,東昌村,162,1304,538,177,715,22,737
花蓮縣,吉安鄉,東昌村,163,1367,533,163,696,28,724
花蓮縣,吉安鄉,東昌村,164,1411,495,148,643,19,662
花蓮縣,吉安鄉,東昌村,165,1409,537,136,673,13,686
花蓮縣,吉安鄉,仁安村,166,1125,419,100,519,20,539
花蓮縣,吉安鄉,仁安村,167,1213,511,120,631,39,670
花蓮縣,吉安鄉,仁和村,168,1141,497,118,615,11,626
花蓮縣,吉安鄉,仁和村,169,1156,424,104,528,19,547
花蓮縣,吉安鄉,仁和村,170,1092,427,107,534,31,565
花蓮縣,吉安鄉,仁和村,171,1026,348,94,442,25,467
花蓮縣,吉安鄉,光華村,172,804,335,75,410,18,428
花蓮縣,吉安鄉,光華村,173,1132,481,123,604,25,629
花蓮縣,壽豐鄉,溪口村,174,1052,425,87,512,33,545
花蓮縣,壽豐鄉,樹湖村,175,357,165,36,201,17,218
花蓮縣,壽豐鄉,豐山村,176,1022,379,91,470,45,515
花蓮縣,壽豐鄉,豐山村,177,875,409,108,517,31,548
花蓮縣,壽豐鄉,豐裡村,178,691,293,102,395,31,426
花蓮縣,壽豐鄉,豐裡村,179,708,288,63,351,18,369
花蓮縣,壽豐鄉,豐坪村,180,894,328,107,435,40,475
花蓮縣,壽豐鄉,壽豐村,181,746,300,91,391,16,407
花蓮縣,壽豐鄉,壽豐村,182,881,349,101,450,24,474
花蓮縣,壽豐鄉,共和村,183,695,327,87,414,17,431
花蓮縣,壽豐鄉,光榮村,184,816,386,98,484,38,522
花蓮縣,壽豐鄉,池南村,185,773,301,73,374,21,395
花蓮縣,壽豐鄉,平和村,186,1029,432,125,557,33,590
花蓮縣,壽豐鄉,平和村,187,407,203,40,243,14,257
花蓮縣,壽豐鄉,志學村,188,1139,468,143,611,41,652
花蓮縣,壽豐鄉,志學村,189,996,365,184,549,25,574
花蓮縣,壽豐鄉,志學村,190,414,143,36,179,10,189
花蓮縣,壽豐鄉,米棧村,191,270,116,30,146,11,157
花蓮縣,壽豐鄉,月眉村,192,836,378,86,464,24,488
花蓮縣,壽豐鄉,鹽寮村,193,507,224,66,290,20,310
花蓮縣,壽豐鄉,水璉村,194,739,238,50,288,28,316
花蓮縣,鳳林鎮,鳳仁里,195,1192,567,113,680,55,735
花蓮縣,鳳林鎮,鳳義里,196,639,249,55,304,22,326
花蓮縣,鳳林鎮,鳳禮里,197,601,297,75,372,30,402
花蓮縣,鳳林鎮,鳳智里,198,1137,540,146,686,43,729
花蓮縣,鳳林鎮,鳳信里,199,742,300,87,387,30,417
花蓮縣,鳳林鎮,鳳信里,200,610,275,58,333,18,351
花蓮縣,鳳林鎮,山興里,201,295,128,44,172,20,192
花蓮縣,鳳林鎮,山興里,202,218,67,9,76,1,77
花蓮縣,鳳林鎮,大榮里,203,720,241,63,304,27,331
花蓮縣,鳳林鎮,大榮里,204,528,206,65,271,20,291
花蓮縣,鳳林鎮,北林里,205,560,220,60,280,13,293
花蓮縣,鳳林鎮,南平里,206,541,221,45,266,25,291
花蓮縣,鳳林鎮,林榮里,207,818,338,81,419,45,464
花蓮縣,鳳林鎮,長橋里,208,984,312,87,399,35,434
花蓮縣,鳳林鎮,森榮里,209,91,31,10,41,9,50
花蓮縣,光復鄉,大華村,210,1295,552,144,696,36,732
花蓮縣,光復鄉,大安村,211,859,363,110,473,36,509
花蓮縣,光復鄉,大平村,212,958,442,82,524,50,574
花蓮縣,光復鄉,大馬村,213,1011,447,86,533,59,592
花蓮縣,光復鄉,大同村,214,1041,458,102,560,46,606
花蓮縣,光復鄉,東富村,215,821,323,86,409,47,456
花蓮縣,光復鄉,東富村,216,188,45,7,52,6,58
花蓮縣,光復鄉,西富村,217,514,213,48,261,22,283
花蓮縣,光復鄉,西富村,218,446,148,30,178,14,192
花蓮縣,光復鄉,南富村,219,851,380,70,450,31,481
花蓮縣,光復鄉,北富村,220,932,296,91,387,23,410
花蓮縣,光復鄉,大進村,221,471,201,50,251,17,268
花蓮縣,光復鄉,大全村,222,640,242,68,310,47,357
花蓮縣,光復鄉,大全村,223,116,41,4,45,3,48
花蓮縣,光復鄉,大興村,224,496,140,34,174,8,182
花蓮縣,光復鄉,大富村,225,324,108,30,138,8,146
花蓮縣,光復鄉,大豐村,226,454,131,28,159,20,179
花蓮縣,豐濱鄉,靜浦村,227,717,256,75,331,19,350
花蓮縣,豐濱鄉,港口村,228,751,215,90,305,21,326
花蓮縣,豐濱鄉,豐濱村,229,613,216,58,274,24,298
花蓮縣,豐濱鄉,豐濱村,230,809,361,87,448,23,471
花蓮縣,豐濱鄉,豐濱村,231,357,115,23,138,5,143
花蓮縣,豐濱鄉,新社村,232,669,248,72,320,21,341
花蓮縣,豐濱鄉,磯崎村,233,479,163,56,219,7,226
花蓮縣,萬榮鄉,西林村,234,1072,433,126,559,44,603
花蓮縣,萬榮鄉,見晴村,235,560,252,52,304,6,310
花蓮縣,萬榮鄉,萬榮村,236,773,378,80,458,25,483
花蓮縣,萬榮鄉,明利村,237,661,258,57,315,11,326
花蓮縣,萬榮鄉,馬遠村,238,442,226,39,265,15,280
花蓮縣,萬榮鄉,馬遠村,239,675,283,55,338,23,361
花蓮縣,萬榮鄉,紅葉村,240,1086,546,152,698,48,746
花蓮縣,瑞穗鄉,瑞穗村,241,813,370,71,441,32,473
花蓮縣,瑞穗鄉,瑞穗村,242,1091,462,109,571,35,606
花蓮縣,瑞穗鄉,瑞美村,243,839,372,94,466,12,478
花蓮縣,瑞穗鄉,瑞美村,244,975,435,87,522,35,557
花蓮縣,瑞穗鄉,瑞良村,245,546,206,42,248,11,259
花蓮縣,瑞穗鄉,瑞祥村,246,1002,420,115,535,36,571
花蓮縣,瑞穗鄉,瑞北村,247,593,202,46,248,28,276
花蓮縣,瑞穗鄉,舞鶴村,248,965,400,105,505,51,556
花蓮縣,瑞穗鄉,鶴岡村,249,863,361,84,445,33,478
花蓮縣,瑞穗鄉,奇美村,250,340,95,12,107,6,113
花蓮縣,瑞穗鄉,富源村,251,764,260,60,320,34,354
花蓮縣,瑞穗鄉,富民村,252,868,209,46,255,13,268
花蓮縣,瑞穗鄉,富興村,253,620,195,31,226,10,236
花蓮縣,玉里鎮,中城里,254,1008,409,109,518,31,549
花蓮縣,玉里鎮,中城里,255,939,445,78,523,37,560
花蓮縣,玉里鎮,中城里,256,1256,506,114,620,38,658
花蓮縣,玉里鎮,中城里,257,929,362,106,468,41,509
花蓮縣,玉里鎮,中城里,258,979,405,106,511,25,536
花蓮縣,玉里鎮,國武里,259,1244,547,149,696,34,730
花蓮縣,玉里鎮,啟模里,260,847,301,90,391,27,418
花蓮縣,玉里鎮,啟模里,261,772,276,78,354,28,382
花蓮縣,玉里鎮,泰昌里,262,558,206,57,263,16,279
花蓮縣,玉里鎮,泰昌里,263,800,200,45,245,16,261
花蓮縣,玉里鎮,永昌里,264,1286,469,95,564,39,603
花蓮縣,玉里鎮,源城里,265,1246,446,108,554,44,598
花蓮縣,玉里鎮,長良里,266,647,247,64,311,37,348
花蓮縣,玉里鎮,樂合里,267,990,311,54,365,25,390
花蓮縣,玉里鎮,東豐里,268,530,204,42,246,21,267
花蓮縣,玉里鎮,觀音里,269,979,323,68,391,35,426
花蓮縣,玉里鎮,觀音里,270,557,249,34,283,37,320
花蓮縣,玉里鎮,松浦里,271,434,160,26,186,21,207
花蓮縣,玉里鎮,松浦里,272,1065,280,60,340,54,394
花蓮縣,玉里鎮,春日里,273,866,348,75,423,45,468
花蓮縣,玉里鎮,德武里,274,769,327,55,382,22,404
花蓮縣,玉里鎮,三民里,275,869,256,83,339,32,371
花蓮縣,玉里鎮,大禹里,276,1080,320,86,406,44,450
花蓮縣,富里鄉,吳江村,277,467,153,28,181,18,199
花蓮縣,富里鄉,東里村,278,1032,289,73,362,44,406
花蓮縣,富里鄉,萬寧村,279,638,220,40,260,23,283
花蓮縣,富里鄉,新興村,280,591,241,51,292,29,321
花蓮縣,富里鄉,竹田村,281,1087,429,118,547,46,593
花蓮縣,富里鄉,羅山村,282,431,153,56,209,15,224
花蓮縣,富里鄉,石牌村,283,893,315,81,396,38,434
花蓮縣,富里鄉,明里村,284,361,108,25,133,16,149
花蓮縣,富里鄉,富里村,285,1362,386,116,502,47,549
花蓮縣,富里鄉,永豐村,286,458,165,40,205,33,238
花蓮縣,富里鄉,豐南村,287,621,135,40,175,33,208
花蓮縣,富里鄉,富南村,288,493,176,41,217,26,243
花蓮縣,富里鄉,學田村,289,631,224,56,280,21,301
花蓮縣,卓溪鄉,崙山村,290,533,212,56,268,25,293
花蓮縣,卓溪鄉,立山村,291,522,255,63,318,21,339
花蓮縣,卓溪鄉,立山村,292,493,233,74,307,10,317
花蓮縣,卓溪鄉,太平村,293,701,373,49,422,19,441
花蓮縣,卓溪鄉,卓溪村,294,746,337,79,416,27,443
花蓮縣,卓溪鄉,卓清村,295,616,287,67,354,35,389
花蓮縣,卓溪鄉,卓清村,296,405,156,39,195,7,202
花蓮縣,卓溪鄉,古風村,297,329,145,28,173,7,180
花蓮縣,卓溪鄉,古風村,298,428,198,29,227,9,236
花蓮縣,卓溪鄉,古風村,299,174,82,12,94,4,98
澎湖縣,馬公市,復興里,1,481,162,47,209,16,225
澎湖縣,馬公市,長安里,2,558,225,55,280,8,288
澎湖縣,馬公市,中央里,3,533,190,50,240,24,264
澎湖縣,馬公市,啟明里,4,922,348,121,469,16,485
澎湖縣,馬公市,重慶里,5,1021,391,138,529,26,555
澎湖縣,馬公市,中興里,6,793,291,97,388,18,406
澎湖縣,馬公市,光復里,7,954,365,124,489,24,513
澎湖縣,馬公市,光復里,8,1001,362,119,481,21,502
澎湖縣,馬公市,光明里,9,1192,383,132,515,21,536
澎湖縣,馬公市,光榮里,10,1402,490,135,625,34,659
澎湖縣,馬公市,光榮里,11,1389,543,165,708,25,733
澎湖縣,馬公市,光榮里,12,1339,508,163,671,27,698
澎湖縣,馬公市,朝陽里,13,1254,449,133,582,26,608
澎湖縣,馬公市,朝陽里,14,1194,457,114,571,30,601
澎湖縣,馬公市,朝陽里,15,1393,478,154,632,41,673
澎湖縣,馬公市,朝陽里,16,1440,538,192,730,21,751
澎湖縣,馬公市,陽明里,17,1215,416,157,573,28,601
澎湖縣,馬公市,陽明里,18,1284,487,119,606,27,633
澎湖縣,馬公市,重光里,19,1512,554,160,714,32,746
澎湖縣,馬公市,西衛里,20,1181,419,126,545,29,574
澎湖縣,馬公市,西衛里,21,1348,502,152,654,24,678
澎湖縣,馬公市,西衛里,22,1391,511,188,699,18,717
澎湖縣,馬公市,西衛里,23,2124,287,644,931,14,945
澎湖縣,馬公市,西文里,24,1500,575,142,717,24,741
澎湖縣,馬公市,西文里,25,1582,609,151,760,20,780
澎湖縣,馬公市,東文里,26,1638,600,172,772,18,790
澎湖縣,馬公市,東文里,27,1554,597,189,786,26,812
澎湖縣,馬公市,案山里,28,980,280,89,369,17,386
澎湖縣,馬公市,案山里,29,892,335,100,435,16,451
澎湖縣,馬公市,光華里,30,778,229,82,311,11,322
澎湖縣,馬公市,前寮里,31,930,362,99,461,19,480
澎湖縣,馬公市,石泉里,32,1481,669,189,858,22,880
澎湖縣,馬公市,石泉里,33,1128,471,120,591,13,604
澎湖縣,馬公市,菜園里,34,415,179,35,214,15,229
澎湖縣,馬公市,東衛里,35,1120,423,119,542,18,560
澎湖縣,馬公市,東衛里,36,950,407,83,490,26,516
澎湖縣,馬公市,安宅里,37,627,216,52,268,13,281
澎湖縣,馬公市,興仁里,38,1055,420,116,536,14,550
澎湖縣,馬公市,烏崁里,39,989,409,89,498,24,522
澎湖縣,馬公市,鐵線里,40,591,233,71,304,28,332
澎湖縣,馬公市,鎖港里,41,1387,474,140,614,48,662
澎湖縣,馬公市,鎖港里,42,1079,332,97,429,39,468
澎湖縣,馬公市,山水里,43,797,307,74,381,24,405
澎湖縣,馬公市,山水里,44,903,327,87,414,16,430
澎湖縣,馬公市,五德里,45,376,103,54,157,18,175
澎湖縣,馬公市,井垵里,46,371,139,49,188,7,195
澎湖縣,馬公市,?裡里,47,1173,398,87,485,15,500
澎湖縣,馬公市,風櫃里,48,1389,407,104,511,18,529
澎湖縣,馬公市,虎井里,49,761,159,37,196,18,214
澎湖縣,馬公市,桶盤里,50,288,126,42,168,10,178
澎湖縣,湖西鄉,湖西村,51,1120,456,105,561,22,583
澎湖縣,湖西鄉,湖東村,52,332,104,27,131,10,141
澎湖縣,湖西鄉,青螺村,53,242,73,18,91,3,94
澎湖縣,湖西鄉,白坑村,54,293,84,25,109,6,115
澎湖縣,湖西鄉,南寮村,55,666,203,47,250,26,276
澎湖縣,湖西鄉,北寮村,56,326,127,28,155,8,163
澎湖縣,湖西鄉,紅羅村,57,732,220,66,286,13,299
澎湖縣,湖西鄉,西溪村,58,651,235,59,294,6,300
澎湖縣,湖西鄉,成功村,59,744,242,78,320,14,334
澎湖縣,湖西鄉,東石村,60,134,55,17,72,1,73
澎湖縣,湖西鄉,沙港村,61,794,213,74,287,14,301
澎湖縣,湖西鄉,中西村,62,216,62,15,77,1,78
澎湖縣,湖西鄉,鼎灣村,63,664,151,42,193,3,196
澎湖縣,湖西鄉,潭邊村,64,279,108,18,126,9,135
澎湖縣,湖西鄉,許家村,65,296,130,20,150,4,154
澎湖縣,湖西鄉,城北村,66,257,87,34,121,0,121
澎湖縣,湖西鄉,太武村,67,89,23,5,28,1,29
澎湖縣,湖西鄉,隘門村,68,815,275,104,379,21,400
澎湖縣,湖西鄉,林投村,69,975,309,70,379,18,397
澎湖縣,湖西鄉,尖山村,70,648,241,63,304,18,322
澎湖縣,湖西鄉,龍門村,71,893,286,86,372,21,393
澎湖縣,湖西鄉,龍門村,72,846,308,92,400,38,438
澎湖縣,湖西鄉,?葉村,73,729,224,60,284,8,292
澎湖縣,白沙鄉,中屯村,74,514,192,62,254,4,258
澎湖縣,白沙鄉,講美村,75,657,253,72,325,14,339
澎湖縣,白沙鄉,城前村,76,109,58,10,68,4,72
澎湖縣,白沙鄉,鎮海村,77,156,50,15,65,4,69
澎湖縣,白沙鄉,港子村,78,293,87,30,117,6,123
澎湖縣,白沙鄉,岐頭村,79,231,55,15,70,5,75
澎湖縣,白沙鄉,小赤村,80,161,62,20,82,5,87
澎湖縣,白沙鄉,赤崁村,81,1705,602,160,762,31,793
澎湖縣,白沙鄉,瓦硐村,82,285,99,22,121,6,127
澎湖縣,白沙鄉,後寮村,83,723,172,53,225,5,230
澎湖縣,白沙鄉,通梁村,84,774,211,55,266,23,289
澎湖縣,白沙鄉,吉貝村,85,1429,398,84,482,36,518
澎湖縣,白沙鄉,鳥嶼村,86,1084,410,68,478,30,508
澎湖縣,白沙鄉,員貝村,87,251,99,23,122,5,127
澎湖縣,白沙鄉,大倉村,88,253,60,22,82,9,91
澎湖縣,西嶼鄉,橫礁村,89,283,45,8,53,0,53
澎湖縣,西嶼鄉,合界村,90,424,85,26,111,10,121
澎湖縣,西嶼鄉,竹灣村,91,826,207,55,262,30,292
澎湖縣,西嶼鄉,小門村,92,282,70,31,101,9,110
澎湖縣,西嶼鄉,大池村,93,661,174,67,241,23,264
澎湖縣,西嶼鄉,二崁村,94,141,21,8,29,2,31
澎湖縣,西嶼鄉,池東村,95,635,164,37,201,6,207
澎湖縣,西嶼鄉,池西村,96,216,63,9,72,3,75
澎湖縣,西嶼鄉,赤馬村,97,572,109,23,132,14,146
澎湖縣,西嶼鄉,內垵村,98,1267,373,86,459,60,519
澎湖縣,西嶼鄉,外垵村,99,942,239,51,290,20,310
澎湖縣,西嶼鄉,外垵村,100,1133,292,113,405,45,450
澎湖縣,望安鄉,東安村,101,734,231,80,311,20,331
澎湖縣,望安鄉,西安村,102,454,159,25,184,6,190
澎湖縣,望安鄉,中社村,103,300,84,24,108,6,114
澎湖縣,望安鄉,水垵村,104,471,172,46,218,20,238
澎湖縣,望安鄉,將軍村,105,672,182,54,236,9,245
澎湖縣,望安鄉,將軍村,106,742,250,57,307,7,314
澎湖縣,望安鄉,東吉村,107,264,92,17,109,2,111
澎湖縣,望安鄉,東坪村,108,476,151,57,208,4,212
澎湖縣,望安鄉,西坪村,109,208,41,20,61,4,65
澎湖縣,望安鄉,花嶼村,110,307,72,16,88,3,91
澎湖縣,七美鄉,東湖村,111,248,48,17,65,3,68
澎湖縣,七美鄉,西湖村,112,581,145,51,196,8,204
澎湖縣,七美鄉,中和村,113,641,140,70,210,18,228
澎湖縣,七美鄉,平和村,114,382,95,23,118,3,121
澎湖縣,七美鄉,海豐村,115,351,61,20,81,4,85
澎湖縣,七美鄉,南港村,116,1171,238,78,316,6,322
基隆市,中正區,長潭里,1,466,190,59,249,12,261
基隆市,中正區,砂子里,2,1262,408,136,544,14,558
基隆市,中正區,砂子里,3,1171,384,136,520,40,560
基隆市,中正區,砂子里,4,2823,781,287,1068,13,1081
基隆市,中正區,八斗里,5,1474,478,156,634,37,671
基隆市,中正區,碧砂里,6,1271,390,133,523,37,560
基隆市,中正區,新富里,7,2707,856,293,1149,31,1180
基隆市,中正區,新富里,8,1545,557,165,722,31,753
基隆市,中正區,新富里,9,761,243,69,312,12,324
基隆市,中正區,新豐里,10,1352,443,196,639,19,658
基隆市,中正區,新豐里,11,1413,578,71,649,13,662
基隆市,中正區,新豐里,12,2665,803,321,1124,26,1150
基隆市,中正區,平寮里,13,1261,434,140,574,27,601
基隆市,中正區,社寮里,14,1753,619,223,842,52,894
基隆市,中正區,和憲里,15,984,320,109,429,18,447
基隆市,中正區,海濱里,16,1166,448,102,550,21,571
基隆市,中正區,正濱里,17,973,322,125,447,29,476
基隆市,中正區,中正里,18,1694,419,201,620,20,640
基隆市,中正區,中濱里,19,1270,451,164,615,21,636
基隆市,中正區,建國里,20,1090,438,133,571,18,589
基隆市,中正區,建國里,21,870,345,109,454,17,471
基隆市,中正區,砂灣里,22,1138,392,149,541,35,576
基隆市,中正區,砂灣里,23,862,296,86,382,39,421
基隆市,中正區,真砂里,24,1341,515,176,691,46,737
基隆市,中正區,正砂里,25,859,339,106,445,24,469
基隆市,中正區,正砂里,26,1457,475,185,660,16,676
基隆市,中正區,中砂里,27,1594,453,177,630,23,653
基隆市,中正區,入船里,28,802,292,101,393,36,429
基隆市,中正區,正船里,29,1267,438,149,587,36,623
基隆市,中正區,中船里,30,1175,412,166,578,45,623
基隆市,中正區,港通里,31,1210,491,162,653,29,682
基隆市,中正區,義重里,32,1037,373,143,516,36,552
基隆市,中正區,正義里,33,1219,434,171,605,38,643
基隆市,中正區,信義里,34,904,320,125,445,29,474
基隆市,中正區,德義里,35,709,308,111,419,26,445
基隆市,信義區,仁壽里,36,1096,397,194,591,27,618
基隆市,信義區,仁義里,37,1232,502,212,714,22,736
基隆市,信義區,義昭里,38,1184,460,210,670,14,684
基隆市,信義區,義幸里,39,1133,482,154,636,31,667
基隆市,信義區,義幸里,40,1188,466,178,644,26,670
基隆市,信義區,義民里,41,725,299,106,405,22,427
基隆市,信義區,義和里,42,1524,499,188,687,37,724
基隆市,信義區,智慧里,43,736,273,124,397,16,413
基隆市,信義區,智誠里,44,611,233,82,315,12,327
基隆市,信義區,智誠里,45,951,347,120,467,12,479
基隆市,信義區,禮儀里,46,1616,597,229,826,32,858
基隆市,信義區,禮東里,47,1516,579,223,802,24,826
基隆市,信義區,信綠里,48,1049,396,136,532,21,553
基隆市,信義區,信綠里,49,1069,372,178,550,12,562
基隆市,信義區,東信里,50,727,294,115,409,15,424
基隆市,信義區,東信里,51,929,381,159,540,17,557
基隆市,信義區,東信里,52,1118,461,208,669,23,692
基隆市,信義區,東信里,53,1339,487,241,728,26,754
基隆市,信義區,東光里,54,999,374,140,514,15,529
基隆市,信義區,東光里,55,764,296,104,400,8,408
基隆市,信義區,東明里,56,1555,537,199,736,22,758
基隆市,信義區,東明里,57,2015,677,310,987,16,1003
基隆市,信義區,東安里,58,1268,512,191,703,21,724
基隆市,信義區,東安里,59,1569,559,244,803,31,834
基隆市,信義區,孝賢里,60,1985,661,274,935,25,960
基隆市,信義區,孝賢里,61,1476,590,204,794,18,812
基隆市,信義區,孝忠里,62,1493,539,278,817,24,841
基隆市,信義區,孝忠里,63,1249,505,239,744,22,766
基隆市,信義區,孝忠里,64,1559,555,216,771,19,790
基隆市,信義區,孝忠里,65,1168,406,163,569,12,581
基隆市,信義區,孝忠里,66,1602,597,212,809,18,827
基隆市,信義區,孝德里,67,1485,493,176,669,26,695
基隆市,信義區,孝德里,68,1009,380,134,514,19,533
基隆市,信義區,孝深里,69,2016,631,206,837,33,870
基隆市,信義區,孝深里,70,1764,571,177,748,20,768
基隆市,信義區,孝岡里,71,1295,488,195,683,21,704
基隆市,仁愛區,林泉里,72,1782,600,200,800,51,851
基隆市,仁愛區,花崗里,73,1055,370,155,525,24,549
基隆市,仁愛區,虹橋里,74,1558,522,209,731,19,750
基隆市,仁愛區,水錦里,75,1736,663,215,878,28,906
基隆市,仁愛區,智仁里,76,1243,530,178,708,25,733
基隆市,仁愛區,智仁里,77,1109,447,150,597,30,627
基隆市,仁愛區,和明里,78,1684,689,245,934,32,966
基隆市,仁愛區,忠勇里,79,919,338,153,491,20,511
基隆市,仁愛區,玉田里,80,991,335,170,505,11,516
基隆市,仁愛區,仁德里,81,876,357,126,483,8,491
基隆市,仁愛區,博愛里,82,1046,425,159,584,28,612
基隆市,仁愛區,博愛里,83,434,186,66,252,11,263
基隆市,仁愛區,福仁里,84,764,315,109,424,30,454
基隆市,仁愛區,誠仁里,85,968,344,145,489,18,507
基隆市,仁愛區,吉仁里,86,1326,471,175,646,40,686
基隆市,仁愛區,吉仁里,87,1315,404,141,545,27,572
基隆市,仁愛區,育仁里,88,775,323,111,434,17,451
基隆市,仁愛區,英仁里,89,652,251,98,349,27,376
基隆市,仁愛區,英仁里,90,674,263,99,362,17,379
基隆市,仁愛區,龍門里,91,789,284,102,386,26,412
基隆市,仁愛區,德厚里,92,1715,636,224,860,40,900
基隆市,仁愛區,曲水里,93,849,304,125,429,33,462
基隆市,仁愛區,崇文里,94,875,354,123,477,13,490
基隆市,仁愛區,文安里,95,851,291,118,409,26,435
基隆市,仁愛區,兆連里,96,735,301,112,413,14,427
基隆市,仁愛區,獅球里,97,1009,365,143,508,30,538
基隆市,仁愛區,書院里,98,1082,364,143,507,33,540
基隆市,仁愛區,朝棟里,99,1278,447,175,622,42,664
基隆市,仁愛區,朝棟里,100,1519,618,237,855,23,878
基隆市,仁愛區,光華里,101,1336,417,170,587,19,606
基隆市,仁愛區,光華里,102,1178,512,167,679,28,707
基隆市,仁愛區,明德里,103,708,254,106,360,21,381
基隆市,仁愛區,同風里,104,567,242,96,338,17,355
基隆市,仁愛區,文昌里,105,751,253,129,382,34,416
基隆市,仁愛區,新店里,106,589,228,110,338,17,355
基隆市,中山區,新建里,107,796,292,106,398,22,420
基隆市,中山區,安民里,108,1036,468,149,617,27,644
基隆市,中山區,安平里,109,756,325,99,424,17,441
基隆市,中山區,中山里,110,957,308,150,458,17,475
基隆市,中山區,民治里,111,802,309,112,421,7,428
基隆市,中山區,中興里,112,1263,471,475,946,35,981
基隆市,中山區,仁正里,113,778,320,115,435,14,449
基隆市,中山區,健民里,114,1180,451,147,598,68,666
基隆市,中山區,通化里,115,990,343,115,458,24,482
基隆市,中山區,居仁里,116,1332,398,145,543,29,572
基隆市,中山區,通明里,117,848,268,113,381,26,407
基隆市,中山區,通明里,118,922,330,109,439,16,455
基隆市,中山區,和平里,119,459,203,55,258,14,272
基隆市,中山區,仙洞里,120,574,224,48,272,19,291
基隆市,中山區,太白里,121,877,305,125,430,25,455
基隆市,中山區,協和里,122,1584,490,215,705,19,724
基隆市,中山區,文化里,123,1319,365,115,480,16,496
基隆市,中山區,德安里,124,1938,698,262,960,38,998
基隆市,中山區,德安里,125,1877,601,289,890,20,910
基隆市,中山區,德和里,126,2088,794,315,1109,29,1138
基隆市,中山區,德和里,127,1946,711,311,1022,22,1044
基隆市,中山區,德和里,128,1353,548,189,737,31,768
基隆市,中山區,中和里,129,1317,607,65,672,33,705
基隆市,中山區,中和里,130,870,332,142,474,21,495
基隆市,中山區,中和里,131,1322,510,184,694,23,717
基隆市,中山區,中和里,132,1295,425,182,607,13,620
基隆市,中山區,中和里,133,756,333,110,443,17,460
基隆市,中山區,和慶里,134,1602,518,205,723,19,742
基隆市,中山區,和慶里,135,1568,546,193,739,15,754
基隆市,中山區,和慶里,136,1404,524,189,713,25,738
基隆市,中山區,和慶里,137,1909,711,213,924,20,944
基隆市,中山區,西康里,138,1642,509,203,712,50,762
基隆市,中山區,西定里,139,932,363,103,466,15,481
基隆市,中山區,西華里,140,849,384,111,495,24,519
基隆市,中山區,西榮里,141,715,265,132,397,25,422
基隆市,安樂區,新西里,142,1361,497,123,620,46,666
基隆市,安樂區,西川里,143,1213,462,126,588,19,607
基隆市,安樂區,定國里,144,1026,356,102,458,12,470
基隆市,安樂區,定邦里,145,1038,442,151,593,36,629
基隆市,安樂區,慈仁里,146,897,344,140,484,36,520
基隆市,安樂區,干城里,147,1401,521,203,724,25,749
基隆市,安樂區,干城里,148,641,178,60,238,8,246
基隆市,安樂區,永康里,149,1472,501,216,717,21,738
基隆市,安樂區,永康里,150,472,192,61,253,11,264
基隆市,安樂區,安和里,151,841,368,126,494,12,506
基隆市,安樂區,樂一里,152,571,205,89,294,19,313
基隆市,安樂區,嘉仁里,153,1901,684,261,945,30,975
基隆市,安樂區,嘉仁里,154,1349,475,192,667,34,701
基隆市,安樂區,三民里,155,1225,464,146,610,18,628
基隆市,安樂區,三民里,156,1351,532,189,721,30,751
基隆市,安樂區,壯觀里,157,1601,602,286,888,26,914
基隆市,安樂區,壯觀里,158,2513,936,329,1265,29,1294
基隆市,安樂區,四維里,159,1613,587,261,848,24,872
基隆市,安樂區,四維里,160,1731,660,271,931,19,950
基隆市,安樂區,四維里,161,1424,562,268,830,18,848
基隆市,安樂區,五福里,162,1806,666,222,888,33,921
基隆市,安樂區,五福里,163,1679,630,264,894,45,939
基隆市,安樂區,六合里,164,1902,685,310,995,24,1019
基隆市,安樂區,六合里,165,2040,600,405,1005,30,1035
基隆市,安樂區,七賢里,166,1313,489,191,680,34,714
基隆市,安樂區,七賢里,167,1243,443,167,610,18,628
基隆市,安樂區,長樂里,168,1759,608,262,870,33,903
基隆市,安樂區,長樂里,169,694,269,156,425,13,438
基隆市,安樂區,長樂里,170,866,339,197,536,15,551
基隆市,安樂區,鶯歌里,171,1557,474,196,670,18,688
基隆市,安樂區,鶯歌里,172,1411,479,220,699,23,722
基隆市,安樂區,鶯安里,173,1568,597,277,874,18,892
基隆市,安樂區,鶯安里,174,1400,489,213,702,26,728
基隆市,安樂區,鶯安里,175,1531,537,248,785,10,795
基隆市,安樂區,興寮里,176,1673,585,224,809,11,820
基隆市,安樂區,興寮里,177,1054,398,143,541,21,562
基隆市,安樂區,興寮里,178,1923,557,241,798,24,822
基隆市,安樂區,外寮里,179,1960,745,276,1021,32,1053
基隆市,安樂區,外寮里,180,1962,702,256,958,30,988
基隆市,安樂區,新崙里,181,2117,787,278,1065,38,1103
基隆市,安樂區,新崙里,182,1829,608,257,865,24,889
基隆市,安樂區,武崙里,183,1529,519,205,724,15,739
基隆市,安樂區,武崙里,184,1869,634,287,921,29,950
基隆市,安樂區,武崙里,185,1140,455,170,625,9,634
基隆市,安樂區,中崙里,186,1641,574,242,816,33,849
基隆市,安樂區,內寮里,187,1279,476,162,638,25,663
基隆市,安樂區,內寮里,188,1360,485,198,683,20,703
基隆市,安樂區,內寮里,189,1399,495,233,728,38,766
基隆市,安樂區,內寮里,190,1251,435,188,623,21,644
基隆市,暖暖區,八西里,191,1431,490,195,685,24,709
基隆市,暖暖區,八中里,192,456,186,50,236,6,242
基隆市,暖暖區,八堵里,193,637,252,95,347,16,363
基隆市,暖暖區,八南里,194,735,304,119,423,20,443
基隆市,暖暖區,過港里,195,1078,398,112,510,19,529
基隆市,暖暖區,過港里,196,1238,419,191,610,27,637
基隆市,暖暖區,過港里,197,1325,467,195,662,18,680
基隆市,暖暖區,暖暖里,198,1475,532,240,772,23,795
基隆市,暖暖區,暖暖里,199,1179,394,170,564,14,578
基隆市,暖暖區,暖同里,200,1110,459,186,645,17,662
基隆市,暖暖區,暖同里,201,1443,564,91,655,28,683
基隆市,暖暖區,暖東里,202,415,152,61,213,14,227
基隆市,暖暖區,暖西里,203,1378,465,218,683,15,698
基隆市,暖暖區,暖西里,204,1570,569,232,801,25,826
基隆市,暖暖區,暖西里,205,1603,637,261,898,44,942
基隆市,暖暖區,碇內里,206,1267,518,199,717,19,736
基隆市,暖暖區,碇內里,207,1359,526,165,691,27,718
基隆市,暖暖區,碇和里,208,970,431,120,551,23,574
基隆市,暖暖區,碇和里,209,1002,330,192,522,12,534
基隆市,暖暖區,碇和里,210,944,333,147,480,13,493
基隆市,暖暖區,碇祥里,211,1500,582,248,830,17,847
基隆市,暖暖區,碇祥里,212,1442,436,153,589,10,599
基隆市,暖暖區,碇祥里,213,1165,437,187,624,10,634
基隆市,暖暖區,碇祥里,214,1610,563,242,805,23,828
基隆市,暖暖區,碇安里,215,1328,498,224,722,18,740
基隆市,暖暖區,碇安里,216,1173,457,161,618,11,629
基隆市,暖暖區,碇安里,217,1019,388,204,592,15,607
基隆市,暖暖區,碇安里,218,1373,534,211,745,9,754
基隆市,七堵區,長興里,219,1258,527,143,670,33,703
基隆市,七堵區,長興里,220,1237,499,166,665,20,685
基隆市,七堵區,長興里,221,1259,460,193,653,17,670
基隆市,七堵區,正光里,222,1120,389,145,534,44,578
基隆市,七堵區,正光里,223,1344,462,159,621,23,644
基隆市,七堵區,正明里,224,1011,442,152,594,25,619
基隆市,七堵區,正明里,225,925,359,133,492,12,504
基隆市,七堵區,富民里,226,1735,709,231,940,38,978
基隆市,七堵區,富民里,227,1833,733,274,1007,31,1038
基隆市,七堵區,永平里,228,938,386,134,520,17,537
基隆市,七堵區,永平里,229,962,400,151,551,23,574
基隆市,七堵區,永安里,230,1191,473,187,660,22,682
基隆市,七堵區,永安里,231,999,425,132,557,18,575
基隆市,七堵區,八德里,232,282,98,37,135,4,139
基隆市,七堵區,八德里,233,1243,436,178,614,26,640
基隆市,七堵區,自強里,234,1092,404,148,552,30,582
基隆市,七堵區,泰安里,235,1246,472,164,636,35,671
基隆市,七堵區,泰安里,236,1722,599,240,839,28,867
基隆市,七堵區,泰安里,237,1318,520,173,693,24,717
基隆市,七堵區,六堵里,238,975,374,104,478,10,488
基隆市,七堵區,六堵里,239,1285,459,192,651,25,676
基隆市,七堵區,堵南里,240,1077,353,137,490,31,521
基隆市,七堵區,堵南里,241,989,332,118,450,21,471
基隆市,七堵區,長安里,242,1193,431,153,584,17,601
基隆市,七堵區,長安里,243,1273,412,175,587,32,619
基隆市,七堵區,堵北里,244,1774,638,275,913,51,964
基隆市,七堵區,堵北里,245,1689,618,246,864,41,905
基隆市,七堵區,百福里,246,1355,381,282,663,29,692
基隆市,七堵區,百福里,247,1512,498,239,737,32,769
基隆市,七堵區,百福里,248,1486,530,187,717,14,731
基隆市,七堵區,百福里,249,1706,623,232,855,16,871
基隆市,七堵區,實踐里,250,1384,542,187,729,29,758
基隆市,七堵區,實踐里,251,1045,433,180,613,20,633
基隆市,七堵區,實踐里,252,1374,514,201,715,20,735
基隆市,七堵區,瑪南里,253,428,159,67,226,9,235
基隆市,七堵區,瑪東里,254,326,142,43,185,15,200
基隆市,七堵區,瑪西里,255,351,191,51,242,9,251
基隆市,七堵區,友一里,256,1871,627,250,877,18,895
基隆市,七堵區,友二里,257,448,181,46,227,8,235
新竹市,東區,育賢里,1,1512,348,158,506,10,516
新竹市,東區,親仁里,2,953,368,205,573,13,586
新竹市,東區,親仁里,3,729,270,137,407,14,421
新竹市,東區,東門里,4,566,248,88,336,18,354
新竹市,東區,成功里,5,640,255,101,356,18,374
新竹市,東區,榮光里,6,305,107,52,159,14,173
新竹市,東區,中正里,7,563,248,89,337,11,348
新竹市,東區,錦華里,8,741,283,127,410,10,420
新竹市,東區,錦華里,9,1041,388,210,598,14,612
新竹市,東區,文華里,10,1615,574,282,856,28,884
新竹市,東區,文華里,11,1287,507,215,722,26,748
新竹市,東區,文華里,12,1554,644,246,890,13,903
新竹市,東區,復中里,13,1388,548,257,805,19,824
新竹市,東區,復中里,14,1419,570,267,837,31,868
新竹市,東區,復中里,15,1355,490,234,724,32,756
新竹市,東區,復興里,16,1490,573,248,821,23,844
新竹市,東區,復興里,17,1615,639,262,901,20,921
新竹市,東區,復興里,18,1672,643,305,948,21,969
新竹市,東區,三民里,19,1062,391,216,607,21,628
新竹市,東區,三民里,20,1315,498,232,730,23,753
新竹市,東區,三民里,21,1000,409,165,574,23,597
新竹市,東區,三民里,22,1337,534,229,763,30,793
新竹市,東區,東園里,23,1747,590,346,936,15,951
新竹市,東區,東園里,24,1600,581,356,937,20,957
新竹市,東區,東園里,25,1158,436,197,633,23,656
新竹市,東區,東園里,26,828,345,175,520,21,541
新竹市,東區,公園里,27,1573,565,279,844,30,874
新竹市,東區,公園里,28,1550,599,267,866,24,890
新竹市,東區,建華里,29,1317,499,236,735,24,759
新竹市,東區,建華里,30,1040,405,214,619,30,649
新竹市,東區,東山里,31,935,452,100,552,15,567
新竹市,東區,東山里,32,1074,427,179,606,14,620
新竹市,東區,東山里,33,1133,475,206,681,20,701
新竹市,東區,綠水里,34,1262,498,230,728,30,758
新竹市,東區,綠水里,35,1199,472,206,678,9,687
新竹市,東區,綠水里,36,1226,504,243,747,22,769
新竹市,東區,綠水里,37,1377,548,306,854,31,885
新竹市,東區,綠水里,38,991,399,219,618,19,637
新竹市,東區,東勢里,39,1271,492,229,721,42,763
新竹市,東區,東勢里,40,1012,417,218,635,18,653
新竹市,東區,光復里,41,1001,406,157,563,29,592
新竹市,東區,光復里,42,1603,520,297,817,32,849
新竹市,東區,前溪里,43,1236,582,89,671,30,701
新竹市,東區,前溪里,44,1532,567,168,735,23,758
新竹市,東區,水源里,45,1306,545,184,729,19,748
新竹市,東區,水源里,46,1073,446,153,599,36,635
新竹市,東區,水源里,47,952,369,176,545,9,554
新竹市,東區,千甲里,48,1298,464,172,636,18,654
新竹市,東區,千甲里,49,778,341,101,442,10,452
新竹市,東區,豐功里,50,1195,418,262,680,25,705
新竹市,東區,豐功里,51,1569,561,269,830,38,868
新竹市,東區,豐功里,52,1533,595,347,942,20,962
新竹市,東區,武功里,53,1336,602,188,790,23,813
新竹市,東區,武功里,54,1367,558,229,787,23,810
新竹市,東區,武功里,55,1289,520,251,771,20,791
新竹市,東區,軍功里,56,960,385,153,538,14,552
新竹市,東區,軍功里,57,843,342,174,516,22,538
新竹市,東區,軍功里,58,948,417,136,553,25,578
新竹市,東區,立功里,59,915,370,123,493,27,520
新竹市,東區,建功里,60,1801,725,289,1014,36,1050
新竹市,東區,建功里,61,1079,424,178,602,24,626
新竹市,東區,建功里,62,676,279,132,411,12,423
新竹市,東區,光明里,63,1132,439,208,647,30,677
新竹市,東區,光明里,64,251,81,64,145,7,152
新竹市,東區,光明里,65,1620,581,326,907,34,941
新竹市,東區,龍山里,66,1479,463,315,778,23,801
新竹市,東區,龍山里,67,1402,438,298,736,20,756
新竹市,東區,龍山里,68,1280,453,263,716,22,738
新竹市,東區,龍山里,69,1228,399,324,723,10,733
新竹市,東區,龍山里,70,1157,300,332,632,6,638
新竹市,東區,龍山里,71,1354,497,250,747,23,770
新竹市,東區,科園里,72,1334,532,315,847,26,873
新竹市,東區,科園里,73,1234,514,222,736,20,756
新竹市,東區,科園里,74,1398,593,278,871,26,897
新竹市,東區,科園里,75,928,315,245,560,11,571
新竹市,東區,科園里,76,1368,555,289,844,24,868
新竹市,東區,埔頂里,77,1215,443,223,666,21,687
新竹市,東區,埔頂里,78,1067,408,146,554,21,575
新竹市,東區,埔頂里,79,1194,305,336,641,15,656
新竹市,東區,埔頂里,80,1193,320,306,626,15,641
新竹市,東區,新莊里,81,1388,519,251,770,38,808
新竹市,東區,新莊里,82,1267,513,219,732,22,754
新竹市,東區,新莊里,83,1299,512,207,719,13,732
新竹市,東區,新莊里,84,1288,455,266,721,18,739
新竹市,東區,關新里,85,1228,400,330,730,19,749
新竹市,東區,關新里,86,1135,360,324,684,10,694
新竹市,東區,關新里,87,1237,428,348,776,12,788
新竹市,東區,關東里,88,1135,445,148,593,20,613
新竹市,東區,關東里,89,1165,434,157,591,26,617
新竹市,東區,關東里,90,1124,418,198,616,18,634
新竹市,東區,關東里,91,1210,468,226,694,21,715
新竹市,東區,金山里,92,1323,480,210,690,27,717
新竹市,東區,金山里,93,1207,489,163,652,15,667
新竹市,東區,金山里,94,1264,445,176,621,24,645
新竹市,東區,金山里,95,1248,427,249,676,13,689
新竹市,東區,仙水里,96,1400,550,290,840,32,872
新竹市,東區,仙水里,97,1473,549,327,876,16,892
新竹市,東區,仙水里,98,1367,480,252,732,38,770
新竹市,東區,仙宮里,99,1233,579,133,712,16,728
新竹市,東區,關帝里,100,507,202,75,277,9,286
新竹市,東區,南門里,101,714,278,123,401,21,422
新竹市,東區,南市里,102,875,339,148,487,28,515
新竹市,東區,福德里,103,1396,569,196,765,37,802
新竹市,東區,振興里,104,1232,460,200,660,29,689
新竹市,東區,振興里,105,1323,435,249,684,34,718
新竹市,東區,振興里,106,1516,510,220,730,16,746
新竹市,東區,振興里,107,1453,484,241,725,22,747
新竹市,東區,新興里,108,880,364,127,491,26,517
新竹市,東區,新興里,109,1058,425,136,561,19,580
新竹市,東區,新興里,110,1061,405,170,575,26,601
新竹市,東區,寺前里,111,710,298,106,404,22,426
新竹市,東區,竹蓮里,112,752,315,118,433,27,460
新竹市,東區,下竹里,113,475,224,66,290,13,303
新竹市,東區,頂竹里,114,880,308,148,456,26,482
新竹市,東區,頂竹里,115,989,384,185,569,17,586
新竹市,東區,頂竹里,116,1059,411,179,590,24,614
新竹市,東區,南大里,117,607,234,109,343,29,372
新竹市,東區,南大里,118,815,301,149,450,27,477
新竹市,東區,新光里,119,777,337,130,467,17,484
新竹市,東區,新光里,120,1399,484,210,694,19,713
新竹市,東區,新光里,121,1216,462,196,658,23,681
新竹市,東區,光鎮里,122,1062,383,147,530,31,561
新竹市,東區,光鎮里,123,1046,450,162,612,17,629
新竹市,東區,光鎮里,124,1332,511,189,700,11,711
新竹市,東區,高峰里,125,1350,499,241,740,30,770
新竹市,東區,高峰里,126,1438,514,222,736,21,757
新竹市,東區,高峰里,127,1414,533,192,725,32,757
新竹市,東區,高峰里,128,1476,559,288,847,19,866
新竹市,東區,湖濱里,129,1326,575,218,793,24,817
新竹市,東區,湖濱里,130,927,368,217,585,16,601
新竹市,東區,湖濱里,131,1273,518,207,725,14,739
新竹市,東區,柴橋里,132,1315,479,203,682,26,708
新竹市,東區,柴橋里,133,1413,533,261,794,22,816
新竹市,東區,柴橋里,134,1064,359,198,557,22,579
新竹市,東區,柴橋里,135,1244,473,294,767,18,785
新竹市,東區,明湖里,136,1160,446,168,614,8,622
新竹市,東區,明湖里,137,1398,471,221,692,12,704
新竹市,東區,明湖里,138,1384,384,175,559,11,570
新竹市,東區,明湖里,139,874,383,126,509,30,539
新竹市,北區,中央里,140,477,193,68,261,7,268
新竹市,北區,西門里,141,535,224,84,308,21,329
新竹市,北區,潛園里,142,746,287,128,415,34,449
新竹市,北區,石坊里,143,546,207,79,286,14,300
新竹市,北區,仁德里,144,711,305,114,419,23,442
新竹市,北區,崇禮里,145,1143,445,148,593,24,617
新竹市,北區,興南里,146,1370,497,211,708,26,734
新竹市,北區,育英里,147,1390,493,229,722,24,746
新竹市,北區,育英里,148,962,347,194,541,17,558
新竹市,北區,育英里,149,1237,447,229,676,16,692
新竹市,北區,台溪里,150,1604,534,234,768,28,796
新竹市,北區,曲溪里,151,758,281,91,372,18,390
新竹市,北區,曲溪里,152,1320,480,188,668,24,692
新竹市,北區,曲溪里,153,1519,523,211,734,45,779
新竹市,北區,曲溪里,154,347,90,37,127,7,134
新竹市,北區,曲溪里,155,1212,515,178,693,33,726
新竹市,北區,西雅里,156,1484,549,245,794,20,814
新竹市,北區,西雅里,157,1428,523,225,748,44,792
新竹市,北區,客雅里,158,1128,506,144,650,17,667
新竹市,北區,客雅里,159,638,236,109,345,15,360
新竹市,北區,中雅里,160,1222,518,163,681,33,714
新竹市,北區,中雅里,161,1076,389,173,562,20,582
新竹市,北區,中雅里,162,937,413,176,589,13,602
新竹市,北區,南勢里,163,1394,556,178,734,39,773
新竹市,北區,南勢里,164,1568,584,217,801,31,832
新竹市,北區,南勢里,165,1159,452,216,668,38,706
新竹市,北區,大鵬里,166,252,76,28,104,1,105
新竹市,北區,大同里,167,761,320,144,464,18,482
新竹市,北區,中山里,168,788,310,141,451,22,473
新竹市,北區,中興里,169,561,256,85,341,18,359
新竹市,北區,新民里,170,1558,528,247,775,54,829
新竹市,北區,長和里,171,1398,461,228,689,26,715
新竹市,北區,北門里,172,957,373,142,515,23,538
新竹市,北區,民富里,173,1195,503,173,676,28,704
新竹市,北區,民富里,174,1236,396,200,596,19,615
新竹市,北區,民富里,175,1255,454,182,636,34,670
新竹市,北區,民富里,176,1114,434,191,625,19,644
新竹市,北區,磐石里,177,1396,542,215,757,22,779
新竹市,北區,磐石里,178,1456,584,219,803,35,838
新竹市,北區,磐石里,179,1374,510,228,738,20,758
新竹市,北區,磐石里,180,1070,407,147,554,26,580
新竹市,北區,新雅里,181,1142,479,136,615,31,646
新竹市,北區,新雅里,182,1103,412,164,576,19,595
新竹市,北區,新雅里,183,1190,469,168,637,42,679
新竹市,北區,新雅里,184,1089,490,167,657,19,676
新竹市,北區,文雅里,185,1272,429,185,614,8,622
新竹市,北區,文雅里,186,1306,535,170,705,35,740
新竹市,北區,文雅里,187,1328,491,231,722,27,749
新竹市,北區,水田里,188,1457,520,235,755,18,773
新竹市,北區,水田里,189,1492,549,247,796,31,827
新竹市,北區,光田里,190,1160,474,198,672,35,707
新竹市,北區,光田里,191,971,416,139,555,20,575
新竹市,北區,光華里,192,1401,308,143,451,5,456
新竹市,北區,光華里,193,1340,485,264,749,26,775
新竹市,北區,光華里,194,1371,524,275,799,26,825
新竹市,北區,金華里,195,1267,460,218,678,24,702
新竹市,北區,金華里,196,1073,436,211,647,28,675
新竹市,北區,金華里,197,1159,465,202,667,13,680
新竹市,北區,金華里,198,1294,459,260,719,15,734
新竹市,北區,湳雅里,199,1442,514,262,776,27,803
新竹市,北區,湳雅里,200,1270,491,243,734,20,754
新竹市,北區,金雅里,201,1179,541,208,749,17,766
新竹市,北區,金雅里,202,949,424,155,579,22,601
新竹市,北區,湳中里,203,1163,435,222,657,28,685
新竹市,北區,湳中里,204,1334,474,252,726,16,742
新竹市,北區,湳中里,205,1415,502,276,778,27,805
新竹市,北區,湳中里,206,1305,484,292,776,19,795
新竹市,北區,湳中里,207,1200,423,243,666,17,683
新竹市,北區,舊社里,208,1106,434,196,630,24,654
新竹市,北區,舊社里,209,1044,425,187,612,16,628
新竹市,北區,舊社里,210,1061,412,199,611,20,631
新竹市,北區,舊社里,211,1518,597,261,858,44,902
新竹市,北區,舊社里,212,1220,521,222,743,18,761
新竹市,北區,金竹里,213,1475,578,282,860,10,870
新竹市,北區,金竹里,214,1373,551,185,736,14,750
新竹市,北區,金竹里,215,1450,578,251,829,19,848
新竹市,北區,金竹里,216,1423,541,264,805,20,825
新竹市,北區,武陵里,217,1059,446,148,594,18,612
新竹市,北區,武陵里,218,1130,501,153,654,33,687
新竹市,北區,武陵里,219,1208,532,194,726,24,750
新竹市,北區,武陵里,220,1226,595,149,744,21,765
新竹市,北區,福林里,221,1175,465,202,667,22,689
新竹市,北區,福林里,222,1371,505,293,798,36,834
新竹市,北區,福林里,223,1306,509,183,692,35,727
新竹市,北區,境福里,224,1340,525,187,712,18,730
新竹市,北區,境福里,225,1111,458,197,655,37,692
新竹市,北區,境福里,226,1197,529,207,736,31,767
新竹市,北區,境福里,227,1008,455,118,573,13,586
新竹市,北區,士林里,228,946,378,137,515,12,527
新竹市,北區,士林里,229,705,313,98,411,18,429
新竹市,北區,古賢里,230,848,360,116,476,32,508
新竹市,北區,南寮里,231,1295,491,180,671,28,699
新竹市,北區,南寮里,232,1467,548,198,746,22,768
新竹市,北區,南寮里,233,1659,534,209,743,34,777
新竹市,北區,南寮里,234,1297,505,158,663,24,687
新竹市,北區,康樂里,235,1374,551,211,762,29,791
新竹市,北區,康樂里,236,1457,575,238,813,34,847
新竹市,北區,中寮里,237,1072,468,149,617,19,636
新竹市,北區,中寮里,238,1350,504,190,694,34,728
新竹市,北區,中寮里,239,971,404,184,588,21,609
新竹市,北區,海濱里,240,1450,695,113,808,43,851
新竹市,北區,海濱里,241,895,379,112,491,20,511
新竹市,北區,海濱里,242,1378,544,191,735,21,756
新竹市,北區,港北里,243,1609,606,178,784,50,834
新竹市,北區,舊港里,244,594,237,77,314,33,347
新竹市,香山區,頂埔里,245,1443,554,201,755,29,784
新竹市,香山區,頂埔里,246,1241,450,217,667,17,684
新竹市,香山區,頂埔里,247,1194,464,180,644,18,662
新竹市,香山區,頂埔里,248,1081,396,199,595,8,603
新竹市,香山區,頂福里,249,807,334,130,464,18,482
新竹市,香山區,頂福里,250,1760,672,237,909,51,960
新竹市,香山區,頂福里,251,1635,638,244,882,36,918
新竹市,香山區,中埔里,252,1473,602,241,843,30,873
新竹市,香山區,中埔里,253,1408,587,193,780,22,802
新竹市,香山區,牛埔里,254,1318,462,169,631,18,649
新竹市,香山區,牛埔里,255,1337,512,219,731,25,756
新竹市,香山區,牛埔里,256,1862,668,277,945,21,966
新竹市,香山區,埔前里,257,1067,314,271,585,20,605
新竹市,香山區,埔前里,258,863,354,136,490,29,519
新竹市,香山區,埔前里,259,1198,519,181,700,41,741
新竹市,香山區,樹下里,260,1138,473,186,659,35,694
新竹市,香山區,樹下里,261,957,433,158,591,27,618
新竹市,香山區,浸水里,262,1348,570,191,761,44,805
新竹市,香山區,浸水里,263,1023,489,165,654,38,692
新竹市,香山區,虎林里,264,970,411,124,535,23,558
新竹市,香山區,虎林里,265,1318,546,192,738,25,763
新竹市,香山區,虎山里,266,1088,429,144,573,35,608
新竹市,香山區,虎山里,267,903,328,114,442,20,462
新竹市,香山區,虎山里,268,1012,410,163,573,24,597
新竹市,香山區,虎山里,269,1014,433,116,549,27,576
新竹市,香山區,虎山里,270,1238,541,177,718,22,740
新竹市,香山區,港南里,271,1182,486,142,628,42,670
新竹市,香山區,港南里,272,1331,629,182,811,46,857
新竹市,香山區,東香里,273,976,389,227,616,13,629
新竹市,香山區,東香里,274,834,320,126,446,18,464
新竹市,香山區,東香里,275,919,381,132,513,19,532
新竹市,香山區,東香里,276,1188,450,234,684,20,704
新竹市,香山區,香村里,277,1086,449,152,601,38,639
新竹市,香山區,香村里,278,1144,498,200,698,18,716
新竹市,香山區,香村里,279,1112,467,190,657,12,669
新竹市,香山區,香山里,280,1476,593,220,813,40,853
新竹市,香山區,香山里,281,1291,520,187,707,25,732
新竹市,香山區,香山里,282,1464,653,215,868,39,907
新竹市,香山區,大庄里,283,1427,622,189,811,35,846
新竹市,香山區,大庄里,284,1336,525,195,720,28,748
新竹市,香山區,美山里,285,1131,393,148,541,23,564
新竹市,香山區,朝山里,286,1070,453,161,614,37,651
新竹市,香山區,朝山里,287,1006,447,147,594,26,620
新竹市,香山區,海山里,288,1223,464,102,566,35,601
新竹市,香山區,海山里,289,1119,444,161,605,28,633
新竹市,香山區,鹽水里,290,1400,537,167,704,23,727
新竹市,香山區,內湖里,291,1627,546,207,753,25,778
新竹市,香山區,內湖里,292,1289,458,176,634,18,652
新竹市,香山區,內湖里,293,1409,504,182,686,29,715
新竹市,香山區,南港里,294,814,294,109,403,25,428
新竹市,香山區,中隘里,295,719,288,103,391,16,407
新竹市,香山區,中隘里,296,1065,359,141,500,21,521
新竹市,香山區,南隘里,297,776,316,100,416,18,434
新竹市,香山區,大湖里,298,890,373,120,493,24,517
新竹市,香山區,茄苳里,299,896,336,103,439,23,462
嘉義市,東區,短竹里,1,1025,410,175,585,11,596
嘉義市,東區,短竹里,2,1276,494,191,685,12,697
嘉義市,東區,蘭潭里,3,974,352,134,486,16,502
嘉義市,東區,蘭潭里,4,1175,508,197,705,18,723
嘉義市,東區,東川里,5,702,308,123,431,9,440
嘉義市,東區,東川里,6,1092,405,185,590,19,609
嘉義市,東區,鹿寮里,7,1023,353,130,483,12,495
嘉義市,東區,盧厝里,8,1816,676,243,919,27,946
嘉義市,東區,文雅里,9,1936,707,338,1045,24,1069
嘉義市,東區,文雅里,10,1698,596,346,942,17,959
嘉義市,東區,王田里,11,1221,498,226,724,16,740
嘉義市,東區,王田里,12,1113,433,201,634,14,648
嘉義市,東區,長竹里,13,1452,580,235,815,17,832
嘉義市,東區,長竹里,14,1395,569,262,831,21,852
嘉義市,東區,後庄里,15,1453,567,199,766,0,766
嘉義市,東區,後庄里,16,1094,446,133,579,13,592
嘉義市,東區,後庄里,17,1420,587,209,796,21,817
嘉義市,東區,新店里,18,1552,655,240,895,21,916
嘉義市,東區,新店里,19,1558,605,264,869,27,896
嘉義市,東區,新店里,20,1062,457,155,612,21,633
嘉義市,東區,圳頭里,21,1199,479,148,627,27,654
嘉義市,東區,圳頭里,22,1236,525,153,678,19,697
嘉義市,東區,圳頭里,23,890,357,132,489,15,504
嘉義市,東區,圳頭里,24,880,380,132,512,25,537
嘉義市,東區,中山里,25,1189,458,207,665,13,678
嘉義市,東區,中山里,26,669,280,106,386,11,397
嘉義市,東區,太平里,27,1435,392,377,769,21,790
嘉義市,東區,太平里,28,1349,563,235,798,20,818
嘉義市,東區,太平里,29,1455,526,231,757,18,775
嘉義市,東區,東興里,30,915,374,142,516,19,535
嘉義市,東區,東興里,31,952,397,143,540,12,552
嘉義市,東區,華南里,32,941,375,136,511,20,531
嘉義市,東區,華南里,33,1080,397,175,572,19,591
嘉義市,東區,中央里,34,1157,440,150,590,24,614
嘉義市,東區,中央里,35,1053,428,183,611,27,638
嘉義市,東區,朝陽里,36,967,360,128,488,13,501
嘉義市,東區,朝陽里,37,1091,400,168,568,24,592
嘉義市,東區,民族里,38,961,412,144,556,26,582
嘉義市,東區,民族里,39,863,261,90,351,10,361
嘉義市,東區,過溝里,40,1023,408,173,581,35,616
嘉義市,東區,過溝里,41,1078,455,157,612,37,649
嘉義市,東區,新開里,42,938,371,141,512,14,526
嘉義市,東區,新開里,43,1049,427,151,578,17,595
嘉義市,東區,宣信里,44,1360,524,166,690,27,717
嘉義市,東區,興南里,45,1615,567,214,781,38,819
嘉義市,東區,豐年里,46,1267,467,191,658,23,681
嘉義市,東區,芳草里,47,1579,572,177,749,26,775
嘉義市,東區,芳草里,48,1831,642,270,912,34,946
嘉義市,東區,芳安里,49,977,416,136,552,16,568
嘉義市,東區,芳安里,50,1169,431,184,615,7,622
嘉義市,東區,頂寮里,51,1238,504,200,704,40,744
嘉義市,東區,頂寮里,52,1266,523,191,714,13,727
嘉義市,東區,安寮里,53,1429,529,139,668,25,693
嘉義市,東區,安寮里,54,1288,506,189,695,21,716
嘉義市,東區,安業里,55,980,372,159,531,14,545
嘉義市,東區,安業里,56,922,340,127,467,17,484
嘉義市,東區,興村里,57,1133,480,165,645,23,668
嘉義市,東區,興村里,58,1235,476,201,677,24,701
嘉義市,東區,興村里,59,1525,579,244,823,12,835
嘉義市,東區,興安里,60,1170,428,165,593,23,616
嘉義市,東區,興安里,61,1177,511,204,715,26,741
嘉義市,東區,興仁里,62,1207,482,174,656,31,687
嘉義市,東區,興仁里,63,1272,521,181,702,20,722
嘉義市,東區,興仁里,64,1188,463,181,644,38,682
嘉義市,東區,北門里,65,1172,413,172,585,11,596
嘉義市,東區,北門里,66,1020,433,161,594,9,603
嘉義市,東區,林森里,67,1332,508,236,744,20,764
嘉義市,東區,林森里,68,1011,435,175,610,15,625
嘉義市,東區,中庄里,69,1682,609,242,851,32,883
嘉義市,東區,中庄里,70,1567,619,217,836,30,866
嘉義市,東區,頂庄里,71,1207,468,202,670,15,685
嘉義市,東區,頂庄里,72,981,442,162,604,13,617
嘉義市,東區,義教里,73,1395,519,221,740,19,759
嘉義市,東區,義教里,74,1434,490,202,692,14,706
嘉義市,東區,仁義里,75,1404,437,198,635,11,646
嘉義市,東區,仁義里,76,1428,594,218,812,12,824
嘉義市,東區,後湖里,77,1823,561,232,793,9,802
嘉義市,東區,後湖里,78,1570,548,221,769,17,786
嘉義市,東區,荖藤里,79,1282,514,179,693,24,717
嘉義市,東區,荖藤里,80,1571,666,233,899,26,925
嘉義市,東區,荖藤里,81,1533,546,232,778,21,799
嘉義市,西區,書院里,82,885,362,119,481,13,494
嘉義市,西區,書院里,83,1109,414,159,573,32,605
嘉義市,西區,永和里,84,1020,414,125,539,14,553
嘉義市,西區,永和里,85,925,421,132,553,29,582
嘉義市,西區,新富里,86,1671,550,244,794,15,809
嘉義市,西區,文化里,87,1215,513,166,679,18,697
嘉義市,西區,文化里,88,1036,433,139,572,20,592
嘉義市,西區,西榮里,89,1129,438,157,595,15,610
嘉義市,西區,西榮里,90,1127,444,154,598,16,614
嘉義市,西區,番社里,91,1415,571,231,802,27,829
嘉義市,西區,國華里,92,1366,525,182,707,16,723
嘉義市,西區,大溪里,93,1053,473,144,617,29,646
嘉義市,西區,大溪里,94,1067,491,117,608,11,619
嘉義市,西區,磚?里,95,1575,569,200,769,18,787
嘉義市,西區,磚?里,96,1865,631,283,914,25,939
嘉義市,西區,福全里,97,1196,426,179,605,27,632
嘉義市,西區,福全里,98,1280,467,178,645,18,663
嘉義市,西區,福全里,99,1629,617,238,855,31,886
嘉義市,西區,福安里,100,1393,554,216,770,42,812
嘉義市,西區,福安里,101,1077,467,166,633,28,661
嘉義市,西區,福安里,102,1694,523,264,787,14,801
嘉義市,西區,新西里,103,841,351,133,484,42,526
嘉義市,西區,新西里,104,1183,440,156,596,4,600
嘉義市,西區,港坪里,105,1000,448,166,614,17,631
嘉義市,西區,港坪里,106,1095,487,177,664,12,676
嘉義市,西區,港坪里,107,1256,520,225,745,21,766
嘉義市,西區,頭港里,108,962,395,146,541,23,564
嘉義市,西區,頭港里,109,865,383,161,544,18,562
嘉義市,西區,西平里,110,1396,500,179,679,40,719
嘉義市,西區,西平里,111,1799,669,282,951,40,991
嘉義市,西區,劉厝里,112,1505,562,196,758,12,770
嘉義市,西區,劉厝里,113,1698,674,223,897,26,923
嘉義市,西區,劉厝里,114,1854,749,260,1009,23,1032
嘉義市,西區,劉厝里,115,1537,495,189,684,13,697
嘉義市,西區,自強里,116,1604,569,228,797,27,824
嘉義市,西區,美源里,117,944,438,137,575,28,603
嘉義市,西區,美源里,118,1627,679,234,913,29,942
嘉義市,西區,美源里,119,1144,486,175,661,24,685
嘉義市,西區,湖內里,120,1362,526,191,717,33,750
嘉義市,西區,湖內里,121,1279,536,206,742,17,759
嘉義市,西區,湖內里,122,1702,698,232,930,27,957
嘉義市,西區,獅子里,123,1358,572,214,786,20,806
嘉義市,西區,獅子里,124,1360,593,216,809,24,833
嘉義市,西區,紅瓦里,125,1589,660,208,868,38,906
嘉義市,西區,光路里,126,1280,573,177,750,22,772
嘉義市,西區,光路里,127,1220,429,176,605,23,628
嘉義市,西區,光路里,128,1172,523,175,698,9,707
嘉義市,西區,光路里,129,1320,539,200,739,19,758
嘉義市,西區,福民里,130,1185,559,207,766,12,778
嘉義市,西區,福民里,131,1278,541,236,777,15,792
嘉義市,西區,福民里,132,1394,421,200,621,11,632
嘉義市,西區,福民里,133,1540,611,239,850,32,882
嘉義市,西區,車店里,134,1548,612,229,841,36,877
嘉義市,西區,車店里,135,1295,495,191,686,19,705
嘉義市,西區,車店里,136,1318,566,209,775,23,798
嘉義市,西區,車店里,137,1545,611,223,834,31,865
嘉義市,西區,垂楊里,138,736,266,113,379,22,401
嘉義市,西區,垂楊里,139,1168,466,144,610,10,620
嘉義市,西區,培元里,140,756,367,120,487,11,498
嘉義市,西區,培元里,141,869,391,107,498,9,507
嘉義市,西區,育英里,142,983,402,159,561,25,586
嘉義市,西區,育英里,143,828,374,91,465,15,480
嘉義市,西區,致遠里,144,1775,720,231,951,27,978
嘉義市,西區,翠岱里,145,1419,564,179,743,21,764
嘉義市,西區,導明里,146,779,323,108,431,14,445
嘉義市,西區,導明里,147,855,344,118,462,8,470
嘉義市,西區,北榮里,148,1146,453,186,639,34,673
嘉義市,西區,北榮里,149,1111,484,144,628,25,653
嘉義市,西區,慶安里,150,767,363,107,470,27,497
嘉義市,西區,慶安里,151,817,292,115,407,11,418
嘉義市,西區,香湖里,152,770,313,123,436,16,452
嘉義市,西區,重興里,153,1135,386,147,533,15,548
嘉義市,西區,重興里,154,835,282,139,421,35,456
嘉義市,西區,後驛里,155,1182,450,131,581,25,606
嘉義市,西區,後驛里,156,944,373,107,480,20,500
嘉義市,西區,湖邊里,157,997,371,145,516,19,535
嘉義市,西區,湖邊里,158,1074,428,163,591,18,609
嘉義市,西區,竹圍里,159,1460,436,213,649,13,662
嘉義市,西區,竹圍里,160,1352,532,170,702,23,725
嘉義市,西區,竹圍里,161,1499,571,228,799,25,824
嘉義市,西區,保生里,162,1262,491,188,679,42,721
嘉義市,西區,保生里,163,1299,507,186,693,15,708
嘉義市,西區,保生里,164,1734,697,219,916,21,937
嘉義市,西區,保安里,165,1674,604,204,808,25,833
嘉義市,西區,保安里,166,1540,537,263,800,27,827
嘉義市,西區,北新里,167,1056,477,161,638,8,646
嘉義市,西區,新厝里,168,1467,607,212,819,45,864
嘉義市,西區,新厝里,169,1431,524,195,719,30,749
嘉義市,西區,新厝里,170,1234,535,193,728,43,771
嘉義市,西區,保福里,171,1266,481,197,678,12,690
嘉義市,西區,保福里,172,1211,498,205,703,14,717
嘉義市,西區,保福里,173,1121,445,194,639,12,651
嘉義市,西區,竹村里,174,1155,417,159,576,11,587
嘉義市,西區,北湖里,175,1546,596,248,844,54,898
嘉義市,西區,北湖里,176,1322,561,170,731,18,749
嘉義市,西區,下埤里,177,1549,636,195,831,48,879
臺北市,北投區,建民里,1,1313,525,236,761,37,798
臺北市,北投區,建民里,2,1403,535,297,832,31,863
臺北市,北投區,建民里,3,1081,402,239,641,22,663
臺北市,北投區,文林里,4,1209,438,250,688,40,728
臺北市,北投區,文林里,5,1326,481,288,769,26,795
臺北市,北投區,文林里,6,1263,486,260,746,24,770
臺北市,北投區,石牌里,7,1580,591,335,926,41,967
臺北市,北投區,石牌里,8,1577,600,305,905,33,938
臺北市,北投區,石牌里,9,1483,584,296,880,37,917
臺北市,北投區,福興里,10,1461,519,292,811,22,833
臺北市,北投區,福興里,11,1466,523,286,809,33,842
臺北市,北投區,福興里,12,1620,627,301,928,34,962
臺北市,北投區,福興里,13,1543,543,236,779,53,832
臺北市,北投區,榮光里,14,1513,540,254,794,33,827
臺北市,北投區,榮光里,15,1534,606,266,872,33,905
臺北市,北投區,榮光里,16,1650,635,304,939,46,985
臺北市,北投區,榮光里,17,1533,565,310,875,25,900
臺北市,北投區,榮華里,18,1702,571,338,909,28,937
臺北市,北投區,榮華里,19,1721,543,400,943,35,978
臺北市,北投區,榮華里,20,1575,551,371,922,41,963
臺北市,北投區,榮華里,21,1530,545,308,853,52,905
臺北市,北投區,裕民里,22,1728,629,332,961,51,1012
臺北市,北投區,裕民里,23,1702,615,319,934,48,982
臺北市,北投區,裕民里,24,1696,577,340,917,50,967
臺北市,北投區,裕民里,25,1684,523,258,781,24,805
臺北市,北投區,振華里,26,1717,658,342,1000,40,1040
臺北市,北投區,振華里,27,1605,586,329,915,30,945
臺北市,北投區,振華里,28,1723,679,286,965,32,997
臺北市,北投區,振華里,29,1597,615,353,968,20,988
臺北市,北投區,永和里,30,1700,634,317,951,25,976
臺北市,北投區,永和里,31,1544,465,323,788,27,815
臺北市,北投區,永和里,32,1635,567,287,854,25,879
臺北市,北投區,永和里,33,1495,540,310,850,24,874
臺北市,北投區,永和里,34,1619,591,325,916,29,945
臺北市,北投區,永欣里,35,1683,545,378,923,34,957
臺北市,北投區,永欣里,36,1662,558,301,859,39,898
臺北市,北投區,永欣里,37,1850,568,322,890,21,911
臺北市,北投區,永欣里,38,1674,512,345,857,19,876
臺北市,北投區,永明里,39,1511,597,282,879,41,920
臺北市,北投區,永明里,40,1393,529,249,778,16,794
臺北市,北投區,永明里,41,1279,532,249,781,30,811
臺北市,北投區,東華里,42,1122,412,206,618,25,643
臺北市,北投區,東華里,43,1238,554,265,819,38,857
臺北市,北投區,東華里,44,1477,565,303,868,52,920
臺北市,北投區,吉利里,45,1495,581,303,884,32,916
臺北市,北投區,吉利里,46,1469,584,315,899,26,925
臺北市,北投區,吉利里,47,1462,601,239,840,23,863
臺北市,北投區,吉利里,48,1431,572,247,819,37,856
臺北市,北投區,吉慶里,49,1486,549,317,866,30,896
臺北市,北投區,吉慶里,50,1449,576,275,851,34,885
臺北市,北投區,吉慶里,51,1456,513,321,834,25,859
臺北市,北投區,尊賢里,52,1311,545,253,798,29,827
臺北市,北投區,尊賢里,53,1356,517,267,784,31,815
臺北市,北投區,尊賢里,54,1338,504,261,765,27,792
臺北市,北投區,立賢里,55,1525,575,295,870,20,890
臺北市,北投區,立賢里,56,1620,570,302,872,28,900
臺北市,北投區,立賢里,57,1499,535,260,795,17,812
臺北市,北投區,立農里,58,1497,609,276,885,27,912
臺北市,北投區,立農里,59,1624,562,324,886,37,923
臺北市,北投區,立農里,60,1536,525,273,798,45,843
臺北市,北投區,立農里,61,1469,558,289,847,52,899
臺北市,北投區,立農里,62,1598,559,307,866,26,892
臺北市,北投區,八仙里,63,1690,586,327,913,33,946
臺北市,北投區,八仙里,64,1599,574,282,856,56,912
臺北市,北投區,八仙里,65,1634,557,338,895,37,932
臺北市,北投區,洲美里,66,1660,585,271,856,33,889
臺北市,北投區,奇岩里,67,1900,611,354,965,38,1003
臺北市,北投區,奇岩里,68,1797,632,368,1000,37,1037
臺北市,北投區,奇岩里,69,1832,654,372,1026,42,1068
臺北市,北投區,奇岩里,70,1784,667,342,1009,42,1051
臺北市,北投區,奇岩里,71,1732,631,342,973,38,1011
臺北市,北投區,清江里,72,2035,352,174,526,32,558
臺北市,北投區,清江里,73,1504,538,287,825,36,861
臺北市,北投區,清江里,74,1683,673,280,953,42,995
臺北市,北投區,清江里,75,1635,583,275,858,52,910
臺北市,北投區,清江里,76,1613,584,283,867,47,914
臺北市,北投區,中央里,77,1483,543,276,819,20,839
臺北市,北投區,中央里,78,1500,556,270,826,30,856
臺北市,北投區,中央里,79,1483,537,298,835,34,869
臺北市,北投區,中央里,80,1544,555,280,835,43,878
臺北市,北投區,中央里,81,1532,489,257,746,29,775
臺北市,北投區,長安里,82,1819,643,336,979,44,1023
臺北市,北投區,長安里,83,1863,580,360,940,36,976
臺北市,北投區,長安里,84,1872,572,345,917,15,932
臺北市,北投區,大同里,85,1627,598,274,872,41,913
臺北市,北投區,大同里,86,1696,580,311,891,21,912
臺北市,北投區,大同里,87,1841,638,357,995,30,1025
臺北市,北投區,溫泉里,88,1324,484,253,737,27,764
臺北市,北投區,溫泉里,89,1504,539,260,799,23,822
臺北市,北投區,溫泉里,90,1511,564,264,828,35,863
臺北市,北投區,溫泉里,91,1615,586,343,929,26,955
臺北市,北投區,林泉里,92,1270,445,210,655,19,674
臺北市,北投區,林泉里,93,1492,433,288,721,31,752
臺北市,北投區,中心里,94,1429,462,287,749,21,770
臺北市,北投區,中心里,95,1567,503,305,808,15,823
臺北市,北投區,中心里,96,1388,506,255,761,32,793
臺北市,北投區,中心里,97,1448,484,262,746,17,763
臺北市,北投區,中庸里,98,1356,477,221,698,37,735
臺北市,北投區,中庸里,99,1308,504,213,717,19,736
臺北市,北投區,中庸里,100,1165,456,224,680,29,709
臺北市,北投區,開明里,101,1429,591,234,825,38,863
臺北市,北投區,開明里,102,1472,551,241,792,21,813
臺北市,北投區,開明里,103,1508,570,337,907,36,943
臺北市,北投區,開明里,104,1480,561,250,811,33,844
臺北市,北投區,中和里,105,1142,402,205,607,30,637
臺北市,北投區,中和里,106,1554,547,262,809,18,827
臺北市,北投區,中和里,107,1669,627,323,950,47,997
臺北市,北投區,智仁里,108,1823,669,297,966,43,1009
臺北市,北投區,智仁里,109,1739,603,313,916,42,958
臺北市,北投區,智仁里,110,1771,617,292,909,43,952
臺北市,北投區,秀山里,111,1468,543,210,753,53,806
臺北市,北投區,秀山里,112,1469,554,259,813,19,832
臺北市,北投區,文化里,113,1094,499,194,693,21,714
臺北市,北投區,文化里,114,1101,496,189,685,30,715
臺北市,北投區,文化里,115,1422,571,271,842,25,867
臺北市,北投區,豐年里,116,1390,558,197,755,26,781
臺北市,北投區,豐年里,117,1307,523,227,750,31,781
臺北市,北投區,豐年里,118,1215,470,261,731,42,773
臺北市,北投區,稻香里,119,1642,576,284,860,28,888
臺北市,北投區,稻香里,120,1623,588,244,832,32,864
臺北市,北投區,稻香里,121,1621,578,275,853,45,898
臺北市,北投區,桃源里,122,1367,470,277,747,22,769
臺北市,北投區,桃源里,123,1309,465,239,704,24,728
臺北市,北投區,桃源里,124,1356,491,287,778,21,799
臺北市,北投區,桃源里,125,1365,503,245,748,30,778
臺北市,北投區,一德里,126,1613,550,315,865,23,888
臺北市,北投區,一德里,127,1590,517,275,792,15,807
臺北市,北投區,一德里,128,1662,627,309,936,30,966
臺北市,北投區,一德里,129,1622,573,326,899,40,939
臺北市,北投區,關渡里,130,1820,614,379,993,20,1013
臺北市,北投區,關渡里,131,1615,615,288,903,46,949
臺北市,北投區,關渡里,132,1612,501,216,717,37,754
臺北市,北投區,關渡里,133,1652,581,306,887,40,927
臺北市,北投區,關渡里,134,1666,633,299,932,16,948
臺北市,北投區,關渡里,135,1641,582,291,873,31,904
臺北市,北投區,泉源里,136,528,191,118,309,16,325
臺北市,北投區,泉源里,137,1642,512,227,739,49,788
臺北市,北投區,湖山里,138,829,316,128,444,27,471
臺北市,北投區,湖山里,139,690,254,103,357,26,383
臺北市,北投區,大屯里,140,1067,394,153,547,41,588
臺北市,北投區,湖田里,141,892,336,134,470,37,507
臺北市,士林區,仁勇里,142,1695,601,313,914,46,960
臺北市,士林區,仁勇里,143,1720,654,309,963,61,1024
臺北市,士林區,義信里,144,1288,478,234,712,30,742
臺北市,士林區,義信里,145,1546,551,284,835,43,878
臺北市,士林區,福林里,146,652,265,137,402,13,415
臺北市,士林區,福林里,147,870,295,165,460,23,483
臺北市,士林區,福林里,148,1137,455,218,673,37,710
臺北市,士林區,福德里,149,1050,429,201,630,36,666
臺北市,士林區,福德里,150,1031,428,185,613,29,642
臺北市,士林區,福德里,151,1075,396,229,625,20,645
臺北市,士林區,福德里,152,2175,328,168,496,30,526
臺北市,士林區,福志里,153,1775,595,310,905,42,947
臺北市,士林區,福志里,154,1669,636,325,961,25,986
臺北市,士林區,福志里,155,1665,608,371,979,36,1015
臺北市,士林區,福志里,156,1648,618,362,980,44,1024
臺北市,士林區,舊佳里,157,1246,500,219,719,18,737
臺北市,士林區,舊佳里,158,1419,528,264,792,32,824
臺北市,士林區,舊佳里,159,1327,487,244,731,54,785
臺北市,士林區,舊佳里,160,1573,605,360,965,30,995
臺北市,士林區,福佳里,161,1470,566,264,830,44,874
臺北市,士林區,福佳里,162,1775,687,328,1015,29,1044
臺北市,士林區,福佳里,163,1692,620,357,977,24,1001
臺北市,士林區,福佳里,164,1842,725,345,1070,33,1103
臺北市,士林區,後港里,165,1166,472,221,693,24,717
臺北市,士林區,後港里,166,1687,578,273,851,34,885
臺北市,士林區,後港里,167,1624,588,313,901,36,937
臺北市,士林區,後港里,168,1477,686,206,892,42,934
臺北市,士林區,後港里,169,1250,474,271,745,20,765
臺北市,士林區,福中里,170,1434,522,291,813,48,861
臺北市,士林區,福中里,171,1452,533,304,837,44,881
臺北市,士林區,福中里,172,1533,597,334,931,33,964
臺北市,士林區,福中里,173,1515,599,291,890,42,932
臺北市,士林區,前港里,174,1203,449,256,705,28,733
臺北市,士林區,前港里,175,1487,571,310,881,47,928
臺北市,士林區,前港里,176,1252,505,227,732,18,750
臺北市,士林區,百齡里,177,1536,595,260,855,38,893
臺北市,士林區,百齡里,178,1556,619,295,914,35,949
臺北市,士林區,百齡里,179,1511,585,306,891,16,907
臺北市,士林區,百齡里,180,1572,608,320,928,37,965
臺北市,士林區,承德里,181,1668,631,292,923,52,975
臺北市,士林區,承德里,182,1685,643,279,922,46,968
臺北市,士林區,承德里,183,1568,502,380,882,30,912
臺北市,士林區,福華里,184,1327,477,234,711,24,735
臺北市,士林區,福華里,185,1338,513,225,738,31,769
臺北市,士林區,福華里,186,1515,500,265,765,40,805
臺北市,士林區,福華里,187,1452,535,288,823,39,862
臺北市,士林區,明勝里,188,1448,538,295,833,28,861
臺北市,士林區,明勝里,189,1521,591,303,894,31,925
臺北市,士林區,明勝里,190,1461,554,292,846,16,862
臺北市,士林區,福順里,191,1541,501,295,796,54,850
臺北市,士林區,福順里,192,1611,461,271,732,61,793
臺北市,士林區,福順里,193,1595,561,269,830,42,872
臺北市,士林區,富光里,194,1685,596,261,857,28,885
臺北市,士林區,富光里,195,1816,655,283,938,47,985
臺北市,士林區,富光里,196,1687,625,287,912,49,961
臺北市,士林區,葫蘆里,197,1646,616,292,908,33,941
臺北市,士林區,葫蘆里,198,1643,578,293,871,28,899
臺北市,士林區,葫蘆里,199,1687,658,284,942,35,977
臺北市,士林區,葫蘆里,200,1655,626,311,937,34,971
臺北市,士林區,葫東里,201,1779,599,328,927,29,956
臺北市,士林區,葫東里,202,1855,694,357,1051,39,1090
臺北市,士林區,社子里,203,1350,486,270,756,34,790
臺北市,士林區,社子里,204,1455,627,113,740,28,768
臺北市,士林區,社子里,205,1497,449,235,684,40,724
臺北市,士林區,社子里,206,1398,425,223,648,23,671
臺北市,士林區,社新里,207,1747,683,305,988,40,1028
臺北市,士林區,社新里,208,1465,516,248,764,52,816
臺北市,士林區,社新里,209,1530,569,264,833,40,873
臺北市,士林區,社新里,210,1855,630,313,943,32,975
臺北市,士林區,社新里,211,1444,523,277,800,38,838
臺北市,士林區,社園里,212,1563,486,259,745,42,787
臺北市,士林區,社園里,213,1482,579,247,826,33,859
臺北市,士林區,社園里,214,1552,487,244,731,35,766
臺北市,士林區,社園里,215,1790,679,295,974,42,1016
臺北市,士林區,永倫里,216,1628,567,249,816,47,863
臺北市,士林區,永倫里,217,1337,470,235,705,46,751
臺北市,士林區,永倫里,218,1750,644,316,960,31,991
臺北市,士林區,永倫里,219,1668,574,266,840,59,899
臺北市,士林區,福安里,220,1403,425,200,625,52,677
臺北市,士林區,福安里,221,1468,441,230,671,32,703
臺北市,士林區,福安里,222,1471,502,207,709,27,736
臺北市,士林區,富洲里,223,1666,588,238,826,37,863
臺北市,士林區,富洲里,224,1587,553,245,798,36,834
臺北市,士林區,富洲里,225,1987,1229,289,1518,47,1565
臺北市,士林區,岩山里,226,1271,431,210,641,20,661
臺北市,士林區,岩山里,227,1728,647,355,1002,40,1042
臺北市,士林區,名山里,228,1630,620,313,933,48,981
臺北市,士林區,名山里,229,1619,591,358,949,24,973
臺北市,士林區,名山里,230,1425,539,268,807,34,841
臺北市,士林區,名山里,231,1623,622,351,973,32,1005
臺北市,士林區,聖山里,232,1564,575,314,889,36,925
臺北市,士林區,聖山里,233,1376,541,328,869,37,906
臺北市,士林區,聖山里,234,1517,619,303,922,21,943
臺北市,士林區,芝山里,235,1729,559,341,900,30,930
臺北市,士林區,芝山里,236,1511,583,317,900,32,932
臺北市,士林區,芝山里,237,1811,702,359,1061,27,1088
臺北市,士林區,芝山里,238,1533,550,340,890,21,911
臺北市,士林區,東山里,239,1657,672,368,1040,36,1076
臺北市,士林區,東山里,240,1499,547,292,839,19,858
臺北市,士林區,東山里,241,1402,565,207,772,38,810
臺北市,士林區,德行里,242,1273,498,286,784,46,830
臺北市,士林區,德行里,243,1273,483,262,745,23,768
臺北市,士林區,德行里,244,1316,489,274,763,26,789
臺北市,士林區,德華里,245,1659,617,306,923,43,966
臺北市,士林區,德華里,246,1749,581,379,960,34,994
臺北市,士林區,德華里,247,1552,559,298,857,31,888
臺北市,士林區,忠誠里,248,1529,608,261,869,32,901
臺北市,士林區,忠誠里,249,1644,622,270,892,25,917
臺北市,士林區,忠誠里,250,1779,632,348,980,34,1014
臺北市,士林區,蘭雅里,251,1597,556,341,897,20,917
臺北市,士林區,蘭雅里,252,1454,503,310,813,29,842
臺北市,士林區,蘭雅里,253,1582,577,356,933,39,972
臺北市,士林區,蘭雅里,254,1518,555,325,880,35,915
臺北市,士林區,蘭雅里,255,1501,501,287,788,32,820
臺北市,士林區,蘭興里,256,1420,531,295,826,35,861
臺北市,士林區,蘭興里,257,1494,529,308,837,39,876
臺北市,士林區,蘭興里,258,1568,609,352,961,28,989
臺北市,士林區,蘭興里,259,1208,455,279,734,32,766
臺北市,士林區,三玉里,260,1826,659,338,997,41,1038
臺北市,士林區,三玉里,261,1647,571,347,918,33,951
臺北市,士林區,三玉里,262,1654,580,325,905,43,948
臺北市,士林區,天福里,263,1550,582,336,918,27,945
臺北市,士林區,天福里,264,1298,472,325,797,27,824
臺北市,士林區,天福里,265,1297,531,277,808,24,832
臺北市,士林區,天福里,266,1352,452,286,738,33,771
臺北市,士林區,天祿里,267,1522,549,292,841,36,877
臺北市,士林區,天祿里,268,1602,503,368,871,47,918
臺北市,士林區,天祿里,269,1441,503,314,817,25,842
臺北市,士林區,天壽里,270,1325,420,290,710,15,725
臺北市,士林區,天壽里,271,1567,528,345,873,33,906
臺北市,士林區,天壽里,272,1518,495,333,828,21,849
臺北市,士林區,天和里,273,1549,554,358,912,37,949
臺北市,士林區,天和里,274,1652,570,366,936,26,962
臺北市,士林區,天和里,275,1766,615,389,1004,48,1052
臺北市,士林區,天和里,276,1638,553,345,898,18,916
臺北市,士林區,天山里,277,1491,590,289,879,36,915
臺北市,士林區,天山里,278,1521,563,306,869,22,891
臺北市,士林區,天山里,279,1351,508,280,788,32,820
臺北市,士林區,天山里,280,1742,574,350,924,18,942
臺北市,士林區,天玉里,281,1585,550,327,877,37,914
臺北市,士林區,天玉里,282,1521,578,290,868,27,895
臺北市,士林區,天玉里,283,1543,531,313,844,23,867
臺北市,士林區,天玉里,284,1404,547,273,820,17,837
臺北市,士林區,天玉里,285,1541,542,313,855,33,888
臺北市,士林區,天母里,286,1584,550,289,839,31,870
臺北市,士林區,天母里,287,1519,540,332,872,40,912
臺北市,士林區,天母里,288,1482,486,284,770,19,789
臺北市,士林區,天母里,289,1243,431,252,683,36,719
臺北市,士林區,永福里,290,1156,447,190,637,30,667
臺北市,士林區,公館里,291,1262,431,226,657,43,700
臺北市,士林區,新安里,292,889,361,150,511,22,533
臺北市,士林區,新安里,293,858,330,179,509,30,539
臺北市,士林區,陽明里,294,945,337,158,495,49,544
臺北市,士林區,陽明里,295,960,338,163,501,34,535
臺北市,士林區,陽明里,296,876,325,137,462,35,497
臺北市,士林區,菁山里,297,556,237,113,350,17,367
臺北市,士林區,菁山里,298,919,383,152,535,39,574
臺北市,士林區,平等里,299,1360,596,248,844,60,904
臺北市,士林區,溪山里,300,1355,567,227,794,43,837
臺北市,士林區,翠山里,301,1252,483,228,711,32,743
臺北市,士林區,翠山里,302,1182,479,224,703,39,742
臺北市,士林區,臨溪里,303,1431,466,233,699,20,719
臺北市,士林區,臨溪里,304,1240,432,218,650,31,681
臺北市,內湖區,西湖里,305,1661,570,306,876,12,888
臺北市,內湖區,西湖里,306,1602,536,317,853,38,891
臺北市,內湖區,西湖里,307,1655,652,325,977,42,1019
臺北市,內湖區,西湖里,308,1582,577,354,931,30,961
臺北市,內湖區,西康里,309,1688,553,336,889,31,920
臺北市,內湖區,西康里,310,1737,566,384,950,39,989
臺北市,內湖區,西康里,311,1809,636,394,1030,38,1068
臺北市,內湖區,西康里,312,1376,485,277,762,26,788
臺北市,內湖區,西康里,313,1747,674,344,1018,47,1065
臺北市,內湖區,西安里,314,1389,554,283,837,19,856
臺北市,內湖區,西安里,315,1454,563,341,904,23,927
臺北市,內湖區,西安里,316,1468,559,351,910,26,936
臺北市,內湖區,西安里,317,1603,653,321,974,37,1011
臺北市,內湖區,港墘里,318,1795,645,347,992,24,1016
臺北市,內湖區,港墘里,319,1737,653,398,1051,43,1094
臺北市,內湖區,港墘里,320,1744,668,348,1016,36,1052
臺北市,內湖區,港都里,321,1661,613,345,958,29,987
臺北市,內湖區,港都里,322,1577,542,339,881,33,914
臺北市,內湖區,港都里,323,1494,574,327,901,23,924
臺北市,內湖區,港富里,324,1626,641,289,930,34,964
臺北市,內湖區,港富里,325,1641,635,313,948,36,984
臺北市,內湖區,港富里,326,1554,591,317,908,31,939
臺北市,內湖區,港富里,327,1728,651,374,1025,38,1063
臺北市,內湖區,港富里,328,1736,657,317,974,25,999
臺北市,內湖區,港華里,329,1461,606,313,919,28,947
臺北市,內湖區,港華里,330,1509,595,285,880,20,900
臺北市,內湖區,港華里,331,1358,482,291,773,20,793
臺北市,內湖區,港華里,332,1761,633,356,989,27,1016
臺北市,內湖區,港華里,333,1651,585,359,944,20,964
臺北市,內湖區,內湖里,334,1809,696,354,1050,50,1100
臺北市,內湖區,內湖里,335,1773,655,363,1018,28,1046
臺北市,內湖區,內湖里,336,1890,645,354,999,34,1033
臺北市,內湖區,湖濱里,337,1760,700,399,1099,41,1140
臺北市,內湖區,湖濱里,338,1645,623,336,959,23,982
臺北市,內湖區,湖濱里,339,1324,533,293,826,10,836
臺北市,內湖區,湖濱里,340,1072,457,197,654,23,677
臺北市,內湖區,湖濱里,341,1509,550,288,838,25,863
臺北市,內湖區,紫星里,342,1715,648,331,979,121,1100
臺北市,內湖區,紫星里,343,1774,682,337,1019,32,1051
臺北市,內湖區,紫星里,344,1796,731,349,1080,24,1104
臺北市,內湖區,紫星里,345,1784,692,314,1006,29,1035
臺北市,內湖區,大湖里,346,1417,506,335,841,46,887
臺北市,內湖區,大湖里,347,1699,536,418,954,23,977
臺北市,內湖區,大湖里,348,1719,648,417,1065,18,1083
臺北市,內湖區,金龍里,349,1715,612,326,938,23,961
臺北市,內湖區,金龍里,350,1634,552,304,856,18,874
臺北市,內湖區,金龍里,351,1435,531,256,787,30,817
臺北市,內湖區,金瑞里,352,1440,546,283,829,17,846
臺北市,內湖區,金瑞里,353,1446,547,331,878,25,903
臺北市,內湖區,金瑞里,354,1657,574,288,862,31,893
臺北市,內湖區,金瑞里,355,1261,504,243,747,37,784
臺北市,內湖區,碧山里,356,456,159,67,226,14,240
臺北市,內湖區,碧山里,357,1433,581,338,919,20,939
臺北市,內湖區,碧山里,358,1485,588,284,872,19,891
臺北市,內湖區,碧山里,359,1590,595,310,905,17,922
臺北市,內湖區,碧山里,360,1219,486,276,762,34,796
臺北市,內湖區,紫雲里,361,1732,639,301,940,36,976
臺北市,內湖區,紫雲里,362,1727,683,327,1010,28,1038
臺北市,內湖區,紫雲里,363,1637,620,323,943,31,974
臺北市,內湖區,清白里,364,1453,499,311,810,10,820
臺北市,內湖區,清白里,365,1617,597,307,904,20,924
臺北市,內湖區,清白里,366,1604,563,319,882,29,911
臺北市,內湖區,清白里,367,1406,575,311,886,15,901
臺北市,內湖區,清白里,368,1353,512,298,810,21,831
臺北市,內湖區,葫洲里,369,1724,665,353,1018,27,1045
臺北市,內湖區,葫洲里,370,1378,518,305,823,24,847
臺北市,內湖區,葫洲里,371,1403,555,296,851,19,870
臺北市,內湖區,葫洲里,372,1547,531,328,859,27,886
臺北市,內湖區,紫陽里,373,1718,707,300,1007,21,1028
臺北市,內湖區,紫陽里,374,1813,633,382,1015,29,1044
臺北市,內湖區,紫陽里,375,1791,708,347,1055,41,1096
臺北市,內湖區,紫陽里,376,1855,705,410,1115,33,1148
臺北市,內湖區,瑞陽里,377,1731,673,316,989,24,1013
臺北市,內湖區,瑞陽里,378,1593,635,341,976,51,1027
臺北市,內湖區,瑞陽里,379,1869,657,310,967,36,1003
臺北市,內湖區,瑞陽里,380,1687,638,352,990,32,1022
臺北市,內湖區,瑞光里,381,1530,587,330,917,17,934
臺北市,內湖區,瑞光里,382,1300,511,264,775,28,803
臺北市,內湖區,瑞光里,383,1314,561,258,819,27,846
臺北市,內湖區,五分里,384,1433,491,261,752,19,771
臺北市,內湖區,五分里,385,1450,490,278,768,31,799
臺北市,內湖區,五分里,386,1608,574,309,883,40,923
臺北市,內湖區,五分里,387,1414,522,295,817,32,849
臺北市,內湖區,五分里,388,1492,547,321,868,27,895
臺北市,內湖區,五分里,389,1528,517,282,799,15,814
臺北市,內湖區,東湖里,390,1692,613,341,954,30,984
臺北市,內湖區,東湖里,391,1556,557,316,873,40,913
臺北市,內湖區,東湖里,392,1637,578,328,906,18,924
臺北市,內湖區,東湖里,393,1749,581,355,936,32,968
臺北市,內湖區,樂康里,394,1220,447,217,664,20,684
臺北市,內湖區,樂康里,395,1600,570,325,895,33,928
臺北市,內湖區,樂康里,396,1473,545,285,830,25,855
臺北市,內湖區,樂康里,397,1498,527,301,828,34,862
臺北市,內湖區,樂康里,398,1557,547,313,860,39,899
臺北市,內湖區,內溝里,399,1674,558,308,866,32,898
臺北市,內湖區,內溝里,400,1728,650,353,1003,36,1039
臺北市,內湖區,內溝里,401,788,260,110,370,33,403
臺北市,內湖區,週美里,402,1542,538,293,831,42,873
臺北市,內湖區,週美里,403,1676,498,306,804,39,843
臺北市,內湖區,週美里,404,1360,448,239,687,32,719
臺北市,內湖區,週美里,405,1259,514,270,784,16,800
臺北市,內湖區,週美里,406,1301,464,255,719,9,728
臺北市,內湖區,行善里,407,1251,399,224,623,26,649
臺北市,內湖區,行善里,408,1502,525,286,811,46,857
臺北市,內湖區,行善里,409,1596,606,280,886,20,906
臺北市,內湖區,行善里,410,1649,615,321,936,15,951
臺北市,內湖區,石潭里,411,1774,616,331,947,37,984
臺北市,內湖區,石潭里,412,1746,610,347,957,17,974
臺北市,內湖區,湖興里,413,1473,521,291,812,20,832
臺北市,內湖區,湖興里,414,2824,591,346,937,35,972
臺北市,內湖區,湖興里,415,1849,585,373,958,19,977
臺北市,內湖區,湖興里,416,1530,531,288,819,43,862
臺北市,內湖區,湖元里,417,1656,591,340,931,26,957
臺北市,內湖區,湖元里,418,1457,525,316,841,27,868
臺北市,內湖區,湖元里,419,1695,673,320,993,26,1019
臺北市,內湖區,安湖里,420,1663,609,352,961,24,985
臺北市,內湖區,安湖里,421,1654,612,308,920,34,954
臺北市,內湖區,安湖里,422,1642,498,361,859,26,885
臺北市,內湖區,安湖里,423,1685,602,363,965,23,988
臺北市,內湖區,秀湖里,424,1862,667,349,1016,34,1050
臺北市,內湖區,秀湖里,425,1900,680,423,1103,48,1151
臺北市,內湖區,秀湖里,426,1790,709,388,1097,47,1144
臺北市,內湖區,安泰里,427,1417,521,264,785,32,817
臺北市,內湖區,安泰里,428,1694,617,316,933,37,970
臺北市,內湖區,安泰里,429,1676,602,284,886,37,923
臺北市,內湖區,金湖里,430,1643,559,362,921,18,939
臺北市,內湖區,金湖里,431,1588,568,351,919,22,941
臺北市,內湖區,金湖里,432,1603,580,341,921,44,965
臺北市,內湖區,金湖里,433,1629,564,367,931,24,955
臺北市,內湖區,金湖里,434,1646,618,374,992,28,1020
臺北市,內湖區,康寧里,435,1883,670,348,1018,27,1045
臺北市,內湖區,康寧里,436,1434,533,295,828,23,851
臺北市,內湖區,康寧里,437,1418,514,289,803,21,824
臺北市,內湖區,康寧里,438,1373,532,267,799,34,833
臺北市,內湖區,康寧里,439,1349,505,284,789,30,819
臺北市,內湖區,明湖里,440,1511,603,296,899,31,930
臺北市,內湖區,明湖里,441,1563,603,350,953,24,977
臺北市,內湖區,明湖里,442,1550,563,313,876,27,903
臺北市,內湖區,蘆洲里,443,1157,427,202,629,27,656
臺北市,內湖區,麗山里,444,1768,595,424,1019,28,1047
臺北市,內湖區,麗山里,445,1664,630,310,940,35,975
臺北市,內湖區,麗山里,446,1743,613,376,989,37,1026
臺北市,內湖區,寶湖里,447,1480,569,307,876,13,889
臺北市,內湖區,寶湖里,448,1589,577,377,954,37,991
臺北市,內湖區,寶湖里,449,1371,488,278,766,28,794
臺北市,內湖區,寶湖里,450,1575,587,372,959,26,985
臺北市,內湖區,寶湖里,451,1377,496,300,796,18,814
臺北市,內湖區,南湖里,452,1469,549,382,931,35,966
臺北市,內湖區,南湖里,453,1529,585,370,955,16,971
臺北市,內湖區,南湖里,454,1649,587,394,981,21,1002
臺北市,南港區,南港里,455,1280,465,230,695,17,712
臺北市,南港區,南港里,456,1351,525,246,771,18,789
臺北市,南港區,南港里,457,1345,511,275,786,22,808
臺北市,南港區,南港里,458,1679,475,249,724,28,752
臺北市,南港區,中南里,459,1680,575,309,884,25,909
臺北市,南港區,中南里,460,1635,555,261,816,37,853
臺北市,南港區,三重里,461,1459,559,237,796,21,817
臺北市,南港區,三重里,462,1706,594,377,971,21,992
臺北市,南港區,三重里,463,1674,568,299,867,37,904
臺北市,南港區,三重里,464,1491,518,311,829,17,846
臺北市,南港區,新富里,465,1086,448,233,681,23,704
臺北市,南港區,新富里,466,1202,489,249,738,43,781
臺北市,南港區,新富里,467,1198,475,242,717,17,734
臺北市,南港區,中研里,468,1430,493,281,774,26,800
臺北市,南港區,中研里,469,1275,438,322,760,29,789
臺北市,南港區,中研里,470,1344,473,352,825,43,868
臺北市,南港區,中研里,471,1391,481,337,818,19,837
臺北市,南港區,中研里,472,1342,490,309,799,22,821
臺北市,南港區,中研里,473,1389,465,272,737,24,761
臺北市,南港區,九如里,474,1426,552,266,818,55,873
臺北市,南港區,九如里,475,1359,579,220,799,18,817
臺北市,南港區,九如里,476,1366,538,223,761,26,787
臺北市,南港區,九如里,477,1441,678,258,936,28,964
臺北市,南港區,舊莊里,478,1529,552,254,806,38,844
臺北市,南港區,舊莊里,479,1618,538,299,837,33,870
臺北市,南港區,舊莊里,480,1545,501,223,724,34,758
臺北市,南港區,舊莊里,481,1569,578,302,880,27,907
臺北市,南港區,舊莊里,482,1661,545,280,825,34,859
臺北市,南港區,東新里,483,1518,465,270,735,40,775
臺北市,南港區,東新里,484,1552,626,323,949,34,983
臺北市,南港區,東新里,485,1658,563,332,895,14,909
臺北市,南港區,東新里,486,1608,618,294,912,31,943
臺北市,南港區,重陽里,487,1475,517,265,782,32,814
臺北市,南港區,重陽里,488,1722,659,396,1055,28,1083
臺北市,南港區,重陽里,489,1383,561,321,882,24,906
臺北市,南港區,東明里,490,1397,548,265,813,20,833
臺北市,南港區,東明里,491,1352,556,244,800,24,824
臺北市,南港區,東明里,492,1344,510,278,788,25,813
臺北市,南港區,西新里,493,1385,476,271,747,13,760
臺北市,南港區,西新里,494,1399,506,268,774,31,805
臺北市,南港區,西新里,495,1381,500,251,751,21,772
臺北市,南港區,玉成里,496,1548,587,262,849,30,879
臺北市,南港區,玉成里,497,1190,440,223,663,22,685
臺北市,南港區,玉成里,498,1490,548,317,865,27,892
臺北市,南港區,合成里,499,1096,439,227,666,16,682
臺北市,南港區,合成里,500,1238,581,175,756,27,783
臺北市,南港區,合成里,501,1271,512,257,769,28,797
臺北市,南港區,合成里,502,1146,436,206,642,29,671
臺北市,南港區,合成里,503,1232,457,239,696,26,722
臺北市,南港區,新光里,504,1649,527,282,809,24,833
臺北市,南港區,新光里,505,1688,698,306,1004,24,1028
臺北市,南港區,聯成里,506,1503,601,285,886,34,920
臺北市,南港區,聯成里,507,1542,586,300,886,15,901
臺北市,南港區,聯成里,508,1463,588,252,840,27,867
臺北市,南港區,萬福里,509,1195,482,245,727,34,761
臺北市,南港區,萬福里,510,1254,462,282,744,9,753
臺北市,南港區,萬福里,511,1356,526,245,771,44,815
臺北市,南港區,鴻福里,512,1363,530,272,802,40,842
臺北市,南港區,鴻福里,513,1317,525,287,812,25,837
臺北市,南港區,鴻福里,514,1331,508,261,769,21,790
臺北市,南港區,百福里,515,1610,585,315,900,42,942
臺北市,南港區,百福里,516,1542,574,288,862,22,884
臺北市,南港區,百福里,517,1581,623,284,907,35,942
臺北市,南港區,成福里,518,1225,526,231,757,24,781
臺北市,南港區,成福里,519,1264,521,250,771,34,805
臺北市,南港區,成福里,520,1649,624,337,961,56,1017
臺北市,南港區,成福里,521,1267,457,287,744,21,765
臺北市,南港區,成福里,522,1336,514,259,773,21,794
臺北市,南港區,仁福里,523,1162,464,229,693,25,718
臺北市,南港區,仁福里,524,1045,391,220,611,22,633
臺北市,南港區,仁福里,525,1351,590,280,870,28,898
臺北市,南港區,仁福里,526,1358,545,249,794,16,810
臺北市,松山區,莊敬里,527,1583,597,324,921,24,945
臺北市,松山區,莊敬里,528,1691,625,320,945,38,983
臺北市,松山區,莊敬里,529,1386,517,250,767,26,793
臺北市,松山區,東榮里,530,1362,509,278,787,39,826
臺北市,松山區,東榮里,531,1399,527,290,817,30,847
臺北市,松山區,東榮里,532,1324,486,297,783,32,815
臺北市,松山區,東榮里,533,1296,501,298,799,33,832
臺北市,松山區,東榮里,534,1386,547,272,819,34,853
臺北市,松山區,三民里,535,1529,565,369,934,45,979
臺北市,松山區,三民里,536,1416,526,273,799,28,827
臺北市,松山區,三民里,537,1619,539,313,852,39,891
臺北市,松山區,三民里,538,1386,489,334,823,19,842
臺北市,松山區,新益里,539,1380,529,323,852,31,883
臺北市,松山區,新益里,540,1357,504,300,804,21,825
臺北市,松山區,新益里,541,1296,524,275,799,21,820
臺北市,松山區,富錦里,542,1632,606,320,926,53,979
臺北市,松山區,富錦里,543,1414,502,299,801,28,829
臺北市,松山區,富錦里,544,1404,521,296,817,21,838
臺北市,松山區,新東里,545,1365,554,260,814,36,850
臺北市,松山區,新東里,546,1431,544,292,836,29,865
臺北市,松山區,新東里,547,1483,548,318,866,46,912
臺北市,松山區,富泰里,548,1293,508,284,792,29,821
臺北市,松山區,富泰里,549,1410,487,291,778,28,806
臺北市,松山區,富泰里,550,1307,514,249,763,31,794
臺北市,松山區,介壽里,551,1242,486,284,770,23,793
臺北市,松山區,介壽里,552,1192,466,240,706,30,736
臺北市,松山區,介壽里,553,1276,519,247,766,36,802
臺北市,松山區,精忠里,554,1201,459,240,699,14,713
臺北市,松山區,精忠里,555,1318,499,272,771,24,795
臺北市,松山區,精忠里,556,1157,458,245,703,25,728
臺北市,松山區,東光里,557,1157,425,240,665,17,682
臺北市,松山區,東光里,558,1357,557,251,808,31,839
臺北市,松山區,東光里,559,1215,423,239,662,20,682
臺北市,松山區,東光里,560,1345,507,252,759,28,787
臺北市,松山區,東光里,561,1237,467,265,732,24,756
臺北市,松山區,龍田里,562,1393,644,226,870,24,894
臺北市,松山區,龍田里,563,1331,531,310,841,25,866
臺北市,松山區,龍田里,564,1550,566,371,937,37,974
臺北市,松山區,龍田里,565,1308,530,190,720,21,741
臺北市,松山區,龍田里,566,1490,588,251,839,40,879
臺北市,松山區,龍田里,567,1406,585,285,870,22,892
臺北市,松山區,東昌里,568,1191,479,276,755,18,773
臺北市,松山區,東昌里,569,1095,404,236,640,34,674
臺北市,松山區,東勢里,570,1198,464,215,679,34,713
臺北市,松山區,東勢里,571,1265,506,211,717,28,745
臺北市,松山區,東勢里,572,1225,448,253,701,17,718
臺北市,松山區,中華里,573,1698,663,364,1027,44,1071
臺北市,松山區,中華里,574,1819,697,320,1017,31,1048
臺北市,松山區,中華里,575,1754,670,350,1020,42,1062
臺北市,松山區,民有里,576,1361,483,324,807,42,849
臺北市,松山區,民有里,577,1189,485,237,722,22,744
臺北市,松山區,民有里,578,1214,465,259,724,25,749
臺北市,松山區,民有里,579,1284,455,286,741,31,772
臺北市,松山區,民有里,580,1297,474,302,776,35,811
臺北市,松山區,民有里,581,1330,474,280,754,30,784
臺北市,松山區,民福里,582,1396,567,270,837,29,866
臺北市,松山區,民福里,583,1480,590,256,846,20,866
臺北市,松山區,民福里,584,1419,558,286,844,22,866
臺北市,松山區,民福里,585,1390,535,286,821,31,852
臺北市,松山區,松基里,586,1525,556,338,894,32,926
臺北市,松山區,松基里,587,1633,597,295,892,26,918
臺北市,松山區,慈祐里,588,2677,545,327,872,24,896
臺北市,松山區,慈祐里,589,1281,460,277,737,36,773
臺北市,松山區,慈祐里,590,1469,447,249,696,28,724
臺北市,松山區,慈祐里,591,1700,579,330,909,55,964
臺北市,松山區,安平里,592,1503,497,308,805,30,835
臺北市,松山區,安平里,593,1309,489,261,750,25,775
臺北市,松山區,安平里,594,1376,538,265,803,34,837
臺北市,松山區,安平里,595,1654,587,343,930,31,961
臺北市,松山區,安平里,596,1601,561,298,859,52,911
臺北市,松山區,鵬程里,597,1496,563,297,860,23,883
臺北市,松山區,鵬程里,598,1598,624,342,966,49,1015
臺北市,松山區,鵬程里,599,1751,668,347,1015,44,1059
臺北市,松山區,自強里,600,1557,628,319,947,32,979
臺北市,松山區,自強里,601,1686,760,331,1091,28,1119
臺北市,松山區,自強里,602,1707,753,262,1015,38,1053
臺北市,松山區,自強里,603,1854,686,378,1064,47,1111
臺北市,松山區,自強里,604,1740,608,340,948,32,980
臺北市,松山區,吉祥里,605,1494,566,279,845,43,888
臺北市,松山區,吉祥里,606,1453,588,263,851,30,881
臺北市,松山區,吉祥里,607,1458,558,297,855,24,879
臺北市,松山區,吉祥里,608,1536,542,326,868,27,895
臺北市,松山區,吉祥里,609,1463,560,293,853,29,882
臺北市,松山區,新聚里,610,1790,577,358,935,22,957
臺北市,松山區,新聚里,611,1679,637,350,987,32,1019
臺北市,松山區,新聚里,612,1785,583,312,895,39,934
臺北市,松山區,新聚里,613,1793,606,378,984,36,1020
臺北市,松山區,復盛里,614,1381,545,244,789,32,821
臺北市,松山區,復盛里,615,1279,500,254,754,23,777
臺北市,松山區,復盛里,616,1681,626,342,968,45,1013
臺北市,松山區,復盛里,617,1232,484,259,743,34,777
臺北市,松山區,中正里,618,1533,546,309,855,32,887
臺北市,松山區,中正里,619,1540,591,336,927,25,952
臺北市,松山區,中正里,620,1716,610,338,948,28,976
臺北市,松山區,中正里,621,1664,549,341,890,36,926
臺北市,松山區,中正里,622,1350,504,252,756,24,780
臺北市,松山區,中崙里,623,1837,660,355,1015,35,1050
臺北市,松山區,中崙里,624,1558,529,286,815,43,858
臺北市,松山區,美仁里,625,1420,551,296,847,33,880
臺北市,松山區,美仁里,626,1474,548,269,817,30,847
臺北市,松山區,吉仁里,627,1591,584,301,885,31,916
臺北市,松山區,吉仁里,628,1726,623,341,964,38,1002
臺北市,松山區,敦化里,629,1452,476,333,809,31,840
臺北市,松山區,敦化里,630,1482,523,296,819,27,846
臺北市,松山區,敦化里,631,1460,562,280,842,36,878
臺北市,松山區,敦化里,632,1398,496,282,778,31,809
臺北市,松山區,復源里,633,1423,537,295,832,38,870
臺北市,松山區,復源里,634,1226,502,227,729,21,750
臺北市,松山區,復建里,635,1158,448,227,675,30,705
臺北市,松山區,復建里,636,1426,511,289,800,23,823
臺北市,松山區,復建里,637,1177,444,245,689,14,703
臺北市,松山區,復勢里,638,1363,485,297,782,25,807
臺北市,松山區,復勢里,639,1240,519,230,749,27,776
臺北市,松山區,復勢里,640,1375,549,278,827,30,857
臺北市,松山區,復勢里,641,1377,508,281,789,36,825
臺北市,松山區,福成里,642,1225,428,238,666,15,681
臺北市,松山區,福成里,643,1017,387,244,631,23,654
臺北市,信義區,西村里,644,2476,540,258,798,19,817
臺北市,信義區,西村里,645,1381,606,259,865,20,885
臺北市,信義區,西村里,646,1294,538,242,780,37,817
臺北市,信義區,正和里,647,1351,512,274,786,26,812
臺北市,信義區,正和里,648,1296,512,247,759,23,782
臺北市,信義區,正和里,649,1302,523,260,783,26,809
臺北市,信義區,興隆里,650,1025,382,169,551,36,587
臺北市,信義區,興隆里,651,1421,486,278,764,22,786
臺北市,信義區,中興里,652,1501,529,310,839,17,856
臺北市,信義區,中興里,653,1575,500,302,802,24,826
臺北市,信義區,新仁里,654,1516,563,294,857,19,876
臺北市,信義區,新仁里,655,1382,508,309,817,17,834
臺北市,信義區,興雅里,656,1128,421,211,632,29,661
臺北市,信義區,興雅里,657,1397,521,245,766,32,798
臺北市,信義區,興雅里,658,1161,486,218,704,27,731
臺北市,信義區,興雅里,659,1368,507,258,765,32,797
臺北市,信義區,敦厚里,660,1049,413,209,622,18,640
臺北市,信義區,敦厚里,661,1308,516,245,761,25,786
臺北市,信義區,敦厚里,662,1154,437,258,695,36,731
臺北市,信義區,敦厚里,663,1078,361,289,650,14,664
臺北市,信義區,廣居里,664,1375,513,270,783,30,813
臺北市,信義區,廣居里,665,1448,581,249,830,32,862
臺北市,信義區,廣居里,666,1250,488,250,738,25,763
臺北市,信義區,廣居里,667,1381,517,300,817,13,830
臺北市,信義區,廣居里,668,1213,486,237,723,27,750
臺北市,信義區,安康里,669,1373,575,279,854,22,876
臺北市,信義區,安康里,670,1226,487,237,724,28,752
臺北市,信義區,安康里,671,1117,433,258,691,15,706
臺北市,信義區,安康里,672,1123,479,200,679,23,702
臺北市,信義區,安康里,673,1200,456,241,697,32,729
臺北市,信義區,安康里,674,1335,436,256,692,20,712
臺北市,信義區,安康里,675,1332,484,226,710,26,736
臺北市,信義區,六藝里,676,1648,644,296,940,44,984
臺北市,信義區,六藝里,677,1542,561,290,851,47,898
臺北市,信義區,雅祥里,678,1228,458,241,699,34,733
臺北市,信義區,雅祥里,679,1731,653,331,984,29,1013
臺北市,信義區,雅祥里,680,1403,532,286,818,27,845
臺北市,信義區,五常里,681,1929,721,296,1017,55,1072
臺北市,信義區,五常里,682,1300,501,276,777,26,803
臺北市,信義區,五全里,683,1486,512,261,773,25,798
臺北市,信義區,五全里,684,1532,484,273,757,30,787
臺北市,信義區,五全里,685,1387,563,268,831,38,869
臺北市,信義區,永吉里,686,1195,440,185,625,35,660
臺北市,信義區,永吉里,687,1068,402,194,596,23,619
臺北市,信義區,永吉里,688,1273,470,208,678,31,709
臺北市,信義區,長春里,689,1329,521,276,797,44,841
臺北市,信義區,長春里,690,1311,477,242,719,30,749
臺北市,信義區,長春里,691,1258,443,221,664,39,703
臺北市,信義區,四育里,692,1277,483,259,742,32,774
臺北市,信義區,四育里,693,1285,515,266,781,37,818
臺北市,信義區,四育里,694,1161,456,246,702,36,738
臺北市,信義區,四育里,695,1299,456,284,740,26,766
臺北市,信義區,四維里,696,1243,453,238,691,29,720
臺北市,信義區,四維里,697,1197,437,233,670,17,687
臺北市,信義區,四維里,698,1224,496,270,766,22,788
臺北市,信義區,四維里,699,1147,426,202,628,25,653
臺北市,信義區,永春里,700,1045,392,222,614,15,629
臺北市,信義區,永春里,701,1096,476,194,670,23,693
臺北市,信義區,永春里,702,1115,426,218,644,10,654
臺北市,信義區,永春里,703,1117,450,175,625,24,649
臺北市,信義區,富台里,704,1019,321,196,517,21,538
臺北市,信義區,富台里,705,1346,500,265,765,29,794
臺北市,信義區,富台里,706,1405,514,264,778,26,804
臺北市,信義區,國業里,707,1356,500,261,761,33,794
臺北市,信義區,國業里,708,1250,516,271,787,23,810
臺北市,信義區,國業里,709,1254,514,237,751,18,769
臺北市,信義區,國業里,710,1317,503,252,755,26,781
臺北市,信義區,國業里,711,1271,577,259,836,32,868
臺北市,信義區,松隆里,712,979,353,181,534,24,558
臺北市,信義區,松隆里,713,1025,358,185,543,32,575
臺北市,信義區,松友里,714,1512,488,256,744,30,774
臺北市,信義區,松友里,715,1483,557,320,877,21,898
臺北市,信義區,松友里,716,1359,543,277,820,29,849
臺北市,信義區,松友里,717,1387,567,274,841,15,856
臺北市,信義區,松光里,718,1455,530,244,774,32,806
臺北市,信義區,松光里,719,1461,544,296,840,21,861
臺北市,信義區,松光里,720,1532,573,306,879,41,920
臺北市,信義區,中坡里,721,1043,408,244,652,21,673
臺北市,信義區,中坡里,722,875,354,177,531,28,559
臺北市,信義區,中坡里,723,927,354,177,531,10,541
臺北市,信義區,中坡里,724,1119,454,199,653,33,686
臺北市,信義區,中行里,725,1463,540,287,827,38,865
臺北市,信義區,中行里,726,1293,518,283,801,28,829
臺北市,信義區,中行里,727,1553,571,278,849,32,881
臺北市,信義區,中行里,728,1360,489,294,783,19,802
臺北市,信義區,中行里,729,1392,517,286,803,31,834
臺北市,信義區,大道里,730,1377,533,264,797,15,812
臺北市,信義區,大道里,731,1377,523,272,795,19,814
臺北市,信義區,大道里,732,1269,453,219,672,21,693
臺北市,信義區,大道里,733,1407,552,250,802,61,863
臺北市,信義區,大仁里,734,1172,445,217,662,28,690
臺北市,信義區,大仁里,735,1182,447,226,673,22,695
臺北市,信義區,大仁里,736,1255,486,237,723,42,765
臺北市,信義區,景新里,737,1689,599,298,897,27,924
臺北市,信義區,景新里,738,1605,569,286,855,33,888
臺北市,信義區,景新里,739,1143,444,194,638,19,657
臺北市,信義區,惠安里,740,1440,525,247,772,21,793
臺北市,信義區,惠安里,741,1495,564,275,839,24,863
臺北市,信義區,惠安里,742,1514,588,301,889,42,931
臺北市,信義區,惠安里,743,1449,564,238,802,26,828
臺北市,信義區,三張里,744,1401,563,263,826,31,857
臺北市,信義區,三張里,745,1181,433,205,638,17,655
臺北市,信義區,三張里,746,1376,564,281,845,36,881
臺北市,信義區,三張里,747,1422,596,243,839,37,876
臺北市,信義區,三張里,748,1267,477,248,725,17,742
臺北市,信義區,三張里,749,1220,436,223,659,20,679
臺北市,信義區,三犁里,750,1562,563,248,811,20,831
臺北市,信義區,三犁里,751,1455,498,295,793,22,815
臺北市,信義區,三犁里,752,1605,565,301,866,28,894
臺北市,信義區,六合里,753,1626,673,301,974,28,1002
臺北市,信義區,六合里,754,1561,580,328,908,34,942
臺北市,信義區,六合里,755,1547,499,259,758,18,776
臺北市,信義區,六合里,756,1336,469,281,750,16,766
臺北市,信義區,泰和里,757,1314,451,224,675,21,696
臺北市,信義區,泰和里,758,1297,464,234,698,31,729
臺北市,信義區,泰和里,759,1366,518,224,742,37,779
臺北市,信義區,泰和里,760,1472,517,308,825,22,847
臺北市,信義區,泰和里,761,1450,522,279,801,41,842
臺北市,信義區,景聯里,762,1328,505,243,748,28,776
臺北市,信義區,景聯里,763,1399,529,290,819,36,855
臺北市,信義區,景聯里,764,1373,542,263,805,40,845
臺北市,信義區,景勤里,765,1099,425,183,608,19,627
臺北市,信義區,景勤里,766,1226,443,237,680,0,680
臺北市,信義區,景勤里,767,1267,463,225,688,19,707
臺北市,信義區,雙和里,768,1531,488,393,881,30,911
臺北市,信義區,雙和里,769,1438,571,266,837,38,875
臺北市,信義區,雙和里,770,1657,614,297,911,17,928
臺北市,信義區,雙和里,771,1621,600,333,933,30,963
臺北市,信義區,嘉興里,772,1508,601,293,894,17,911
臺北市,信義區,嘉興里,773,1334,524,267,791,25,816
臺北市,信義區,黎順里,774,1246,402,171,573,25,598
臺北市,信義區,黎順里,775,1196,463,276,739,21,760
臺北市,信義區,黎順里,776,1220,466,254,720,19,739
臺北市,信義區,黎平里,777,1538,560,297,857,22,879
臺北市,信義區,黎平里,778,1565,608,299,907,39,946
臺北市,信義區,黎平里,779,1621,514,307,821,58,879
臺北市,信義區,黎平里,780,1486,534,269,803,42,845
臺北市,信義區,黎忠里,781,1507,548,261,809,26,835
臺北市,信義區,黎忠里,782,1516,599,274,873,31,904
臺北市,信義區,黎忠里,783,1287,539,225,764,44,808
臺北市,信義區,黎安里,784,1050,361,157,518,47,565
臺北市,信義區,黎安里,785,801,376,96,472,27,499
臺北市,中山區,正守里,786,1522,537,318,855,29,884
臺北市,中山區,正守里,787,1332,475,249,724,20,744
臺北市,中山區,正義里,788,1656,515,293,808,29,837
臺北市,中山區,正義里,789,1367,444,231,675,46,721
臺北市,中山區,正義里,790,1732,526,316,842,35,877
臺北市,中山區,正得里,791,1634,577,322,899,41,940
臺北市,中山區,正得里,792,1650,569,300,869,25,894
臺北市,中山區,民安里,793,1392,521,277,798,27,825
臺北市,中山區,民安里,794,1177,439,281,720,17,737
臺北市,中山區,民安里,795,1477,545,316,861,37,898
臺北市,中山區,康樂里,796,1063,354,192,546,35,581
臺北市,中山區,康樂里,797,1296,476,209,685,24,709
臺北市,中山區,中山里,798,1330,428,257,685,26,711
臺北市,中山區,中山里,799,1483,513,267,780,30,810
臺北市,中山區,中山里,800,1542,525,276,801,18,819
臺北市,中山區,中山里,801,1710,547,304,851,38,889
臺北市,中山區,聚盛里,802,1315,441,228,669,16,685
臺北市,中山區,聚盛里,803,1245,459,210,669,37,706
臺北市,中山區,聚盛里,804,1262,465,196,661,26,687
臺北市,中山區,集英里,805,1518,531,318,849,35,884
臺北市,中山區,集英里,806,1522,568,285,853,36,889
臺北市,中山區,集英里,807,1580,518,289,807,26,833
臺北市,中山區,集英里,808,1529,523,315,838,25,863
臺北市,中山區,聚葉里,809,1221,425,227,652,28,680
臺北市,中山區,聚葉里,810,1221,477,231,708,21,729
臺北市,中山區,聚葉里,811,1139,376,184,560,23,583
臺北市,中山區,恆安里,812,1407,490,265,755,52,807
臺北市,中山區,恆安里,813,1321,443,290,733,23,756
臺北市,中山區,恆安里,814,1578,505,268,773,26,799
臺北市,中山區,晴光里,815,1739,557,303,860,41,901
臺北市,中山區,晴光里,816,1637,525,286,811,29,840
臺北市,中山區,晴光里,817,1541,499,296,795,46,841
臺北市,中山區,圓山里,818,1210,439,251,690,29,719
臺北市,中山區,圓山里,819,1331,455,259,714,30,744
臺北市,中山區,圓山里,820,1224,397,218,615,41,656
臺北市,中山區,新庄里,821,1585,616,261,877,39,916
臺北市,中山區,新庄里,822,1523,607,302,909,43,952
臺北市,中山區,新庄里,823,1368,547,274,821,31,852
臺北市,中山區,劍潭里,824,1805,739,263,1002,32,1034
臺北市,中山區,劍潭里,825,1404,587,244,831,19,850
臺北市,中山區,大直里,826,1708,637,403,1040,32,1072
臺北市,中山區,大直里,827,1451,547,347,894,26,920
臺北市,中山區,大直里,828,1684,640,364,1004,39,1043
臺北市,中山區,大直里,829,1585,596,299,895,17,912
臺北市,中山區,大直里,830,1391,507,294,801,43,844
臺北市,中山區,成功里,831,1375,585,272,857,47,904
臺北市,中山區,成功里,832,1472,530,328,858,18,876
臺北市,中山區,成功里,833,1327,445,271,716,22,738
臺北市,中山區,成功里,834,1401,523,290,813,12,825
臺北市,中山區,永安里,835,1423,557,266,823,27,850
臺北市,中山區,永安里,836,1569,579,333,912,25,937
臺北市,中山區,永安里,837,1651,573,354,927,29,956
臺北市,中山區,永安里,838,1624,534,369,903,18,921
臺北市,中山區,永安里,839,1713,600,419,1019,33,1052
臺北市,中山區,金泰里,840,1647,642,331,973,21,994
臺北市,中山區,金泰里,841,1762,582,341,923,37,960
臺北市,中山區,金泰里,842,1399,584,257,841,23,864
臺北市,中山區,金泰里,843,1489,602,300,902,20,922
臺北市,中山區,北安里,844,1269,513,257,770,20,790
臺北市,中山區,北安里,845,998,421,188,609,26,635
臺北市,中山區,新喜里,846,1472,522,288,810,29,839
臺北市,中山區,新喜里,847,1517,513,291,804,31,835
臺北市,中山區,新喜里,848,1704,661,336,997,35,1032
臺北市,中山區,新福里,849,1603,608,259,867,66,933
臺北市,中山區,新福里,850,1432,511,232,743,51,794
臺北市,中山區,新福里,851,1500,532,317,849,48,897
臺北市,中山區,松江里,852,1332,534,256,790,32,822
臺北市,中山區,松江里,853,1450,548,303,851,37,888
臺北市,中山區,松江里,854,1434,536,330,866,25,891
臺北市,中山區,松江里,855,1419,521,250,771,37,808
臺北市,中山區,新生里,856,1292,465,250,715,23,738
臺北市,中山區,新生里,857,1526,511,305,816,39,855
臺北市,中山區,新生里,858,1582,480,279,759,28,787
臺北市,中山區,中庄里,859,1588,500,299,799,33,832
臺北市,中山區,中庄里,860,1463,533,274,807,41,848
臺北市,中山區,中庄里,861,1533,465,302,767,35,802
臺北市,中山區,大佳里,862,944,376,132,508,20,528
臺北市,中山區,行政里,863,1745,703,356,1059,32,1091
臺北市,中山區,行政里,864,1679,524,317,841,21,862
臺北市,中山區,行政里,865,3419,490,298,788,36,824
臺北市,中山區,行仁里,866,1387,514,292,806,30,836
臺北市,中山區,行仁里,867,1672,642,323,965,27,992
臺北市,中山區,行仁里,868,1319,477,262,739,39,778
臺北市,中山區,行仁里,869,1364,497,232,729,41,770
臺北市,中山區,行仁里,870,1461,502,290,792,31,823
臺北市,中山區,行孝里,871,1173,442,239,681,25,706
臺北市,中山區,行孝里,872,1171,412,214,626,30,656
臺北市,中山區,行孝里,873,1310,465,278,743,14,757
臺北市,中山區,下埤里,874,1373,508,295,803,38,841
臺北市,中山區,下埤里,875,1290,531,252,783,25,808
臺北市,中山區,下埤里,876,1346,485,295,780,31,811
臺北市,中山區,下埤里,877,1468,510,343,853,39,892
臺北市,中山區,下埤里,878,1178,455,238,693,17,710
臺北市,中山區,江寧里,879,1654,607,336,943,44,987
臺北市,中山區,江寧里,880,1464,531,296,827,34,861
臺北市,中山區,江寧里,881,1450,497,288,785,32,817
臺北市,中山區,江寧里,882,1534,525,320,845,43,888
臺北市,中山區,江山里,883,1703,593,349,942,31,973
臺北市,中山區,江山里,884,1610,596,304,900,46,946
臺北市,中山區,江山里,885,1653,540,338,878,51,929
臺北市,中山區,江山里,886,1694,627,367,994,42,1036
臺北市,中山區,中吉里,887,1623,562,318,880,34,914
臺北市,中山區,中吉里,888,1618,576,339,915,32,947
臺北市,中山區,中吉里,889,1583,548,323,871,39,910
臺北市,中山區,中原里,890,1605,454,459,913,48,961
臺北市,中山區,中原里,891,1398,546,311,857,42,899
臺北市,中山區,中原里,892,1526,602,355,957,33,990
臺北市,中山區,興亞里,893,1555,540,318,858,51,909
臺北市,中山區,興亞里,894,1597,559,312,871,29,900
臺北市,中山區,興亞里,895,1587,552,345,897,44,941
臺北市,中山區,中央里,896,1587,567,360,927,31,958
臺北市,中山區,中央里,897,1546,577,336,913,47,960
臺北市,中山區,朱馥里,898,1322,477,238,715,41,756
臺北市,中山區,朱馥里,899,1267,472,242,714,31,745
臺北市,中山區,朱馥里,900,1210,454,230,684,16,700
臺北市,中山區,朱馥里,901,1295,485,232,717,29,746
臺北市,中山區,龍洲里,902,1467,552,317,869,35,904
臺北市,中山區,龍洲里,903,1491,604,272,876,29,905
臺北市,中山區,龍洲里,904,1516,654,293,947,33,980
臺北市,中山區,朱園里,905,1384,443,293,736,24,760
臺北市,中山區,朱園里,906,1138,432,278,710,22,732
臺北市,中山區,朱園里,907,1513,486,301,787,31,818
臺北市,中山區,埤頭里,908,1559,569,316,885,45,930
臺北市,中山區,埤頭里,909,1429,559,294,853,39,892
臺北市,中山區,朱崙里,910,1245,473,274,747,25,772
臺北市,中山區,朱崙里,911,1214,490,250,740,30,770
臺北市,中山區,力行里,912,1394,518,296,814,21,835
臺北市,中山區,力行里,913,1336,449,265,714,11,725
臺北市,中山區,力行里,914,1227,434,247,681,26,707
臺北市,中山區,力行里,915,1382,527,261,788,32,820
臺北市,中山區,復華里,916,1436,540,251,791,37,828
臺北市,中山區,復華里,917,1405,425,280,705,32,737
臺北市,中山區,復華里,918,1259,462,248,710,25,735
臺北市,大同區,玉泉里,919,1261,443,264,707,49,756
臺北市,大同區,玉泉里,920,1352,513,289,802,35,837
臺北市,大同區,建明里,921,1462,530,285,815,30,845
臺北市,大同區,建明里,922,1510,550,245,795,45,840
臺北市,大同區,建功里,923,1496,498,287,785,24,809
臺北市,大同區,建功里,924,1329,479,251,730,24,754
臺北市,大同區,建功里,925,1307,481,235,716,52,768
臺北市,大同區,建泰里,926,1065,374,233,607,27,634
臺北市,大同區,建泰里,927,1085,387,236,623,19,642
臺北市,大同區,建泰里,928,1047,398,242,640,37,677
臺北市,大同區,永樂里,929,1215,371,268,639,27,666
臺北市,大同區,永樂里,930,1117,422,255,677,24,701
臺北市,大同區,永樂里,931,1186,549,161,710,23,733
臺北市,大同區,永樂里,932,1185,455,238,693,36,729
臺北市,大同區,朝陽里,933,1359,512,250,762,27,789
臺北市,大同區,朝陽里,934,1273,486,235,721,16,737
臺北市,大同區,朝陽里,935,1291,474,309,783,29,812
臺北市,大同區,星明里,936,1288,450,250,700,21,721
臺北市,大同區,星明里,937,1245,500,266,766,27,793
臺北市,大同區,星明里,938,1261,466,298,764,31,795
臺北市,大同區,星明里,939,1348,465,266,731,19,750
臺北市,大同區,光能里,940,1676,588,354,942,49,991
臺北市,大同區,光能里,941,1311,521,254,775,37,812
臺北市,大同區,光能里,942,1316,506,254,760,41,801
臺北市,大同區,大有里,943,1409,499,285,784,48,832
臺北市,大同區,大有里,944,1436,509,324,833,38,871
臺北市,大同區,大有里,945,1408,516,281,797,40,837
臺北市,大同區,延平里,946,1276,481,229,710,27,737
臺北市,大同區,延平里,947,1110,433,196,629,14,643
臺北市,大同區,延平里,948,1324,478,282,760,20,780
臺北市,大同區,雙連里,949,1016,384,180,564,25,589
臺北市,大同區,雙連里,950,1028,421,202,623,21,644
臺北市,大同區,雙連里,951,1158,471,209,680,27,707
臺北市,大同區,雙連里,952,1138,467,213,680,26,706
臺北市,大同區,雙連里,953,1214,471,235,706,29,735
臺北市,大同區,雙連里,954,1090,421,193,614,24,638
臺北市,大同區,雙連里,955,1305,629,159,788,36,824
臺北市,大同區,南芳里,956,1167,424,223,647,19,666
臺北市,大同區,南芳里,957,1148,411,238,649,28,677
臺北市,大同區,南芳里,958,1203,474,257,731,26,757
臺北市,大同區,民權里,959,1441,503,296,799,21,820
臺北市,大同區,民權里,960,1315,513,266,779,44,823
臺北市,大同區,民權里,961,1393,478,298,776,31,807
臺北市,大同區,民權里,962,1278,450,284,734,31,765
臺北市,大同區,景星里,963,1246,415,239,654,27,681
臺北市,大同區,景星里,964,1142,432,200,632,40,672
臺北市,大同區,隆和里,965,1336,543,257,800,34,834
臺北市,大同區,隆和里,966,1363,500,296,796,40,836
臺北市,大同區,蓬萊里,967,1476,581,281,862,15,877
臺北市,大同區,蓬萊里,968,1418,490,322,812,30,842
臺北市,大同區,蓬萊里,969,1460,546,254,800,25,825
臺北市,大同區,國順里,970,1222,385,213,598,38,636
臺北市,大同區,國順里,971,1246,405,194,599,60,659
臺北市,大同區,國慶里,972,1256,501,250,751,36,787
臺北市,大同區,國慶里,973,1289,467,276,743,20,763
臺北市,大同區,國慶里,974,1340,463,257,720,27,747
臺北市,大同區,揚雅里,975,1555,499,311,810,37,847
臺北市,大同區,揚雅里,976,2459,578,231,809,36,845
臺北市,大同區,斯文里,977,1108,363,144,507,36,543
臺北市,大同區,斯文里,978,867,327,129,456,35,491
臺北市,大同區,斯文里,979,1329,500,287,787,43,830
臺北市,大同區,斯文里,980,1162,398,255,653,29,682
臺北市,大同區,鄰江里,981,1434,494,244,738,56,794
臺北市,大同區,鄰江里,982,1351,483,272,755,40,795
臺北市,大同區,鄰江里,983,1531,534,273,807,31,838
臺北市,大同區,鄰江里,984,1507,453,295,748,25,773
臺北市,大同區,至聖里,985,1488,493,318,811,30,841
臺北市,大同區,至聖里,986,1384,542,274,816,37,853
臺北市,大同區,至聖里,987,1460,570,254,824,34,858
臺北市,大同區,至聖里,988,1371,534,282,816,26,842
臺北市,大同區,至聖里,989,1439,505,285,790,13,803
臺北市,大同區,老師里,990,1376,506,290,796,37,833
臺北市,大同區,老師里,991,1366,510,236,746,39,785
臺北市,大同區,老師里,992,1218,490,267,757,36,793
臺北市,大同區,老師里,993,1235,469,234,703,29,732
臺北市,大同區,重慶里,994,1364,549,196,745,18,763
臺北市,大同區,重慶里,995,1408,515,301,816,48,864
臺北市,大同區,重慶里,996,1450,515,297,812,42,854
臺北市,大同區,重慶里,997,1429,545,304,849,44,893
臺北市,大同區,保安里,998,1170,476,218,694,33,727
臺北市,大同區,保安里,999,1245,463,243,706,33,739
臺北市,大同區,保安里,1000,1215,509,249,758,43,801
臺北市,中正區,水源里,1001,1308,500,265,765,22,787
臺北市,中正區,水源里,1002,1317,454,260,714,26,740
臺北市,中正區,富水里,1003,1069,437,208,645,18,663
臺北市,中正區,富水里,1004,1128,414,196,610,27,637
臺北市,中正區,文盛里,1005,1053,395,222,617,32,649
臺北市,中正區,文盛里,1006,1048,406,217,623,11,634
臺北市,中正區,林興里,1007,1297,502,210,712,28,740
臺北市,中正區,林興里,1008,1193,481,232,713,10,723
臺北市,中正區,林興里,1009,1500,624,341,965,24,989
臺北市,中正區,河堤里,1010,1346,469,275,744,19,763
臺北市,中正區,河堤里,1011,1283,462,272,734,13,747
臺北市,中正區,河堤里,1012,1450,475,305,780,36,816
臺北市,中正區,頂東里,1013,1433,506,315,821,36,857
臺北市,中正區,頂東里,1014,1309,528,312,840,24,864
臺北市,中正區,頂東里,1015,1386,534,283,817,15,832
臺北市,中正區,頂東里,1016,1201,456,253,709,21,730
臺北市,中正區,網溪里,1017,1336,525,270,795,31,826
臺北市,中正區,網溪里,1018,1358,530,275,805,32,837
臺北市,中正區,網溪里,1019,1177,433,253,686,33,719
臺北市,中正區,網溪里,1020,1236,493,265,758,31,789
臺北市,中正區,板溪里,1021,1478,552,268,820,42,862
臺北市,中正區,板溪里,1022,1474,558,302,860,22,882
臺北市,中正區,螢圃里,1023,1172,419,246,665,27,692
臺北市,中正區,螢圃里,1024,1310,472,264,736,35,771
臺北市,中正區,螢圃里,1025,1263,489,231,720,41,761
臺北市,中正區,螢圃里,1026,1169,442,232,674,31,705
臺北市,中正區,螢雪里,1027,1391,531,263,794,22,816
臺北市,中正區,螢雪里,1028,1201,470,186,656,18,674
臺北市,中正區,螢雪里,1029,1324,510,249,759,32,791
臺北市,中正區,永功里,1030,1216,460,203,663,33,696
臺北市,中正區,永功里,1031,1183,419,237,656,31,687
臺北市,中正區,永功里,1032,1469,555,304,859,41,900
臺北市,中正區,永功里,1033,1411,499,301,800,25,825
臺北市,中正區,永昌里,1034,1398,534,262,796,53,849
臺北市,中正區,永昌里,1035,1479,560,251,811,36,847
臺北市,中正區,永昌里,1036,1620,600,287,887,29,916
臺北市,中正區,龍興里,1037,1041,394,217,611,14,625
臺北市,中正區,龍興里,1038,1056,372,230,602,20,622
臺北市,中正區,龍興里,1039,1063,459,217,676,17,693
臺北市,中正區,忠勤里,1040,1591,496,223,719,33,752
臺北市,中正區,忠勤里,1041,1502,488,189,677,38,715
臺北市,中正區,忠勤里,1042,1331,478,208,686,29,715
臺北市,中正區,忠勤里,1043,1441,545,231,776,44,820
臺北市,中正區,廈安里,1044,1273,489,277,766,28,794
臺北市,中正區,廈安里,1045,1133,457,209,666,31,697
臺北市,中正區,廈安里,1046,1156,487,187,674,20,694
臺北市,中正區,愛國里,1047,1377,474,289,763,34,797
臺北市,中正區,愛國里,1048,1266,511,242,753,28,781
臺北市,中正區,南門里,1049,1111,471,215,686,27,713
臺北市,中正區,南門里,1050,1124,419,242,661,20,681
臺北市,中正區,龍光里,1051,1373,543,273,816,29,845
臺北市,中正區,龍光里,1052,1351,560,258,818,23,841
臺北市,中正區,南福里,1053,1495,572,308,880,19,899
臺北市,中正區,南福里,1054,1436,576,324,900,26,926
臺北市,中正區,南福里,1055,1516,553,311,864,15,879
臺北市,中正區,南福里,1056,1374,514,271,785,24,809
臺北市,中正區,南福里,1057,1522,555,269,824,16,840
臺北市,中正區,南福里,1058,1336,518,270,788,21,809
臺北市,中正區,龍福里,1059,1551,549,342,891,29,920
臺北市,中正區,龍福里,1060,1594,586,334,920,39,959
臺北市,中正區,龍福里,1061,1503,545,303,848,26,874
臺北市,中正區,新營里,1062,1455,588,257,845,22,867
臺北市,中正區,新營里,1063,1439,542,308,850,16,866
臺北市,中正區,新營里,1064,1469,603,250,853,25,878
臺北市,中正區,新營里,1065,1430,618,232,850,29,879
臺北市,中正區,新營里,1066,1444,554,311,865,26,891
臺北市,中正區,建國里,1067,1254,473,245,718,14,732
臺北市,中正區,光復里,1068,932,367,176,543,29,572
臺北市,中正區,光復里,1069,1055,376,224,600,44,644
臺北市,中正區,光復里,1070,1226,476,226,702,22,724
臺北市,中正區,黎明里,1071,1390,555,157,712,27,739
臺北市,中正區,黎明里,1072,1336,491,261,752,27,779
臺北市,中正區,梅花里,1073,1419,466,269,735,26,761
臺北市,中正區,梅花里,1074,1361,540,283,823,31,854
臺北市,中正區,幸福里,1075,2520,606,262,868,27,895
臺北市,中正區,幸福里,1076,1224,488,222,710,13,723
臺北市,中正區,幸福里,1077,1272,447,223,670,5,675
臺北市,中正區,幸市里,1078,1400,478,314,792,27,819
臺北市,中正區,幸市里,1079,1319,454,272,726,27,753
臺北市,中正區,幸市里,1080,1232,487,254,741,25,766
臺北市,中正區,東門里,1081,1265,506,279,785,31,816
臺北市,中正區,東門里,1082,1055,419,238,657,19,676
臺北市,中正區,東門里,1083,954,361,178,539,29,568
臺北市,中正區,文北里,1084,1018,412,198,610,19,629
臺北市,中正區,文北里,1085,1431,494,299,793,32,825
臺北市,中正區,文北里,1086,1271,386,257,643,34,677
臺北市,中正區,文北里,1087,983,381,212,593,22,615
臺北市,中正區,文祥里,1088,1594,583,300,883,35,918
臺北市,中正區,文祥里,1089,1565,595,316,911,32,943
臺北市,中正區,文祥里,1090,1650,604,328,932,26,958
臺北市,中正區,文祥里,1091,1600,563,297,860,27,887
臺北市,中正區,三愛里,1092,1391,484,290,774,20,794
臺北市,中正區,三愛里,1093,1769,633,350,983,22,1005
臺北市,中正區,三愛里,1094,1487,527,319,846,31,877
臺北市,中正區,三愛里,1095,1291,488,270,758,26,784
臺北市,中正區,三愛里,1096,1289,481,282,763,21,784
臺北市,萬華區,福星里,1097,1305,491,248,739,35,774
臺北市,萬華區,福星里,1098,1183,397,168,565,41,606
臺北市,萬華區,福星里,1099,1176,444,208,652,18,670
臺北市,萬華區,福星里,1100,1169,378,217,595,21,616
臺北市,萬華區,萬壽里,1101,1457,522,198,720,25,745
臺北市,萬華區,萬壽里,1102,1563,474,236,710,43,753
臺北市,萬華區,西門里,1103,1771,535,313,848,23,871
臺北市,萬華區,西門里,1104,1615,502,310,812,24,836
臺北市,萬華區,新起里,1105,1478,524,249,773,56,829
臺北市,萬華區,新起里,1106,1462,512,271,783,32,815
臺北市,萬華區,新起里,1107,1507,488,212,700,39,739
臺北市,萬華區,新起里,1108,1347,485,274,759,34,793
臺北市,萬華區,菜園里,1109,1367,446,247,693,37,730
臺北市,萬華區,菜園里,1110,1277,507,250,757,29,786
臺北市,萬華區,菜園里,1111,1395,510,299,809,39,848
臺北市,萬華區,菜園里,1112,1450,476,280,756,40,796
臺北市,萬華區,青山里,1113,1340,429,238,667,31,698
臺北市,萬華區,青山里,1114,1242,422,215,637,34,671
臺北市,萬華區,青山里,1115,1286,476,196,672,47,719
臺北市,萬華區,青山里,1116,1324,502,185,687,39,726
臺北市,萬華區,富民里,1117,1619,528,294,822,44,866
臺北市,萬華區,富民里,1118,1352,441,197,638,41,679
臺北市,萬華區,富民里,1119,1440,530,224,754,38,792
臺北市,萬華區,福音里,1120,1194,430,260,690,34,724
臺北市,萬華區,福音里,1121,1083,447,198,645,49,694
臺北市,萬華區,福音里,1122,1237,420,222,642,45,687
臺北市,萬華區,仁德里,1123,1625,544,313,857,41,898
臺北市,萬華區,仁德里,1124,1324,496,270,766,37,803
臺北市,萬華區,仁德里,1125,1352,480,292,772,31,803
臺北市,萬華區,富福里,1126,2630,484,242,726,31,757
臺北市,萬華區,富福里,1127,1504,567,309,876,35,911
臺北市,萬華區,富福里,1128,1425,490,281,771,26,797
臺北市,萬華區,柳鄉里,1129,1591,527,264,791,36,827
臺北市,萬華區,柳鄉里,1130,1474,534,249,783,31,814
臺北市,萬華區,柳鄉里,1131,1612,527,280,807,45,852
臺北市,萬華區,華江里,1132,1447,525,283,808,37,845
臺北市,萬華區,華江里,1133,1491,556,244,800,45,845
臺北市,萬華區,華江里,1134,1500,585,284,869,25,894
臺北市,萬華區,華江里,1135,1582,604,291,895,42,937
臺北市,萬華區,華江里,1136,1623,567,245,812,41,853
臺北市,萬華區,糖?里,1137,1228,420,237,657,25,682
臺北市,萬華區,糖?里,1138,1268,470,215,685,36,721
臺北市,萬華區,糖?里,1139,1207,475,226,701,34,735
臺北市,萬華區,糖?里,1140,1188,455,238,693,23,716
臺北市,萬華區,綠堤里,1141,1474,519,250,769,33,802
臺北市,萬華區,綠堤里,1142,1304,434,177,611,23,634
臺北市,萬華區,綠堤里,1143,1082,332,122,454,25,479
臺北市,萬華區,頂碩里,1144,1052,366,184,550,30,580
臺北市,萬華區,頂碩里,1145,1135,381,238,619,26,645
臺北市,萬華區,頂碩里,1146,1225,430,225,655,43,698
臺北市,萬華區,頂碩里,1147,1583,533,261,794,38,832
臺北市,萬華區,頂碩里,1148,1403,458,302,760,30,790
臺北市,萬華區,雙園里,1149,1406,510,270,780,37,817
臺北市,萬華區,雙園里,1150,1401,527,295,822,37,859
臺北市,萬華區,雙園里,1151,1188,426,262,688,33,721
臺北市,萬華區,和平里,1152,1597,558,256,814,55,869
臺北市,萬華區,和平里,1153,1290,508,246,754,43,797
臺北市,萬華區,和平里,1154,1746,563,300,863,24,887
臺北市,萬華區,和平里,1155,1595,479,261,740,30,770
臺北市,萬華區,和德里,1156,1701,593,289,882,58,940
臺北市,萬華區,和德里,1157,1339,417,194,611,51,662
臺北市,萬華區,和德里,1158,1484,489,193,682,55,737
臺北市,萬華區,和德里,1159,1604,606,261,867,45,912
臺北市,萬華區,全德里,1160,1197,467,211,678,32,710
臺北市,萬華區,全德里,1161,1347,444,243,687,51,738
臺北市,萬華區,全德里,1162,1223,483,275,758,26,784
臺北市,萬華區,日善里,1163,1036,411,195,606,23,629
臺北市,萬華區,日善里,1164,1035,418,228,646,19,665
臺北市,萬華區,日善里,1165,1141,455,233,688,24,712
臺北市,萬華區,忠德里,1166,1271,506,233,739,22,761
臺北市,萬華區,忠德里,1167,1328,492,260,752,57,809
臺北市,萬華區,忠德里,1168,1286,496,240,736,30,766
臺北市,萬華區,錦德里,1169,1679,626,328,954,43,997
臺北市,萬華區,錦德里,1170,1619,579,304,883,36,919
臺北市,萬華區,錦德里,1171,1625,537,258,795,30,825
臺北市,萬華區,孝德里,1172,1623,648,280,928,34,962
臺北市,萬華區,孝德里,1173,1280,483,216,699,35,734
臺北市,萬華區,壽德里,1174,1608,571,290,861,38,899
臺北市,萬華區,壽德里,1175,1453,545,266,811,40,851
臺北市,萬華區,壽德里,1176,1472,593,287,880,27,907
臺北市,萬華區,銘德里,1177,1373,508,272,780,20,800
臺北市,萬華區,銘德里,1178,1394,504,249,753,28,781
臺北市,萬華區,銘德里,1179,1427,496,252,748,25,773
臺北市,萬華區,保德里,1180,1342,534,265,799,35,834
臺北市,萬華區,保德里,1181,1569,608,280,888,43,931
臺北市,萬華區,榮德里,1182,1514,515,227,742,31,773
臺北市,萬華區,榮德里,1183,1720,573,254,827,30,857
臺北市,萬華區,華中里,1184,1461,606,273,879,41,920
臺北市,萬華區,華中里,1185,1264,479,207,686,30,716
臺北市,萬華區,華中里,1186,1334,560,244,804,34,838
臺北市,萬華區,華中里,1187,1446,559,268,827,25,852
臺北市,萬華區,興德里,1188,1307,488,193,681,32,713
臺北市,萬華區,興德里,1189,1420,555,243,798,41,839
臺北市,萬華區,興德里,1190,1427,501,238,739,28,767
臺北市,萬華區,日祥里,1191,956,365,152,517,30,547
臺北市,萬華區,日祥里,1192,1352,519,239,758,48,806
臺北市,萬華區,日祥里,1193,1370,529,205,734,46,780
臺北市,萬華區,日祥里,1194,1222,507,201,708,26,734
臺北市,萬華區,忠貞里,1195,1375,633,165,798,39,837
臺北市,萬華區,忠貞里,1196,1463,601,225,826,41,867
臺北市,萬華區,忠貞里,1197,1527,583,222,805,27,832
臺北市,萬華區,新忠里,1198,1485,574,207,781,38,819
臺北市,萬華區,新忠里,1199,1591,723,218,941,41,982
臺北市,萬華區,新和里,1200,1394,629,241,870,27,897
臺北市,萬華區,新和里,1201,1522,588,271,859,27,886
臺北市,萬華區,新和里,1202,1661,704,271,975,34,1009
臺北市,萬華區,新和里,1203,1561,570,271,841,27,868
臺北市,萬華區,新和里,1204,1406,600,256,856,38,894
臺北市,萬華區,新安里,1205,1498,489,216,705,23,728
臺北市,萬華區,新安里,1206,1478,482,193,675,39,714
臺北市,萬華區,新安里,1207,1170,443,183,626,32,658
臺北市,萬華區,新安里,1208,1376,574,229,803,22,825
臺北市,萬華區,凌霄里,1209,1093,438,182,620,16,636
臺北市,萬華區,凌霄里,1210,1084,476,181,657,30,687
臺北市,萬華區,凌霄里,1211,1119,458,184,642,35,677
臺北市,萬華區,騰雲里,1212,1381,578,244,822,38,860
臺北市,萬華區,騰雲里,1213,1396,540,261,801,28,829
臺北市,大安區,德安里,1214,1184,435,208,643,23,666
臺北市,大安區,德安里,1215,1197,415,212,627,33,660
臺北市,大安區,德安里,1216,1221,433,262,695,16,711
臺北市,大安區,德安里,1217,1246,499,230,729,20,749
臺北市,大安區,仁慈里,1218,1478,531,360,891,30,921
臺北市,大安區,仁慈里,1219,1314,429,292,721,35,756
臺北市,大安區,仁慈里,1220,1594,583,349,932,33,965
臺北市,大安區,和安里,1221,1429,523,311,834,23,857
臺北市,大安區,和安里,1222,1452,594,275,869,21,890
臺北市,大安區,和安里,1223,1551,523,367,890,20,910
臺北市,大安區,和安里,1224,1335,495,288,783,32,815
臺北市,大安區,民炤里,1225,1196,409,243,652,13,665
臺北市,大安區,民炤里,1226,1339,458,261,719,20,739
臺北市,大安區,民炤里,1227,1448,490,330,820,24,844
臺北市,大安區,民炤里,1228,1373,492,252,744,37,781
臺北市,大安區,民炤里,1229,1439,536,265,801,39,840
臺北市,大安區,仁愛里,1230,1174,407,229,636,4,640
臺北市,大安區,仁愛里,1231,1144,404,197,601,18,619
臺北市,大安區,仁愛里,1232,1119,443,140,583,20,603
臺北市,大安區,仁愛里,1233,1024,321,163,484,15,499
臺北市,大安區,義村里,1234,1032,435,178,613,16,629
臺北市,大安區,義村里,1235,1319,569,204,773,20,793
臺北市,大安區,義村里,1236,1369,548,274,822,25,847
臺北市,大安區,義村里,1237,1347,481,287,768,36,804
臺北市,大安區,民輝里,1238,1655,513,330,843,26,869
臺北市,大安區,民輝里,1239,1595,523,273,796,24,820
臺北市,大安區,民輝里,1240,1429,495,268,763,27,790
臺北市,大安區,民輝里,1241,1309,466,223,689,22,711
臺北市,大安區,昌隆里,1242,1508,538,264,802,24,826
臺北市,大安區,昌隆里,1243,1310,437,244,681,34,715
臺北市,大安區,誠安里,1244,1233,434,205,639,28,667
臺北市,大安區,誠安里,1245,1287,438,232,670,27,697
臺北市,大安區,誠安里,1246,1147,379,213,592,20,612
臺北市,大安區,光武里,1247,1260,435,221,656,21,677
臺北市,大安區,光武里,1248,1377,499,237,736,24,760
臺北市,大安區,光武里,1249,1284,416,257,673,51,724
臺北市,大安區,光武里,1250,1314,427,233,660,26,686
臺北市,大安區,光武里,1251,1273,419,243,662,24,686
臺北市,大安區,龍坡里,1252,1146,393,263,656,20,676
臺北市,大安區,龍坡里,1253,1285,475,276,751,21,772
臺北市,大安區,龍坡里,1254,1297,475,301,776,19,795
臺北市,大安區,龍坡里,1255,1101,429,231,660,24,684
臺北市,大安區,龍泉里,1256,1310,438,282,720,38,758
臺北市,大安區,龍泉里,1257,1365,511,315,826,28,854
臺北市,大安區,龍泉里,1258,1372,491,287,778,23,801
臺北市,大安區,古風里,1259,1189,454,262,716,19,735
臺北市,大安區,古風里,1260,1256,466,276,742,20,762
臺北市,大安區,古風里,1261,1151,428,242,670,26,696
臺北市,大安區,古莊里,1262,1501,574,331,905,22,927
臺北市,大安區,古莊里,1263,1520,608,293,901,22,923
臺北市,大安區,古莊里,1264,1529,594,331,925,30,955
臺北市,大安區,古莊里,1265,1579,593,350,943,26,969
臺北市,大安區,龍安里,1266,2619,401,262,663,21,684
臺北市,大安區,龍安里,1267,1290,476,270,746,18,764
臺北市,大安區,龍安里,1268,1307,480,306,786,26,812
臺北市,大安區,龍安里,1269,1489,511,378,889,22,911
臺北市,大安區,錦安里,1270,1097,429,229,658,28,686
臺北市,大安區,錦安里,1271,1328,469,283,752,24,776
臺北市,大安區,錦安里,1272,1189,400,269,669,13,682
臺北市,大安區,錦安里,1273,1270,460,278,738,17,755
臺北市,大安區,福住里,1274,1349,447,325,772,10,782
臺北市,大安區,福住里,1275,1292,430,289,719,19,738
臺北市,大安區,福住里,1276,1314,497,284,781,31,812
臺北市,大安區,福住里,1277,1200,421,281,702,32,734
臺北市,大安區,永康里,1278,1558,587,295,882,29,911
臺北市,大安區,永康里,1279,1561,554,319,873,24,897
臺北市,大安區,光明里,1280,1446,551,292,843,22,865
臺北市,大安區,光明里,1281,1499,533,223,756,21,777
臺北市,大安區,錦泰里,1282,1467,557,289,846,23,869
臺北市,大安區,錦泰里,1283,1511,537,281,818,28,846
臺北市,大安區,錦華里,1284,1600,612,321,933,34,967
臺北市,大安區,錦華里,1285,1573,577,333,910,29,939
臺北市,大安區,錦華里,1286,1467,575,324,899,23,922
臺北市,大安區,龍圖里,1287,1358,524,261,785,22,807
臺北市,大安區,龍圖里,1288,1568,557,311,868,27,895
臺北市,大安區,龍圖里,1289,1411,529,292,821,29,850
臺北市,大安區,龍圖里,1290,1554,560,306,866,11,877
臺北市,大安區,新龍里,1291,1345,519,285,804,24,828
臺北市,大安區,新龍里,1292,1435,538,294,832,18,850
臺北市,大安區,新龍里,1293,1481,618,302,920,20,940
臺北市,大安區,新龍里,1294,1451,614,305,919,22,941
臺北市,大安區,龍陣里,1295,1566,577,321,898,42,940
臺北市,大安區,龍陣里,1296,1525,569,318,887,18,905
臺北市,大安區,龍雲里,1297,1336,475,268,743,25,768
臺北市,大安區,龍雲里,1298,1483,574,281,855,38,893
臺北市,大安區,龍雲里,1299,1396,469,249,718,18,736
臺北市,大安區,龍生里,1300,1406,537,307,844,30,874
臺北市,大安區,龍生里,1301,1434,546,298,844,24,868
臺北市,大安區,龍生里,1302,1288,462,269,731,23,754
臺北市,大安區,龍生里,1303,1407,532,282,814,21,835
臺北市,大安區,住安里,1304,1514,530,292,822,23,845
臺北市,大安區,住安里,1305,1550,508,248,756,28,784
臺北市,大安區,住安里,1306,1490,570,281,851,25,876
臺北市,大安區,義安里,1307,1284,440,270,710,22,732
臺北市,大安區,義安里,1308,1129,462,203,665,22,687
臺北市,大安區,義安里,1309,1193,428,255,683,24,707
臺北市,大安區,義安里,1310,1057,367,209,576,24,600
臺北市,大安區,通化里,1311,1361,468,289,757,32,789
臺北市,大安區,通化里,1312,1412,524,238,762,41,803
臺北市,大安區,通化里,1313,1423,422,255,677,21,698
臺北市,大安區,通化里,1314,1257,460,236,696,41,737
臺北市,大安區,通安里,1315,1133,472,206,678,25,703
臺北市,大安區,通安里,1316,1077,389,226,615,16,631
臺北市,大安區,通安里,1317,1300,496,256,752,32,784
臺北市,大安區,通安里,1318,1319,529,265,794,35,829
臺北市,大安區,臨江里,1319,1265,492,238,730,31,761
臺北市,大安區,臨江里,1320,1265,465,219,684,18,702
臺北市,大安區,臨江里,1321,1103,412,225,637,32,669
臺北市,大安區,法治里,1322,1341,513,256,769,30,799
臺北市,大安區,法治里,1323,1357,522,271,793,32,825
臺北市,大安區,法治里,1324,1260,449,273,722,31,753
臺北市,大安區,全安里,1325,1295,470,278,748,23,771
臺北市,大安區,全安里,1326,1399,475,264,739,27,766
臺北市,大安區,全安里,1327,1150,414,220,634,26,660
臺北市,大安區,群賢里,1328,1351,441,256,697,16,713
臺北市,大安區,群賢里,1329,1341,478,290,768,30,798
臺北市,大安區,群賢里,1330,1129,424,194,618,12,630
臺北市,大安區,群賢里,1331,1328,507,232,739,24,763
臺北市,大安區,群英里,1332,1557,696,272,968,22,990
臺北市,大安區,群英里,1333,1461,614,283,897,36,933
臺北市,大安區,群英里,1334,1589,525,278,803,20,823
臺北市,大安區,群英里,1335,1473,546,265,811,22,833
臺北市,大安區,虎嘯里,1336,1479,478,332,810,30,840
臺北市,大安區,虎嘯里,1337,833,347,150,497,24,521
臺北市,大安區,虎嘯里,1338,999,351,200,551,23,574
臺北市,大安區,臥龍里,1339,1757,660,366,1026,22,1048
臺北市,大安區,龍淵里,1340,1573,608,313,921,22,943
臺北市,大安區,龍淵里,1341,1587,596,363,959,26,985
臺北市,大安區,龍淵里,1342,1496,534,342,876,38,914
臺北市,大安區,龍淵里,1343,1440,490,355,845,24,869
臺北市,大安區,龍淵里,1344,1578,600,332,932,38,970
臺北市,大安區,龍門里,1345,1223,429,291,720,17,737
臺北市,大安區,龍門里,1346,1119,406,264,670,11,681
臺北市,大安區,龍門里,1347,1252,468,288,756,17,773
臺北市,大安區,大學里,1348,1576,565,363,928,29,957
臺北市,大安區,大學里,1349,1425,522,288,810,25,835
臺北市,大安區,大學里,1350,1450,509,268,777,17,794
臺北市,大安區,大學里,1351,1444,552,260,812,18,830
臺北市,大安區,大學里,1352,1337,507,319,826,27,853
臺北市,大安區,芳和里,1353,1417,513,263,776,20,796
臺北市,大安區,芳和里,1354,1250,483,228,711,30,741
臺北市,大安區,芳和里,1355,1176,437,221,658,28,686
臺北市,大安區,芳和里,1356,1257,472,152,624,27,651
臺北市,大安區,黎元里,1357,1257,481,231,712,39,751
臺北市,大安區,黎元里,1358,1148,444,225,669,24,693
臺北市,大安區,黎元里,1359,1418,535,271,806,24,830
臺北市,大安區,黎元里,1360,1028,382,198,580,20,600
臺北市,大安區,黎孝里,1361,1445,516,328,844,20,864
臺北市,大安區,黎孝里,1362,1361,510,276,786,27,813
臺北市,大安區,黎孝里,1363,1343,567,231,798,28,826
臺北市,大安區,黎孝里,1364,1267,475,251,726,30,756
臺北市,大安區,黎孝里,1365,1380,438,290,728,24,752
臺北市,大安區,黎和里,1366,1524,547,286,833,37,870
臺北市,大安區,黎和里,1367,1470,534,321,855,25,880
臺北市,大安區,黎和里,1368,1318,467,229,696,29,725
臺北市,大安區,建安里,1369,1430,491,269,760,22,782
臺北市,大安區,建安里,1370,1386,517,255,772,27,799
臺北市,大安區,建安里,1371,1438,500,247,747,26,773
臺北市,大安區,建倫里,1372,1270,427,226,653,18,671
臺北市,大安區,建倫里,1373,1395,472,266,738,41,779
臺北市,大安區,建倫里,1374,1292,496,226,722,22,744
臺北市,大安區,建倫里,1375,1310,437,273,710,28,738
臺北市,大安區,敦安里,1376,1319,484,258,742,20,762
臺北市,大安區,敦安里,1377,1355,504,288,792,10,802
臺北市,大安區,敦安里,1378,1312,431,248,679,24,703
臺北市,大安區,敦安里,1379,1335,495,257,752,22,774
臺北市,大安區,正聲里,1380,1489,493,288,781,25,806
臺北市,大安區,正聲里,1381,1307,490,265,755,14,769
臺北市,大安區,正聲里,1382,1328,433,253,686,19,705
臺北市,大安區,敦煌里,1383,1277,440,259,699,5,704
臺北市,大安區,敦煌里,1384,1314,480,255,735,28,763
臺北市,大安區,敦煌里,1385,1270,476,259,735,31,766
臺北市,大安區,敦煌里,1386,1308,434,290,724,32,756
臺北市,大安區,華聲里,1387,1138,418,252,670,17,687
臺北市,大安區,華聲里,1388,1333,456,267,723,20,743
臺北市,大安區,華聲里,1389,1176,418,246,664,29,693
臺北市,大安區,車層里,1390,1311,453,246,699,40,739
臺北市,大安區,車層里,1391,1295,478,233,711,19,730
臺北市,大安區,車層里,1392,1421,544,258,802,36,838
臺北市,大安區,車層里,1393,1409,478,278,756,28,784
臺北市,大安區,光信里,1394,1434,420,293,713,28,741
臺北市,大安區,光信里,1395,1449,484,271,755,30,785
臺北市,大安區,光信里,1396,1284,468,265,733,28,761
臺北市,大安區,光信里,1397,1248,459,244,703,17,720
臺北市,大安區,光信里,1398,1119,449,273,722,20,742
臺北市,大安區,學府里,1399,883,349,159,508,30,538
臺北市,大安區,學府里,1400,630,247,80,327,34,361
臺北市,大安區,學府里,1401,814,299,158,457,27,484
臺北市,文山區,景行里,1402,1539,552,294,846,31,877
臺北市,文山區,景行里,1403,1548,576,258,834,17,851
臺北市,文山區,景行里,1404,1493,591,272,863,42,905
臺北市,文山區,景行里,1405,1648,633,337,970,32,1002
臺北市,文山區,景東里,1406,1544,591,280,871,27,898
臺北市,文山區,景東里,1407,1557,610,269,879,30,909
臺北市,文山區,景東里,1408,1514,558,284,842,29,871
臺北市,文山區,景東里,1409,1540,649,314,963,27,990
臺北市,文山區,景美里,1410,1466,592,288,880,29,909
臺北市,文山區,景美里,1411,1444,589,271,860,38,898
臺北市,文山區,景美里,1412,1455,567,279,846,35,881
臺北市,文山區,景慶里,1413,1440,533,251,784,27,811
臺北市,文山區,景慶里,1414,1398,458,261,719,41,760
臺北市,文山區,景慶里,1415,1412,508,292,800,13,813
臺北市,文山區,景慶里,1416,1426,552,255,807,27,834
臺北市,文山區,景仁里,1417,1437,552,277,829,28,857
臺北市,文山區,景仁里,1418,1340,509,268,777,28,805
臺北市,文山區,景仁里,1419,1568,562,326,888,25,913
臺北市,文山區,景華里,1420,1372,544,240,784,18,802
臺北市,文山區,景華里,1421,1046,380,213,593,24,617
臺北市,文山區,景華里,1422,1274,477,260,737,35,772
臺北市,文山區,景華里,1423,1324,521,246,767,21,788
臺北市,文山區,萬有里,1424,1722,642,326,968,26,994
臺北市,文山區,萬有里,1425,1737,691,348,1039,39,1078
臺北市,文山區,萬有里,1426,1370,535,311,846,21,867
臺北市,文山區,萬祥里,1427,1495,557,302,859,38,897
臺北市,文山區,萬祥里,1428,1328,491,281,772,38,810
臺北市,文山區,萬祥里,1429,1138,472,224,696,29,725
臺北市,文山區,萬隆里,1430,1471,612,278,890,22,912
臺北市,文山區,萬隆里,1431,1144,466,231,697,18,715
臺北市,文山區,萬隆里,1432,1176,480,244,724,28,752
臺北市,文山區,萬隆里,1433,1212,527,224,751,30,781
臺北市,文山區,萬隆里,1434,1214,514,261,775,20,795
臺北市,文山區,萬年里,1435,1170,411,240,651,23,674
臺北市,文山區,萬年里,1436,1308,505,267,772,33,805
臺北市,文山區,萬年里,1437,1190,450,234,684,38,722
臺北市,文山區,萬年里,1438,1110,439,101,540,26,566
臺北市,文山區,萬和里,1439,1512,588,272,860,31,891
臺北市,文山區,萬和里,1440,1387,586,240,826,37,863
臺北市,文山區,萬盛里,1441,1355,519,263,782,36,818
臺北市,文山區,萬盛里,1442,1370,503,282,785,40,825
臺北市,文山區,萬盛里,1443,1484,587,287,874,31,905
臺北市,文山區,興豐里,1444,1786,647,349,996,52,1048
臺北市,文山區,興豐里,1445,1260,512,223,735,36,771
臺北市,文山區,興豐里,1446,1194,471,290,761,23,784
臺北市,文山區,興邦里,1447,1444,576,255,831,35,866
臺北市,文山區,興邦里,1448,1495,555,314,869,31,900
臺北市,文山區,興邦里,1449,1446,591,270,861,23,884
臺北市,文山區,興光里,1450,1450,538,262,800,53,853
臺北市,文山區,興光里,1451,1486,575,310,885,27,912
臺北市,文山區,興家里,1452,1259,515,238,753,20,773
臺北市,文山區,興家里,1453,1317,533,272,805,15,820
臺北市,文山區,興家里,1454,1321,540,266,806,28,834
臺北市,文山區,興家里,1455,1475,550,283,833,33,866
臺北市,文山區,興家里,1456,1271,462,242,704,28,732
臺北市,文山區,興得里,1457,1609,619,330,949,27,976
臺北市,文山區,興得里,1458,1501,582,248,830,22,852
臺北市,文山區,興得里,1459,997,347,180,527,25,552
臺北市,文山區,興得里,1460,1052,426,233,659,28,687
臺北市,文山區,興業里,1461,1247,499,235,734,31,765
臺北市,文山區,興業里,1462,1167,443,244,687,37,724
臺北市,文山區,興業里,1463,1280,513,256,769,17,786
臺北市,文山區,興業里,1464,1153,470,219,689,25,714
臺北市,文山區,興安里,1465,1557,604,300,904,35,939
臺北市,文山區,興安里,1466,1444,581,247,828,35,863
臺北市,文山區,興安里,1467,1459,611,314,925,20,945
臺北市,文山區,興安里,1468,1357,602,256,858,24,882
臺北市,文山區,興福里,1469,1194,521,247,768,27,795
臺北市,文山區,興福里,1470,1184,476,249,725,42,767
臺北市,文山區,興福里,1471,1119,454,250,704,31,735
臺北市,文山區,興福里,1472,1350,550,286,836,27,863
臺北市,文山區,興旺里,1473,1502,576,242,818,30,848
臺北市,文山區,興旺里,1474,1511,615,274,889,29,918
臺北市,文山區,興旺里,1475,1481,583,334,917,21,938
臺北市,文山區,興旺里,1476,1477,630,291,921,27,948
臺北市,文山區,興旺里,1477,1294,543,249,792,19,811
臺北市,文山區,興泰里,1478,1040,456,232,688,21,709
臺北市,文山區,興泰里,1479,1323,551,258,809,26,835
臺北市,文山區,興泰里,1480,1153,454,239,693,25,718
臺北市,文山區,興昌里,1481,1525,581,279,860,31,891
臺北市,文山區,興昌里,1482,1412,531,224,755,35,790
臺北市,文山區,興昌里,1483,1473,550,340,890,34,924
臺北市,文山區,興昌里,1484,1486,504,380,884,32,916
臺北市,文山區,試院里,1485,1616,651,339,990,28,1018
臺北市,文山區,試院里,1486,1489,629,291,920,35,955
臺北市,文山區,試院里,1487,1414,576,237,813,29,842
臺北市,文山區,試院里,1488,1494,609,321,930,31,961
臺北市,文山區,華興里,1489,1547,640,288,928,36,964
臺北市,文山區,華興里,1490,1587,637,304,941,30,971
臺北市,文山區,華興里,1491,1515,612,350,962,30,992
臺北市,文山區,華興里,1492,1573,648,313,961,31,992
臺北市,文山區,華興里,1493,1542,600,338,938,30,968
臺北市,文山區,明義里,1494,1465,523,256,779,32,811
臺北市,文山區,明義里,1495,699,210,102,312,25,337
臺北市,文山區,明義里,1496,1372,450,230,680,34,714
臺北市,文山區,明興里,1497,1448,480,228,708,42,750
臺北市,文山區,明興里,1498,1548,597,274,871,42,913
臺北市,文山區,明興里,1499,1501,568,305,873,27,900
臺北市,文山區,明興里,1500,1560,578,329,907,34,941
臺北市,文山區,木柵里,1501,1567,593,310,903,29,932
臺北市,文山區,木柵里,1502,1554,563,337,900,24,924
臺北市,文山區,木柵里,1503,1544,615,274,889,29,918
臺北市,文山區,木柵里,1504,1528,579,312,891,38,929
臺北市,文山區,木柵里,1505,1543,661,281,942,22,964
臺北市,文山區,木新里,1506,2754,602,310,912,52,964
臺北市,文山區,木新里,1507,1709,561,293,854,40,894
臺北市,文山區,木新里,1508,1515,578,243,821,50,871
臺北市,文山區,木新里,1509,1571,552,270,822,40,862
臺北市,文山區,木新里,1510,1578,557,323,880,31,911
臺北市,文山區,順興里,1511,1454,532,268,800,24,824
臺北市,文山區,順興里,1512,1436,532,287,819,42,861
臺北市,文山區,順興里,1513,1402,604,246,850,36,886
臺北市,文山區,順興里,1514,1117,262,215,477,29,506
臺北市,文山區,順興里,1515,1094,394,222,616,39,655
臺北市,文山區,忠順里,1516,1070,464,196,660,30,690
臺北市,文山區,忠順里,1517,1319,570,245,815,36,851
臺北市,文山區,忠順里,1518,1226,539,229,768,22,790
臺北市,文山區,樟林里,1519,1385,533,242,775,32,807
臺北市,文山區,樟林里,1520,1416,541,287,828,36,864
臺北市,文山區,樟林里,1521,1412,598,287,885,24,909
臺北市,文山區,樟林里,1522,1535,565,278,843,42,885
臺北市,文山區,樟林里,1523,1654,689,320,1009,41,1050
臺北市,文山區,樟新里,1524,1156,474,231,705,28,733
臺北市,文山區,樟新里,1525,1231,477,278,755,25,780
臺北市,文山區,樟新里,1526,1218,409,194,603,25,628
臺北市,文山區,樟新里,1527,1176,473,258,731,29,760
臺北市,文山區,樟文里,1528,1392,570,287,857,7,864
臺北市,文山區,樟文里,1529,1323,508,253,761,53,814
臺北市,文山區,樟文里,1530,1297,513,229,742,24,766
臺北市,文山區,樟文里,1531,1296,507,270,777,38,815
臺北市,文山區,樟腳里,1532,1613,628,289,917,33,950
臺北市,文山區,樟腳里,1533,1697,673,324,997,37,1034
臺北市,文山區,樟腳里,1534,1579,580,320,900,49,949
臺北市,文山區,樟樹里,1535,1320,541,265,806,39,845
臺北市,文山區,樟樹里,1536,1438,571,283,854,23,877
臺北市,文山區,樟樹里,1537,1465,565,248,813,17,830
臺北市,文山區,萬芳里,1538,1646,544,392,936,42,978
臺北市,文山區,萬芳里,1539,1286,498,260,758,28,786
臺北市,文山區,萬芳里,1540,1219,461,269,730,22,752
臺北市,文山區,萬芳里,1541,1292,516,263,779,25,804
臺北市,文山區,萬芳里,1542,1489,550,249,799,39,838
臺北市,文山區,萬美里,1543,1611,552,405,957,32,989
臺北市,文山區,萬美里,1544,1549,516,261,777,38,815
臺北市,文山區,萬美里,1545,1678,613,286,899,49,948
臺北市,文山區,萬美里,1546,1660,606,293,899,39,938
臺北市,文山區,博嘉里,1547,1816,562,328,890,27,917
臺北市,文山區,博嘉里,1548,985,350,198,548,18,566
臺北市,文山區,博嘉里,1549,1314,521,267,788,18,806
臺北市,文山區,博嘉里,1550,1018,440,201,641,32,673
臺北市,文山區,萬興里,1551,1578,554,358,912,26,938
臺北市,文山區,萬興里,1552,1457,521,313,834,25,859
臺北市,文山區,萬興里,1553,1326,517,273,790,28,818
臺北市,文山區,萬興里,1554,1393,538,300,838,24,862
臺北市,文山區,萬興里,1555,1377,472,283,755,41,796
臺北市,文山區,政大里,1556,1448,512,336,848,26,874
臺北市,文山區,政大里,1557,1447,548,346,894,29,923
臺北市,文山區,政大里,1558,1739,649,447,1096,42,1138
臺北市,文山區,政大里,1559,1457,507,351,858,26,884
臺北市,文山區,指南里,1560,1288,471,295,766,33,799
臺北市,文山區,指南里,1561,1301,427,248,675,47,722
臺北市,文山區,指南里,1562,865,303,135,438,41,479
臺北市,文山區,老泉里,1563,789,293,122,415,28,443
高雄市,桃源區,梅山里,1,264,87,36,123,0,123
高雄市,桃源區,拉芙蘭里,2,233,139,25,164,8,172
高雄市,桃源區,復興里,3,279,156,18,174,10,184
高雄市,桃源區,勤和里,4,223,136,24,160,3,163
高雄市,桃源區,桃源里,5,783,354,69,423,18,441
高雄市,桃源區,高中里,6,632,329,62,391,7,398
高雄市,桃源區,建山里,7,612,349,60,409,11,420
高雄市,桃源區,寶山里,8,472,197,54,251,16,267
高雄市,那瑪夏區,達卡努瓦里,9,741,397,90,487,14,501
高雄市,那瑪夏區,達卡努瓦里,10,585,329,69,398,29,427
高雄市,那瑪夏區,瑪雅里,11,609,378,72,450,23,473
高雄市,那瑪夏區,南沙魯里,12,489,320,25,345,7,352
高雄市,甲仙區,東安里,13,472,142,40,182,9,191
高雄市,甲仙區,西安里,14,882,406,107,513,49,562
高雄市,甲仙區,和安里,15,668,271,61,332,29,361
高雄市,甲仙區,大田里,16,1581,532,162,694,101,795
高雄市,甲仙區,寶隆里,17,673,205,54,259,11,270
高雄市,甲仙區,關山里,18,607,222,40,262,34,296
高雄市,甲仙區,小林里,19,534,209,59,268,16,284
高雄市,六龜區,新威里,20,760,271,85,356,31,387
高雄市,六龜區,新興里,21,666,234,55,289,19,308
高雄市,六龜區,新寮里,22,704,301,76,377,35,412
高雄市,六龜區,新發里,23,1003,385,91,476,38,514
高雄市,六龜區,荖濃里,24,1382,464,102,566,98,664
高雄市,六龜區,六龜里,25,986,286,84,370,45,415
高雄市,六龜區,義寶里,26,1046,380,114,494,42,536
高雄市,六龜區,興龍里,27,812,267,82,349,35,384
高雄市,六龜區,中興里,28,1431,494,128,622,40,662
高雄市,六龜區,寶來里,29,912,369,73,442,46,488
高雄市,六龜區,文武里,30,1472,448,130,578,34,612
高雄市,六龜區,大津里,31,327,107,20,127,18,145
高雄市,杉林區,杉林里,32,640,223,62,285,32,317
高雄市,杉林區,木梓里,33,696,258,45,303,31,334
高雄市,杉林區,集來里,34,1284,405,73,478,21,499
高雄市,杉林區,新庄里,35,1027,349,85,434,25,459
高雄市,杉林區,新庄里,36,482,192,37,229,18,247
高雄市,杉林區,上平里,37,1627,644,197,841,71,912
高雄市,杉林區,月眉里,38,1630,606,131,737,25,762
高雄市,杉林區,大愛里,39,973,279,87,366,29,395
高雄市,杉林區,大愛里,40,987,339,90,429,10,439
高雄市,杉林區,月美里,41,1261,486,113,599,67,666
高雄市,內門區,溝坪里,42,969,382,59,441,42,483
高雄市,內門區,金竹里,43,652,231,72,303,11,314
高雄市,內門區,永富里,44,961,377,96,473,43,516
高雄市,內門區,永吉里,45,426,177,29,206,6,212
高雄市,內門區,永興里,46,398,150,28,178,10,188
高雄市,內門區,石坑里,47,508,184,44,228,13,241
高雄市,內門區,內門里,48,980,441,100,541,36,577
高雄市,內門區,內豊里,49,1225,400,117,517,25,542
高雄市,內門區,觀亭里,50,1722,674,218,892,91,983
高雄市,內門區,中埔里,51,560,188,63,251,24,275
高雄市,內門區,內東里,52,801,281,71,352,12,364
高雄市,內門區,內南里,53,423,168,39,207,15,222
高雄市,內門區,東埔里,54,497,185,37,222,15,237
高雄市,內門區,三平里,55,677,275,56,331,16,347
高雄市,內門區,木柵里,56,593,217,30,247,9,256
高雄市,內門區,內興里,57,597,220,45,265,24,289
高雄市,內門區,瑞山里,58,343,129,24,153,3,156
高雄市,內門區,光興里,59,670,272,75,347,25,372
高雄市,旗山區,太平里,60,1060,460,149,609,32,641
高雄市,旗山區,太平里,61,1125,440,123,563,25,588
高雄市,旗山區,大德里,62,1100,496,159,655,26,681
高雄市,旗山區,大德里,63,1238,558,183,741,25,766
高雄市,旗山區,湄洲里,64,933,422,110,532,18,550
高雄市,旗山區,湄洲里,65,727,273,97,370,20,390
高雄市,旗山區,圓富里,66,1071,460,131,591,19,610
高雄市,旗山區,圓富里,67,744,289,90,379,22,401
高雄市,旗山區,中正里,68,1100,437,119,556,20,576
高雄市,旗山區,中正里,69,369,157,34,191,8,199
高雄市,旗山區,大林里,70,888,347,71,418,11,429
高雄市,旗山區,大林里,71,510,182,51,233,10,243
高雄市,旗山區,上洲里,72,1042,466,111,577,73,650
高雄市,旗山區,新光里,73,791,334,75,409,31,440
高雄市,旗山區,南勝里,74,939,409,114,523,47,570
高雄市,旗山區,南勝里,75,1218,545,137,682,28,710
高雄市,旗山區,中寮里,76,178,69,12,81,18,99
高雄市,旗山區,東平里,77,946,424,129,553,37,590
高雄市,旗山區,東平里,78,1025,410,141,551,29,580
高雄市,旗山區,東昌里,79,1040,457,136,593,41,634
高雄市,旗山區,竹峰里,80,900,418,132,550,37,587
高雄市,旗山區,竹峰里,81,663,263,78,341,15,356
高雄市,旗山區,瑞吉里,82,954,399,124,523,21,544
高雄市,旗山區,瑞吉里,83,1060,431,146,577,24,601
高雄市,旗山區,永和里,84,1110,479,161,640,38,678
高雄市,旗山區,永和里,85,1062,438,157,595,36,631
高雄市,旗山區,永和里,86,1151,491,145,636,30,666
高雄市,旗山區,三協里,87,266,119,34,153,13,166
高雄市,旗山區,三協里,88,633,291,82,373,16,389
高雄市,旗山區,三協里,89,1307,505,137,642,31,673
高雄市,旗山區,鯤洲里,90,754,304,98,402,34,436
高雄市,旗山區,大山里,91,1296,534,141,675,78,753
高雄市,旗山區,中洲里,92,839,282,95,377,15,392
高雄市,旗山區,南洲里,93,1329,570,159,729,38,767
高雄市,旗山區,廣福里,94,628,280,77,357,16,373
高雄市,美濃區,福安里,95,1175,492,132,624,66,690
高雄市,美濃區,福安里,96,1438,562,148,710,28,738
高雄市,美濃區,合和里,97,989,394,83,477,36,513
高雄市,美濃區,合和里,98,1427,612,159,771,46,817
高雄市,美濃區,祿興里,99,1309,548,142,690,57,747
高雄市,美濃區,祿興里,100,1263,569,146,715,58,773
高雄市,美濃區,中壇里,101,997,481,103,584,29,613
高雄市,美濃區,中壇里,102,1064,453,119,572,44,616
高雄市,美濃區,德興里,103,1498,611,175,786,50,836
高雄市,美濃區,龍山里,104,1119,479,129,608,50,658
高雄市,美濃區,龍山里,105,1031,459,99,558,49,607
高雄市,美濃區,獅山里,106,1437,555,151,706,59,765
高雄市,美濃區,獅山里,107,1071,452,114,566,43,609
高雄市,美濃區,龍肚里,108,687,327,58,385,13,398
高雄市,美濃區,龍肚里,109,775,280,65,345,26,371
高雄市,美濃區,廣德里,110,1353,551,106,657,40,697
高雄市,美濃區,興隆里,111,1191,452,120,572,24,596
高雄市,美濃區,中圳里,112,906,355,83,438,25,463
高雄市,美濃區,中圳里,113,1178,533,131,664,31,695
高雄市,美濃區,東門里,114,1252,499,117,616,26,642
高雄市,美濃區,泰安里,115,1549,704,155,859,30,889
高雄市,美濃區,瀰濃里,116,1088,459,87,546,30,576
高雄市,美濃區,瀰濃里,117,1116,467,131,598,39,637
高雄市,美濃區,清水里,118,977,396,112,508,19,527
高雄市,美濃區,清水里,119,816,357,110,467,46,513
高雄市,美濃區,吉洋里,120,955,350,74,424,22,446
高雄市,美濃區,吉洋里,121,943,400,99,499,54,553
高雄市,美濃區,吉和里,122,1371,554,145,699,45,744
高雄市,美濃區,吉東里,123,919,352,114,466,51,517
高雄市,美濃區,吉東里,124,915,412,106,518,50,568
高雄市,美濃區,廣林里,125,828,324,79,403,57,460
高雄市,美濃區,廣林里,126,674,219,64,283,39,322
高雄市,茂林區,多納里,127,507,265,65,330,26,356
高雄市,茂林區,萬山里,128,382,218,48,266,18,284
高雄市,茂林區,茂林里,129,726,382,77,459,24,483
高雄市,茄萣區,福德里,130,976,367,116,483,11,494
高雄市,茄萣區,萬福里,131,887,336,116,452,36,488
高雄市,茄萣區,白雲里,132,1710,678,215,893,20,913
高雄市,茄萣區,嘉賜里,133,1280,458,152,610,20,630
高雄市,茄萣區,嘉賜里,134,1314,607,181,788,17,805
高雄市,茄萣區,嘉賜里,135,1157,533,188,721,14,735
高雄市,茄萣區,嘉安里,136,1785,691,244,935,57,992
高雄市,茄萣區,嘉樂里,137,838,353,103,456,33,489
高雄市,茄萣區,嘉樂里,138,1249,594,190,784,42,826
高雄市,茄萣區,嘉泰里,139,1116,432,148,580,38,618
高雄市,茄萣區,嘉福里,140,978,355,132,487,38,525
高雄市,茄萣區,和協里,141,1125,417,115,532,23,555
高雄市,茄萣區,嘉定里,142,1139,434,157,591,39,630
高雄市,茄萣區,保定里,143,1363,544,166,710,64,774
高雄市,茄萣區,保定里,144,1598,702,207,909,54,963
高雄市,茄萣區,大定里,145,1111,441,128,569,29,598
高雄市,茄萣區,光定里,146,925,347,82,429,19,448
高雄市,茄萣區,吉定里,147,1148,455,139,594,33,627
高雄市,茄萣區,崎漏里,148,1353,516,159,675,26,701
高雄市,茄萣區,崎漏里,149,1331,549,140,689,47,736
高雄市,茄萣區,崎漏里,150,1829,625,237,862,40,902
高雄市,湖內區,海山里,151,1112,474,116,590,25,615
高雄市,湖內區,劉家里,152,1017,425,127,552,41,593
高雄市,湖內區,太爺里,153,796,297,124,421,16,437
高雄市,湖內區,公?里,154,1079,480,174,654,23,677
高雄市,湖內區,公?里,155,1115,476,173,649,15,664
高雄市,湖內區,葉厝里,156,1311,533,163,696,24,720
高雄市,湖內區,葉厝里,157,1319,518,170,688,21,709
高雄市,湖內區,大湖里,158,1244,583,174,757,33,790
高雄市,湖內區,大湖里,159,1227,581,171,752,68,820
高雄市,湖內區,大湖里,160,1163,515,163,678,38,716
高雄市,湖內區,田尾里,161,981,455,126,581,16,597
高雄市,湖內區,湖內里,162,780,315,102,417,18,435
高雄市,湖內區,湖內里,163,832,367,90,457,30,487
高雄市,湖內區,湖內里,164,1017,468,149,617,25,642
高雄市,湖內區,湖內里,165,1051,443,171,614,14,628
高雄市,湖內區,海埔里,166,941,411,115,526,19,545
高雄市,湖內區,海埔里,167,863,368,96,464,24,488
高雄市,湖內區,文賢里,168,1160,433,169,602,34,636
高雄市,湖內區,中賢里,169,1090,356,127,483,16,499
高雄市,湖內區,中賢里,170,1122,445,176,621,34,655
高雄市,湖內區,逸賢里,171,1123,411,131,542,24,566
高雄市,湖內區,忠興里,172,684,296,79,375,18,393
高雄市,湖內區,湖東里,173,1249,480,136,616,16,632
高雄市,湖內區,湖東里,174,1453,520,173,693,30,723
高雄市,路竹區,竹滬里,175,1026,434,116,550,15,565
高雄市,路竹區,竹滬里,176,1069,459,133,592,40,632
高雄市,路竹區,竹滬里,177,1127,475,172,647,44,691
高雄市,路竹區,頂寮里,178,1179,517,134,651,32,683
高雄市,路竹區,新達里,179,1237,509,150,659,43,702
高雄市,路竹區,後鄉里,180,1096,462,159,621,37,658
高雄市,路竹區,北嶺里,181,1272,600,169,769,42,811
高雄市,路竹區,社西里,182,1182,520,153,673,32,705
高雄市,路竹區,社西里,183,1127,506,125,631,25,656
高雄市,路竹區,甲北里,184,956,415,136,551,26,577
高雄市,路竹區,甲北里,185,1132,460,175,635,35,670
高雄市,路竹區,甲南里,186,1025,444,158,602,56,658
高雄市,路竹區,甲南里,187,1007,420,131,551,18,569
高雄市,路竹區,甲南里,188,1301,502,162,664,33,697
高雄市,路竹區,下坑里,189,885,378,133,511,22,533
高雄市,路竹區,下坑里,190,837,316,101,417,10,427
高雄市,路竹區,下坑里,191,930,413,132,545,22,567
高雄市,路竹區,竹園里,192,781,295,101,396,25,421
高雄市,路竹區,竹園里,193,1023,445,142,587,27,614
高雄市,路竹區,竹東里,194,1763,753,261,1014,50,1064
高雄市,路竹區,竹東里,195,1637,679,231,910,35,945
高雄市,路竹區,竹西里,196,1070,461,143,604,23,627
高雄市,路竹區,竹西里,197,1177,522,170,692,35,727
高雄市,路竹區,文北里,198,1007,423,152,575,24,599
高雄市,路竹區,文北里,199,1026,427,150,577,26,603
高雄市,路竹區,文北里,200,1017,445,126,571,30,601
高雄市,路竹區,文南里,201,1264,524,188,712,23,735
高雄市,路竹區,文南里,202,1089,474,166,640,31,671
高雄市,路竹區,三爺里,203,851,355,117,472,28,500
高雄市,路竹區,鴨寮里,204,1011,442,172,614,26,640
高雄市,路竹區,鴨寮里,205,937,462,138,600,16,616
高雄市,路竹區,社東里,206,820,323,89,412,12,424
高雄市,路竹區,社東里,207,910,412,168,580,19,599
高雄市,路竹區,社中里,208,867,342,118,460,34,494
高雄市,路竹區,竹南里,209,937,405,127,532,33,565
高雄市,路竹區,竹南里,210,900,369,156,525,14,539
高雄市,路竹區,竹南里,211,900,406,127,533,30,563
高雄市,路竹區,社南里,212,918,422,122,544,26,570
高雄市,路竹區,社南里,213,870,409,132,541,27,568
高雄市,路竹區,社南里,214,1150,518,186,704,22,726
高雄市,路竹區,社南里,215,1537,735,216,951,37,988
高雄市,阿蓮區,石安里,216,1299,445,181,626,17,643
高雄市,阿蓮區,中路里,217,1107,494,135,629,28,657
高雄市,阿蓮區,中路里,218,898,378,99,477,8,485
高雄市,阿蓮區,?山里,219,1259,483,152,635,57,692
高雄市,阿蓮區,港後里,220,1579,587,231,818,28,846
高雄市,阿蓮區,港後里,221,564,246,76,322,6,328
高雄市,阿蓮區,崗山里,222,768,350,111,461,35,496
高雄市,阿蓮區,阿蓮里,223,1092,475,141,616,27,643
高雄市,阿蓮區,阿蓮里,224,1099,463,134,597,34,631
高雄市,阿蓮區,阿蓮里,225,1134,467,165,632,14,646
高雄市,阿蓮區,阿蓮里,226,1561,594,211,805,10,815
高雄市,阿蓮區,清蓮里,227,1533,600,253,853,51,904
高雄市,阿蓮區,清蓮里,228,1116,412,146,558,22,580
高雄市,阿蓮區,和蓮里,229,1054,438,141,579,20,599
高雄市,阿蓮區,和蓮里,230,1260,508,162,670,29,699
高雄市,阿蓮區,青旗里,231,1504,562,197,759,45,804
高雄市,阿蓮區,復安里,232,848,329,98,427,8,435
高雄市,阿蓮區,復安里,233,823,349,96,445,16,461
高雄市,阿蓮區,玉庫里,234,1021,485,96,581,26,607
高雄市,阿蓮區,南蓮里,235,1715,616,243,859,26,885
高雄市,阿蓮區,南蓮里,236,1300,518,152,670,32,702
高雄市,田寮區,鹿埔里,237,369,131,29,160,3,163
高雄市,田寮區,南安里,238,656,221,56,277,12,289
高雄市,田寮區,南安里,239,406,103,21,124,9,133
高雄市,田寮區,大同里,240,380,144,39,183,14,197
高雄市,田寮區,田寮里,241,379,168,39,207,12,219
高雄市,田寮區,七星里,242,625,291,37,328,34,362
高雄市,田寮區,崇德里,243,946,335,116,451,28,479
高雄市,田寮區,西德里,244,794,294,63,357,28,385
高雄市,田寮區,三和里,245,382,133,22,155,14,169
高雄市,田寮區,古亭里,246,513,134,41,175,30,205
高雄市,田寮區,新興里,247,601,261,57,318,13,331
高雄市,田寮區,新興里,248,620,265,76,341,35,376
高雄市,永安區,永安里,249,756,366,111,477,28,505
高雄市,永安區,永安里,250,818,378,119,497,28,525
高雄市,永安區,永華里,251,866,439,136,575,26,601
高雄市,永安區,永華里,252,951,442,130,572,44,616
高雄市,永安區,新港里,253,992,459,139,598,41,639
高雄市,永安區,新港里,254,682,247,80,327,12,339
高雄市,永安區,新港里,255,665,308,84,392,15,407
高雄市,永安區,鹽田里,256,371,145,63,208,4,212
高雄市,永安區,保寧里,257,1114,537,155,692,46,738
高雄市,永安區,保寧里,258,1418,667,193,860,27,887
高雄市,永安區,維新里,259,1477,732,209,941,43,984
高雄市,永安區,維新里,260,1891,845,297,1142,53,1195
高雄市,岡山區,岡山里,261,1345,644,225,869,24,893
高雄市,岡山區,岡山里,262,1045,377,122,499,14,513
高雄市,岡山區,岡山里,263,1051,474,153,627,18,645
高雄市,岡山區,岡山里,264,917,411,153,564,13,577
高雄市,岡山區,壽天里,265,934,429,175,604,17,621
高雄市,岡山區,壽天里,266,1097,519,152,671,23,694
高雄市,岡山區,壽天里,267,1208,588,195,783,24,807
高雄市,岡山區,平安里,268,1159,550,184,734,42,776
高雄市,岡山區,維仁里,269,1018,435,169,604,25,629
高雄市,岡山區,大遼里,270,1316,627,76,703,25,728
高雄市,岡山區,程香里,271,1345,592,201,793,22,815
高雄市,岡山區,程香里,272,1295,598,186,784,28,812
高雄市,岡山區,程香里,273,1425,606,214,820,29,849
高雄市,岡山區,後紅里,274,1328,577,199,776,18,794
高雄市,岡山區,後紅里,275,1382,628,218,846,13,859
高雄市,岡山區,後紅里,276,1381,634,207,841,14,855
高雄市,岡山區,碧紅里,277,1282,540,204,744,37,781
高雄市,岡山區,碧紅里,278,1240,536,183,719,12,731
高雄市,岡山區,碧紅里,279,1327,563,214,777,31,808
高雄市,岡山區,竹圍里,280,1736,663,282,945,30,975
高雄市,岡山區,竹圍里,281,1566,683,226,909,38,947
高雄市,岡山區,竹圍里,282,1779,664,247,911,19,930
高雄市,岡山區,竹圍里,283,1593,675,262,937,27,964
高雄市,岡山區,台上里,284,1480,690,212,902,29,931
高雄市,岡山區,台上里,285,1364,636,183,819,16,835
高雄市,岡山區,台上里,286,1410,667,184,851,21,872
高雄市,岡山區,台上里,287,1148,616,156,772,21,793
高雄市,岡山區,為隨里,288,625,301,96,397,22,419
高雄市,岡山區,灣裡里,289,969,451,135,586,16,602
高雄市,岡山區,灣裡里,290,861,400,141,541,16,557
高雄市,岡山區,本洲里,291,823,343,111,454,17,471
高雄市,岡山區,本洲里,292,889,438,137,575,35,610
高雄市,岡山區,前峰里,293,1283,569,185,754,25,779
高雄市,岡山區,前峰里,294,1512,628,214,842,30,872
高雄市,岡山區,壽峰里,295,983,471,170,641,31,672
高雄市,岡山區,壽峰里,296,1262,540,201,741,20,761
高雄市,岡山區,仁壽里,297,1096,505,155,660,29,689
高雄市,岡山區,仁壽里,298,1066,464,167,631,20,651
高雄市,岡山區,仁壽里,299,1188,482,169,651,17,668
高雄市,岡山區,後協里,300,1360,616,217,833,29,862
高雄市,岡山區,後協里,301,1363,656,211,867,17,884
高雄市,岡山區,後協里,302,1352,616,227,843,34,877
高雄市,岡山區,後協里,303,1460,640,202,842,27,869
高雄市,岡山區,協和里,304,1272,549,207,756,32,788
高雄市,岡山區,協和里,305,1080,517,161,678,20,698
高雄市,岡山區,協和里,306,1255,544,190,734,47,781
高雄市,岡山區,協榮里,307,938,466,135,601,28,629
高雄市,岡山區,協榮里,308,1237,608,167,775,20,795
高雄市,岡山區,劉厝里,309,1413,622,184,806,14,820
高雄市,岡山區,白米里,310,765,356,115,471,7,478
高雄市,岡山區,白米里,311,1043,505,174,679,16,695
高雄市,岡山區,石潭里,312,844,392,89,481,26,507
高雄市,岡山區,石潭里,313,993,522,177,699,33,732
高雄市,岡山區,福興里,314,1038,469,165,634,39,673
高雄市,岡山區,嘉興里,315,1070,466,147,613,57,670
高雄市,岡山區,嘉興里,316,1023,495,168,663,35,698
高雄市,岡山區,嘉興里,317,1349,604,188,792,30,822
高雄市,岡山區,嘉峰里,318,1452,569,197,766,40,806
高雄市,岡山區,嘉峰里,319,301,142,50,192,14,206
高雄市,岡山區,潭底里,320,756,359,106,465,52,517
高雄市,岡山區,華崗里,321,733,306,92,398,16,414
高雄市,岡山區,華崗里,322,854,433,112,545,58,603
高雄市,岡山區,三和里,323,866,362,83,445,13,458
高雄市,岡山區,大莊里,324,978,342,105,447,38,485
高雄市,岡山區,忠孝里,325,1336,620,175,795,26,821
高雄市,岡山區,忠孝里,326,1218,642,133,775,7,782
高雄市,岡山區,忠孝里,327,341,181,71,252,7,259
高雄市,岡山區,仁義里,328,955,571,117,688,27,715
高雄市,岡山區,仁義里,329,940,539,104,643,12,655
高雄市,岡山區,信義里,330,851,421,135,556,20,576
高雄市,岡山區,信義里,331,762,426,103,529,9,538
高雄市,岡山區,和平里,332,318,173,62,235,6,241
高雄市,燕巢區,尖山里,333,1152,474,129,603,60,663
高雄市,燕巢區,瓊林里,334,1120,509,152,661,14,675
高雄市,燕巢區,瓊林里,335,974,475,133,608,43,651
高雄市,燕巢區,安招里,336,1019,425,147,572,15,587
高雄市,燕巢區,安招里,337,1058,439,141,580,31,611
高雄市,燕巢區,安招里,338,1017,376,125,501,22,523
高雄市,燕巢區,安招里,339,259,42,2,44,2,46
高雄市,燕巢區,角宿里,340,926,459,128,587,34,621
高雄市,燕巢區,角宿里,341,624,264,75,339,14,353
高雄市,燕巢區,角宿里,342,1102,544,154,698,28,726
高雄市,燕巢區,鳳雄里,343,1072,433,131,564,19,583
高雄市,燕巢區,鳳雄里,344,1361,543,201,744,52,796
高雄市,燕巢區,金山里,345,472,220,47,267,23,290
高雄市,燕巢區,東燕里,346,1197,463,151,614,27,641
高雄市,燕巢區,東燕里,347,1134,527,155,682,53,735
高雄市,燕巢區,南燕里,348,1148,488,147,635,22,657
高雄市,燕巢區,南燕里,349,1207,469,137,606,49,655
高雄市,燕巢區,南燕里,350,1402,645,219,864,37,901
高雄市,燕巢區,西燕里,351,1000,314,259,573,37,610
高雄市,燕巢區,西燕里,352,1110,464,185,649,33,682
高雄市,燕巢區,西燕里,353,1291,545,179,724,26,750
高雄市,燕巢區,橫山里,354,797,352,94,446,45,491
高雄市,燕巢區,橫山里,355,1098,416,121,537,39,576
高雄市,燕巢區,深水里,356,1393,533,179,712,42,754
高雄市,燕巢區,深水里,357,1079,401,98,499,18,517
高雄市,彌陀區,光和里,358,1246,558,158,716,41,757
高雄市,彌陀區,彌靖里,359,885,412,121,533,24,557
高雄市,彌陀區,彌靖里,360,955,484,142,626,31,657
高雄市,彌陀區,彌仁里,361,534,211,86,297,25,322
高雄市,彌陀區,彌壽里,362,738,343,85,428,24,452
高雄市,彌陀區,彌陀里,363,855,442,122,564,22,586
高雄市,彌陀區,彌陀里,364,877,427,122,549,20,569
高雄市,彌陀區,舊港里,365,781,380,98,478,32,510
高雄市,彌陀區,舊港里,366,808,379,105,484,13,497
高雄市,彌陀區,文安里,367,904,352,100,452,19,471
高雄市,彌陀區,文安里,368,825,360,113,473,31,504
高雄市,彌陀區,過港里,369,941,399,113,512,28,540
高雄市,彌陀區,鹽埕里,370,1013,425,157,582,22,604
高雄市,彌陀區,鹽埕里,371,1024,512,129,641,35,676
高雄市,彌陀區,海尾里,372,861,370,94,464,10,474
高雄市,彌陀區,漯底里,373,1163,515,179,694,41,735
高雄市,彌陀區,南寮里,374,1216,637,144,781,27,808
高雄市,彌陀區,南寮里,375,861,489,116,605,24,629
高雄市,梓官區,梓信里,376,1061,525,129,654,34,688
高雄市,梓官區,梓信里,377,1063,453,150,603,37,640
高雄市,梓官區,梓義里,378,969,428,155,583,27,610
高雄市,梓官區,梓義里,379,1078,427,152,579,12,591
高雄市,梓官區,梓和里,380,838,372,135,507,23,530
高雄市,梓官區,梓和里,381,611,313,85,398,12,410
高雄市,梓官區,梓和里,382,782,371,116,487,21,508
高雄市,梓官區,梓平里,383,1451,700,208,908,44,952
高雄市,梓官區,中崙里,384,1144,494,165,659,19,678
高雄市,梓官區,同安里,385,975,409,123,532,11,543
高雄市,梓官區,大舍里,386,1317,599,170,769,31,800
高雄市,梓官區,大舍里,387,1218,560,180,740,29,769
高雄市,梓官區,大舍里,388,1073,481,153,634,25,659
高雄市,梓官區,赤崁里,389,1112,473,115,588,25,613
高雄市,梓官區,赤崁里,390,715,298,99,397,18,415
高雄市,梓官區,赤東里,391,1311,577,160,737,24,761
高雄市,梓官區,赤東里,392,939,413,133,546,25,571
高雄市,梓官區,赤西里,393,824,387,117,504,16,520
高雄市,梓官區,禮蚵里,394,1052,544,130,674,36,710
高雄市,梓官區,禮蚵里,395,1020,492,120,612,44,656
高雄市,梓官區,智蚵里,396,1260,572,141,713,26,739
高雄市,梓官區,智蚵里,397,1595,682,193,875,15,890
高雄市,梓官區,信蚵里,398,829,391,104,495,18,513
高雄市,梓官區,信蚵里,399,1532,685,293,978,14,992
高雄市,梓官區,茄苳里,400,1195,572,151,723,41,764
高雄市,梓官區,茄苳里,401,1143,544,131,675,36,711
高雄市,梓官區,典寶里,402,1186,568,146,714,35,749
高雄市,梓官區,典寶里,403,1732,673,188,861,21,882
高雄市,橋頭區,橋頭里,404,1005,471,173,644,38,682
高雄市,橋頭區,橋頭里,405,1073,477,180,657,29,686
高雄市,橋頭區,橋南里,406,1129,550,174,724,18,742
高雄市,橋頭區,仕隆里,407,1244,558,205,763,43,806
高雄市,橋頭區,仕隆里,408,1091,488,158,646,23,669
高雄市,橋頭區,仕豐里,409,1329,643,206,849,34,883
高雄市,橋頭區,仕豐里,410,1140,500,199,699,24,723
高雄市,橋頭區,芋寮里,411,1220,556,170,726,43,769
高雄市,橋頭區,東林里,412,1047,518,170,688,26,714
高雄市,橋頭區,東林里,413,1315,552,198,750,48,798
高雄市,橋頭區,西林里,414,691,301,116,417,18,435
高雄市,橋頭區,西林里,415,720,364,94,458,29,487
高雄市,橋頭區,白樹里,416,1192,516,204,720,31,751
高雄市,橋頭區,白樹里,417,1318,622,210,832,17,849
高雄市,橋頭區,白樹里,418,761,362,105,467,31,498
高雄市,橋頭區,筆秀里,419,973,460,153,613,13,626
高雄市,橋頭區,筆秀里,420,587,257,90,347,19,366
高雄市,橋頭區,新莊里,421,812,402,105,507,25,532
高雄市,橋頭區,新莊里,422,343,160,56,216,6,222
高雄市,橋頭區,新莊里,423,1266,544,264,808,12,820
高雄市,橋頭區,甲北里,424,1128,547,154,701,43,744
高雄市,橋頭區,甲北里,425,884,438,107,545,24,569
高雄市,橋頭區,甲南里,426,1187,496,165,661,35,696
高雄市,橋頭區,甲南里,427,1259,604,159,763,19,782
高雄市,橋頭區,頂鹽里,428,1361,562,172,734,25,759
高雄市,橋頭區,中崎里,429,671,290,85,375,15,390
高雄市,橋頭區,仕和里,430,1215,567,176,743,38,781
高雄市,橋頭區,仕和里,431,1255,602,177,779,35,814
高雄市,橋頭區,仕和里,432,1219,555,212,767,32,799
高雄市,橋頭區,德松里,433,1372,595,204,799,26,825
高雄市,橋頭區,三德里,434,758,375,102,477,13,490
高雄市,楠梓區,清豐里,435,1309,611,200,811,28,839
高雄市,楠梓區,清豐里,436,1408,594,260,854,22,876
高雄市,楠梓區,清豐里,437,1851,782,285,1067,33,1100
高雄市,楠梓區,清豐里,438,1578,700,264,964,28,992
高雄市,楠梓區,清豐里,439,1715,661,339,1000,25,1025
高雄市,楠梓區,清豐里,440,1611,661,249,910,16,926
高雄市,楠梓區,清豐里,441,2024,1010,74,1084,29,1113
高雄市,楠梓區,清豐里,442,1890,699,307,1006,20,1026
高雄市,楠梓區,清豐里,443,1762,635,280,915,18,933
高雄市,楠梓區,清豐里,444,1888,744,282,1026,20,1046
高雄市,楠梓區,清豐里,445,1822,723,289,1012,26,1038
高雄市,楠梓區,清豐里,446,1846,706,318,1024,22,1046
高雄市,楠梓區,東寧里,447,1268,556,214,770,37,807
高雄市,楠梓區,東寧里,448,1240,574,216,790,26,816
高雄市,楠梓區,東寧里,449,1432,627,252,879,15,894
高雄市,楠梓區,五常里,450,1490,627,248,875,31,906
高雄市,楠梓區,五常里,451,1464,693,213,906,24,930
高雄市,楠梓區,五常里,452,1435,579,200,779,42,821
高雄市,楠梓區,五常里,453,1602,658,218,876,26,902
高雄市,楠梓區,享平里,454,1500,627,224,851,14,865
高雄市,楠梓區,享平里,455,1591,638,253,891,35,926
高雄市,楠梓區,惠楠里,456,1669,441,198,639,28,667
高雄市,楠梓區,惠楠里,457,1469,626,253,879,30,909
高雄市,楠梓區,中陽里,458,1559,605,250,855,42,897
高雄市,楠梓區,中陽里,459,1638,622,206,828,52,880
高雄市,楠梓區,惠民里,460,1960,815,321,1136,48,1184
高雄市,楠梓區,惠民里,461,1912,770,325,1095,55,1150
高雄市,楠梓區,惠豐里,462,1559,678,206,884,21,905
高雄市,楠梓區,惠豐里,463,1423,556,227,783,26,809
高雄市,楠梓區,惠豐里,464,1696,686,287,973,22,995
高雄市,楠梓區,錦屏里,465,1493,615,211,826,64,890
高雄市,楠梓區,錦屏里,466,1527,635,231,866,58,924
高雄市,楠梓區,玉屏里,467,1020,463,153,616,31,647
高雄市,楠梓區,玉屏里,468,1197,493,189,682,51,733
高雄市,楠梓區,金田里,469,1528,594,233,827,32,859
高雄市,楠梓區,金田里,470,1918,674,279,953,43,996
高雄市,楠梓區,稔田里,471,1458,596,227,823,53,876
高雄市,楠梓區,瑞屏里,472,1790,791,281,1072,34,1106
高雄市,楠梓區,瑞屏里,473,1845,824,281,1105,49,1154
高雄市,楠梓區,翠屏里,474,2037,868,342,1210,40,1250
高雄市,楠梓區,翠屏里,475,1964,767,312,1079,32,1111
高雄市,楠梓區,翠屏里,476,2006,834,320,1154,14,1168
高雄市,楠梓區,翠屏里,477,1951,790,304,1094,27,1121
高雄市,楠梓區,翠屏里,478,1951,753,309,1062,46,1108
高雄市,楠梓區,翠屏里,479,2008,866,297,1163,36,1199
高雄市,楠梓區,翠屏里,480,1923,860,267,1127,43,1170
高雄市,楠梓區,翠屏里,481,1921,794,331,1125,28,1153
高雄市,楠梓區,宏南里,482,832,404,142,546,26,572
高雄市,楠梓區,宏毅里,483,1156,480,189,669,25,694
高雄市,楠梓區,宏毅里,484,1125,492,194,686,40,726
高雄市,楠梓區,宏榮里,485,1060,468,190,658,32,690
高雄市,楠梓區,宏榮里,486,1502,664,233,897,34,931
高雄市,楠梓區,廣昌里,487,1404,586,218,804,54,858
高雄市,楠梓區,廣昌里,488,1552,561,221,782,46,828
高雄市,楠梓區,久昌里,489,1460,603,211,814,30,844
高雄市,楠梓區,久昌里,490,1315,563,136,699,30,729
高雄市,楠梓區,大昌里,491,1062,477,158,635,38,673
高雄市,楠梓區,大昌里,492,1078,484,149,633,32,665
高雄市,楠梓區,福昌里,493,914,441,132,573,43,616
高雄市,楠梓區,福昌里,494,1064,515,157,672,37,709
高雄市,楠梓區,盛昌里,495,1705,757,308,1065,34,1099
高雄市,楠梓區,盛昌里,496,1728,759,254,1013,50,1063
高雄市,楠梓區,盛昌里,497,1917,835,300,1135,24,1159
高雄市,楠梓區,泰昌里,498,1439,660,142,802,36,838
高雄市,楠梓區,興昌里,499,1287,597,191,788,35,823
高雄市,楠梓區,興昌里,500,1504,700,240,940,30,970
高雄市,楠梓區,興昌里,501,1405,676,226,902,29,931
高雄市,楠梓區,建昌里,502,1287,565,190,755,39,794
高雄市,楠梓區,建昌里,503,1295,567,212,779,29,808
高雄市,楠梓區,宏昌里,504,1483,644,251,895,35,930
高雄市,楠梓區,宏昌里,505,1649,811,264,1075,26,1101
高雄市,楠梓區,和昌里,506,998,454,177,631,23,654
高雄市,楠梓區,和昌里,507,1025,485,182,667,37,704
高雄市,楠梓區,慶昌里,508,1671,778,298,1076,31,1107
高雄市,楠梓區,慶昌里,509,1453,689,219,908,48,956
高雄市,楠梓區,隆昌里,510,1673,737,250,987,46,1033
高雄市,楠梓區,隆昌里,511,1653,663,284,947,47,994
高雄市,楠梓區,秀昌里,512,1034,456,158,614,28,642
高雄市,楠梓區,秀昌里,513,1127,518,220,738,39,777
高雄市,楠梓區,裕昌里,514,1575,632,254,886,36,922
高雄市,楠梓區,裕昌里,515,1559,643,244,887,23,910
高雄市,楠梓區,裕昌里,516,1378,585,210,795,20,815
高雄市,楠梓區,國昌里,517,1714,790,239,1029,33,1062
高雄市,楠梓區,國昌里,518,1721,806,232,1038,32,1070
高雄市,楠梓區,加昌里,519,1628,731,236,967,46,1013
高雄市,楠梓區,加昌里,520,1590,760,276,1036,42,1078
高雄市,楠梓區,加昌里,521,1628,732,226,958,39,997
高雄市,楠梓區,加昌里,522,1739,798,306,1104,31,1135
高雄市,楠梓區,加昌里,523,1642,763,262,1025,30,1055
高雄市,楠梓區,仁昌里,524,1766,717,243,960,34,994
高雄市,楠梓區,仁昌里,525,1482,601,224,825,37,862
高雄市,楠梓區,仁昌里,526,1749,678,222,900,23,923
高雄市,楠梓區,藍田里,527,1591,651,288,939,27,966
高雄市,楠梓區,藍田里,528,1545,708,281,989,13,1002
高雄市,楠梓區,藍田里,529,1651,777,275,1052,23,1075
高雄市,楠梓區,藍田里,530,1646,710,300,1010,33,1043
高雄市,楠梓區,中興里,531,1496,689,234,923,47,970
高雄市,楠梓區,中和里,532,1403,617,181,798,44,842
高雄市,楠梓區,中和里,533,1624,622,293,915,24,939
高雄市,左營區,進學里,534,2604,665,217,882,35,917
高雄市,左營區,尾西里,535,1037,446,167,613,35,648
高雄市,左營區,頂北里,536,542,256,81,337,24,361
高雄市,左營區,中北里,537,635,289,87,376,24,400
高雄市,左營區,中南里,538,518,210,59,269,8,277
高雄市,左營區,廟東里,539,813,359,109,468,28,496
高雄市,左營區,廟北里,540,889,384,125,509,46,555
高雄市,左營區,尾南里,541,731,329,99,428,43,471
高雄市,左營區,尾北里,542,1592,626,216,842,29,871
高雄市,左營區,尾北里,543,1709,760,227,987,28,1015
高雄市,左營區,屏山里,544,1588,728,170,898,36,934
高雄市,左營區,祥和里,545,358,182,27,209,6,215
高雄市,左營區,永清里,546,666,392,55,447,10,457
高雄市,左營區,莒光里,547,1748,765,145,910,28,938
高雄市,左營區,光輝里,548,1196,570,169,739,28,767
高雄市,左營區,光輝里,549,1240,582,199,781,23,804
高雄市,左營區,合群里,550,1402,692,155,847,30,877
高雄市,左營區,合群里,551,1173,615,110,725,23,748
高雄市,左營區,明建里,552,641,344,96,440,21,461
高雄市,左營區,頂西里,553,951,419,157,576,28,604
高雄市,左營區,聖后里,554,732,302,119,421,25,446
高雄市,左營區,聖西里,555,339,141,46,187,10,197
高雄市,左營區,聖南里,556,519,251,68,319,11,330
高雄市,左營區,城南里,557,514,230,86,316,26,342
高雄市,左營區,路東里,558,720,341,89,430,36,466
高雄市,左營區,?北里,559,411,196,55,251,18,269
高雄市,左營區,?南里,560,603,276,101,377,26,403
高雄市,左營區,埤西里,561,904,390,148,538,37,575
高雄市,左營區,埤北里,562,1318,564,137,701,25,726
高雄市,左營區,埤東里,563,966,382,145,527,22,549
高雄市,左營區,海勝里,564,1440,628,194,822,27,849
高雄市,左營區,海勝里,565,1990,863,223,1086,25,1111
高雄市,左營區,海勝里,566,1090,543,129,672,20,692
高雄市,左營區,海勝里,567,1272,637,127,764,38,802
高雄市,左營區,崇實里,568,1558,698,286,984,20,1004
高雄市,左營區,崇實里,569,1501,659,291,950,18,968
高雄市,左營區,自助里,570,360,174,69,243,6,249
高雄市,左營區,果貿里,571,1335,640,135,775,36,811
高雄市,左營區,果貿里,572,1359,621,181,802,20,822
高雄市,左營區,果惠里,573,1487,699,221,920,23,943
高雄市,左營區,果峰里,574,1637,739,179,918,49,967
高雄市,左營區,新下里,575,1553,699,276,975,23,998
高雄市,左營區,新下里,576,1564,692,291,983,35,1018
高雄市,左營區,新下里,577,1788,801,336,1137,34,1171
高雄市,左營區,新下里,578,2028,838,363,1201,50,1251
高雄市,左營區,新下里,579,2037,750,370,1120,39,1159
高雄市,左營區,新下里,580,2101,894,392,1286,23,1309
高雄市,左營區,新下里,581,2018,884,359,1243,32,1275
高雄市,左營區,新上里,582,1925,875,363,1238,35,1273
高雄市,左營區,新上里,583,1989,801,353,1154,22,1176
高雄市,左營區,新上里,584,1780,730,271,1001,20,1021
高雄市,左營區,新上里,585,1778,754,333,1087,16,1103
高雄市,左營區,新上里,586,1496,645,257,902,19,921
高雄市,左營區,新上里,587,1538,662,290,952,21,973
高雄市,左營區,新上里,588,2058,878,376,1254,23,1277
高雄市,左營區,新上里,589,1992,829,370,1199,26,1225
高雄市,左營區,新上里,590,2058,824,427,1251,32,1283
高雄市,左營區,新上里,591,2090,849,402,1251,31,1282
高雄市,左營區,新上里,592,2157,889,409,1298,16,1314
高雄市,左營區,新上里,593,2096,902,381,1283,30,1313
高雄市,左營區,新上里,594,2101,880,419,1299,38,1337
高雄市,左營區,新中里,595,1649,730,240,970,36,1006
高雄市,左營區,新中里,596,1516,679,211,890,32,922
高雄市,左營區,新中里,597,1678,771,277,1048,31,1079
高雄市,左營區,新光里,598,1898,752,400,1152,23,1175
高雄市,左營區,新光里,599,1837,752,361,1113,29,1142
高雄市,左營區,新光里,600,1922,802,291,1093,21,1114
高雄市,左營區,新光里,601,1785,783,324,1107,29,1136
高雄市,左營區,新光里,602,1886,796,310,1106,16,1122
高雄市,左營區,新光里,603,1895,815,378,1193,24,1217
高雄市,左營區,新光里,604,1831,788,329,1117,32,1149
高雄市,左營區,菜公里,605,2050,852,342,1194,32,1226
高雄市,左營區,菜公里,606,2251,1034,431,1465,27,1492
高雄市,左營區,菜公里,607,2126,974,409,1383,22,1405
高雄市,左營區,菜公里,608,1928,831,293,1124,18,1142
高雄市,左營區,菜公里,609,2166,902,401,1303,31,1334
高雄市,左營區,菜公里,610,2031,866,330,1196,24,1220
高雄市,左營區,菜公里,611,1987,886,328,1214,20,1234
高雄市,左營區,菜公里,612,2166,1062,302,1364,19,1383
高雄市,左營區,菜公里,613,1856,793,343,1136,28,1164
高雄市,左營區,菜公里,614,2289,978,439,1417,23,1440
高雄市,左營區,菜公里,615,1973,862,320,1182,26,1208
高雄市,左營區,菜公里,616,1818,759,329,1088,40,1128
高雄市,左營區,菜公里,617,1565,645,273,918,16,934
高雄市,左營區,菜公里,618,1608,741,305,1046,22,1068
高雄市,左營區,福山里,619,1812,795,354,1149,25,1174
高雄市,左營區,福山里,620,1821,754,298,1052,12,1064
高雄市,左營區,福山里,621,1907,831,331,1162,30,1192
高雄市,左營區,福山里,622,1812,776,276,1052,15,1067
高雄市,左營區,福山里,623,1833,826,328,1154,24,1178
高雄市,左營區,福山里,624,1850,779,347,1126,58,1184
高雄市,左營區,福山里,625,1738,755,273,1028,22,1050
高雄市,左營區,福山里,626,1864,852,341,1193,28,1221
高雄市,左營區,福山里,627,1887,855,323,1178,22,1200
高雄市,左營區,福山里,628,1870,702,356,1058,18,1076
高雄市,左營區,福山里,629,1866,795,329,1124,17,1141
高雄市,左營區,福山里,630,1862,783,331,1114,11,1125
高雄市,左營區,福山里,631,1816,808,302,1110,21,1131
高雄市,左營區,福山里,632,1833,841,302,1143,23,1166
高雄市,左營區,福山里,633,1676,753,287,1040,22,1062
高雄市,左營區,福山里,634,1843,814,294,1108,31,1139
高雄市,左營區,福山里,635,1872,824,333,1157,20,1177
高雄市,左營區,福山里,636,2259,1002,329,1331,24,1355
高雄市,大社區,嘉誠里,637,950,384,109,493,54,547
高雄市,大社區,保社里,638,1306,510,194,704,23,727
高雄市,大社區,保社里,639,1856,603,231,834,18,852
高雄市,大社區,大社里,640,986,429,190,619,27,646
高雄市,大社區,大社里,641,1116,403,140,543,30,573
高雄市,大社區,大社里,642,1253,578,208,786,29,815
高雄市,大社區,大社里,643,1613,731,215,946,31,977
高雄市,大社區,保安里,644,1455,552,203,755,30,785
高雄市,大社區,保安里,645,1674,744,259,1003,37,1040
高雄市,大社區,三奶里,646,1004,451,132,583,35,618
高雄市,大社區,三奶里,647,879,385,125,510,31,541
高雄市,大社區,三奶里,648,778,308,139,447,13,460
高雄市,大社區,觀音里,649,1110,463,181,644,37,681
高雄市,大社區,觀音里,650,1432,573,208,781,37,818
高雄市,大社區,觀音里,651,1466,643,233,876,35,911
高雄市,大社區,觀音里,652,1383,610,235,845,43,888
高雄市,大社區,神農里,653,1645,702,246,948,43,991
高雄市,大社區,神農里,654,1555,547,241,788,28,816
高雄市,大社區,神農里,655,1750,679,307,986,37,1023
高雄市,大社區,中里里,656,1111,442,182,624,43,667
高雄市,大社區,中里里,657,1133,482,74,556,36,592
高雄市,大社區,中里里,658,912,393,140,533,28,561
高雄市,大社區,翠屏里,659,745,265,93,358,17,375
高雄市,大社區,翠屏里,660,934,413,145,558,16,574
高雄市,仁武區,大灣里,661,1777,906,265,1171,26,1197
高雄市,仁武區,大灣里,662,2273,1026,348,1374,30,1404
高雄市,仁武區,灣內里,663,1384,669,221,890,37,927
高雄市,仁武區,灣內里,664,1170,513,152,665,31,696
高雄市,仁武區,灣內里,665,1216,580,208,788,33,821
高雄市,仁武區,灣內里,666,1598,665,236,901,17,918
高雄市,仁武區,灣內里,667,2143,1017,336,1353,19,1372
高雄市,仁武區,考潭里,668,1300,511,213,724,30,754
高雄市,仁武區,考潭里,669,1338,588,193,781,45,826
高雄市,仁武區,烏林里,670,1217,493,173,666,22,688
高雄市,仁武區,烏林里,671,1202,466,116,582,40,622
高雄市,仁武區,烏林里,672,1404,563,185,748,36,784
高雄市,仁武區,仁福里,673,830,369,97,466,16,482
高雄市,仁武區,仁武里,674,1802,650,158,808,26,834
高雄市,仁武區,仁武里,675,1877,731,256,987,34,1021
高雄市,仁武區,仁武里,676,1738,621,226,847,17,864
高雄市,仁武區,文武里,677,1549,648,217,865,45,910
高雄市,仁武區,文武里,678,1579,693,235,928,25,953
高雄市,仁武區,文武里,679,1406,633,156,789,21,810
高雄市,仁武區,文武里,680,1461,674,197,871,16,887
高雄市,仁武區,文武里,681,1311,595,206,801,22,823
高雄市,仁武區,文武里,682,1373,596,199,795,11,806
高雄市,仁武區,竹後里,683,1035,439,160,599,12,611
高雄市,仁武區,竹後里,684,1181,507,163,670,21,691
高雄市,仁武區,八卦里,685,1670,651,260,911,35,946
高雄市,仁武區,八卦里,686,1576,649,245,894,15,909
高雄市,仁武區,八卦里,687,1576,687,260,947,36,983
高雄市,仁武區,八卦里,688,1915,904,282,1186,20,1206
高雄市,仁武區,八卦里,689,1758,770,231,1001,19,1020
高雄市,仁武區,八卦里,690,1892,865,306,1171,27,1198
高雄市,仁武區,八卦里,691,2025,905,279,1184,45,1229
高雄市,仁武區,八卦里,692,2014,928,309,1237,19,1256
高雄市,仁武區,八卦里,693,1473,713,273,986,22,1008
高雄市,仁武區,高楠里,694,979,440,138,578,23,601
高雄市,仁武區,高楠里,695,944,448,123,571,14,585
高雄市,仁武區,後安里,696,1153,518,149,667,46,713
高雄市,仁武區,後安里,697,1328,569,159,728,26,754
高雄市,仁武區,中華里,698,1657,736,225,961,42,1003
高雄市,仁武區,五和里,699,1545,607,201,808,25,833
高雄市,仁武區,五和里,700,1417,572,299,871,27,898
高雄市,仁武區,五和里,701,1602,762,253,1015,18,1033
高雄市,仁武區,仁和里,702,1823,881,277,1158,31,1189
高雄市,仁武區,仁和里,703,1914,780,220,1000,21,1021
高雄市,仁武區,赤山里,704,1992,877,291,1168,31,1199
高雄市,仁武區,赤山里,705,2045,795,261,1056,18,1074
高雄市,仁武區,赤山里,706,1982,869,328,1197,31,1228
高雄市,仁武區,仁慈里,707,2167,784,314,1098,21,1119
高雄市,鳥松區,鳥松里,708,1678,683,281,964,34,998
高雄市,鳥松區,鳥松里,709,1682,659,242,901,35,936
高雄市,鳥松區,鳥松里,710,1225,567,198,765,30,795
高雄市,鳥松區,鳥松里,711,1322,498,198,696,37,733
高雄市,鳥松區,鳥松里,712,1215,532,192,724,21,745
高雄市,鳥松區,鳥松里,713,1779,699,270,969,21,990
高雄市,鳥松區,鳥松里,714,1129,391,340,731,15,746
高雄市,鳥松區,夢裡里,715,1374,630,210,840,28,868
高雄市,鳥松區,夢裡里,716,1089,477,181,658,17,675
高雄市,鳥松區,夢裡里,717,2219,893,439,1332,42,1374
高雄市,鳥松區,大華里,718,1634,686,285,971,19,990
高雄市,鳥松區,大華里,719,1553,688,266,954,40,994
高雄市,鳥松區,大華里,720,1572,677,293,970,33,1003
高雄市,鳥松區,大華里,721,1688,715,332,1047,27,1074
高雄市,鳥松區,大華里,722,1626,691,326,1017,20,1037
高雄市,鳥松區,大華里,723,1744,774,320,1094,36,1130
高雄市,鳥松區,?埔里,724,1230,536,133,669,31,700
高雄市,鳥松區,?埔里,725,1201,532,197,729,49,778
高雄市,鳥松區,?埔里,726,1117,581,145,726,19,745
高雄市,鳥松區,仁美里,727,1255,578,149,727,31,758
高雄市,鳥松區,仁美里,728,1432,580,168,748,33,781
高雄市,鳥松區,仁美里,729,1370,573,157,730,20,750
高雄市,鳥松區,仁美里,730,1364,634,202,836,26,862
高雄市,鳥松區,仁美里,731,1041,535,114,649,33,682
高雄市,鳥松區,大竹里,732,702,363,119,482,30,512
高雄市,鳥松區,華美里,733,1212,533,176,709,35,744
高雄市,鳥松區,華美里,734,1289,588,150,738,31,769
高雄市,鳥松區,華美里,735,1449,687,234,921,22,943
高雄市,大樹區,竹寮里,736,1386,581,199,780,23,803
高雄市,大樹區,竹寮里,737,1315,649,191,840,22,862
高雄市,大樹區,九曲里,738,2461,1057,282,1339,35,1374
高雄市,大樹區,九曲里,739,1274,554,179,733,13,746
高雄市,大樹區,九曲里,740,1265,517,164,681,41,722
高雄市,大樹區,久堂里,741,1504,623,197,820,34,854
高雄市,大樹區,久堂里,742,1049,405,155,560,13,573
高雄市,大樹區,久堂里,743,1573,613,226,839,35,874
高雄市,大樹區,水安里,744,1121,431,127,558,27,585
高雄市,大樹區,水安里,745,1207,552,60,612,31,643
高雄市,大樹區,水寮里,746,1134,502,143,645,14,659
高雄市,大樹區,水寮里,747,1124,522,169,691,17,708
高雄市,大樹區,檨腳里,748,1259,530,163,693,35,728
高雄市,大樹區,檨腳里,749,1105,482,176,658,40,698
高雄市,大樹區,檨腳里,750,1128,465,156,621,32,653
高雄市,大樹區,興山里,751,1079,415,129,544,62,606
高雄市,大樹區,和山里,752,1025,388,120,508,35,543
高雄市,大樹區,姑山里,753,950,381,118,499,33,532
高雄市,大樹區,大坑里,754,1433,565,180,745,70,815
高雄市,大樹區,井腳里,755,794,322,97,419,15,434
高雄市,大樹區,井腳里,756,781,273,93,366,7,373
高雄市,大樹區,小坪里,757,1318,499,154,653,14,667
高雄市,大樹區,龍目里,758,736,299,92,391,25,416
高雄市,大樹區,龍目里,759,1047,371,133,504,15,519
高雄市,大樹區,大樹里,760,1271,540,176,716,41,757
高雄市,大樹區,大樹里,761,1186,447,147,594,25,619
高雄市,大樹區,三和里,762,1007,424,124,548,39,587
高雄市,大樹區,溪埔里,763,859,366,124,490,32,522
高雄市,大樹區,溪埔里,764,735,291,81,372,11,383
高雄市,大樹區,興田里,765,1046,477,138,615,39,654
高雄市,大樹區,興田里,766,880,552,78,630,22,652
高雄市,大樹區,統嶺里,767,720,330,54,384,13,397
高雄市,鼓山區,鼓峰里,768,959,399,134,533,11,544
高雄市,鼓山區,鼓峰里,769,1000,471,177,648,23,671
高雄市,鼓山區,雄峰里,770,910,428,117,545,17,562
高雄市,鼓山區,雄峰里,771,1085,529,160,689,27,716
高雄市,鼓山區,前峰里,772,1484,580,189,769,20,789
高雄市,鼓山區,前峰里,773,1393,636,196,832,27,859
高雄市,鼓山區,前峰里,774,1270,609,218,827,31,858
高雄市,鼓山區,光榮里,775,1055,471,154,625,21,646
高雄市,鼓山區,光榮里,776,1172,506,181,687,14,701
高雄市,鼓山區,光榮里,777,1175,562,175,737,33,770
高雄市,鼓山區,民族里,778,1274,594,178,772,26,798
高雄市,鼓山區,內惟里,779,1085,416,155,571,19,590
高雄市,鼓山區,建國里,780,1470,605,229,834,30,864
高雄市,鼓山區,建國里,781,974,455,171,626,27,653
高雄市,鼓山區,忠正里,782,1275,563,200,763,37,800
高雄市,鼓山區,忠正里,783,1206,529,184,713,30,743
高雄市,鼓山區,忠正里,784,1238,551,201,752,17,769
高雄市,鼓山區,自強里,785,721,408,82,490,9,499
高雄市,鼓山區,龍井里,786,1220,510,174,684,16,700
高雄市,鼓山區,正德里,787,1966,738,274,1012,31,1043
高雄市,鼓山區,平和里,788,1722,725,251,976,25,1001
高雄市,鼓山區,平和里,789,1720,710,245,955,24,979
高雄市,鼓山區,民強里,790,1287,563,214,777,59,836
高雄市,鼓山區,民強里,791,1369,434,190,624,14,638
高雄市,鼓山區,厚生里,792,1222,581,189,770,18,788
高雄市,鼓山區,厚生里,793,1770,780,258,1038,29,1067
高雄市,鼓山區,龍子里,794,1860,702,328,1030,27,1057
高雄市,鼓山區,龍子里,795,1857,748,326,1074,22,1096
高雄市,鼓山區,龍子里,796,1841,758,336,1094,18,1112
高雄市,鼓山區,龍子里,797,1830,771,327,1098,37,1135
高雄市,鼓山區,龍子里,798,1809,752,305,1057,32,1089
高雄市,鼓山區,龍子里,799,1894,702,439,1141,35,1176
高雄市,鼓山區,龍子里,800,1882,779,370,1149,14,1163
高雄市,鼓山區,龍子里,801,1894,767,410,1177,39,1216
高雄市,鼓山區,龍水里,802,1745,716,276,992,21,1013
高雄市,鼓山區,龍水里,803,1887,697,376,1073,10,1083
高雄市,鼓山區,龍水里,804,1891,804,410,1214,24,1238
高雄市,鼓山區,龍水里,805,1903,787,366,1153,22,1175
高雄市,鼓山區,龍水里,806,1998,755,453,1208,20,1228
高雄市,鼓山區,龍水里,807,1912,806,351,1157,24,1181
高雄市,鼓山區,龍水里,808,1923,812,367,1179,30,1209
高雄市,鼓山區,龍水里,809,1888,785,394,1179,21,1200
高雄市,鼓山區,龍水里,810,1873,798,367,1165,14,1179
高雄市,鼓山區,龍水里,811,1959,856,438,1294,20,1314
高雄市,鼓山區,龍水里,812,1897,828,390,1218,25,1243
高雄市,鼓山區,明誠里,813,2362,948,408,1356,23,1379
高雄市,鼓山區,明誠里,814,1850,841,307,1148,19,1167
高雄市,鼓山區,明誠里,815,1928,824,369,1193,22,1215
高雄市,鼓山區,明誠里,816,1937,794,312,1106,17,1123
高雄市,鼓山區,明誠里,817,2123,858,368,1226,32,1258
高雄市,鼓山區,明誠里,818,1861,822,324,1146,23,1169
高雄市,鼓山區,明誠里,819,1892,783,333,1116,19,1135
高雄市,鼓山區,明誠里,820,2147,857,410,1267,28,1295
高雄市,鼓山區,華豐里,821,1897,850,322,1172,15,1187
高雄市,鼓山區,華豐里,822,2041,842,378,1220,27,1247
高雄市,鼓山區,裕興里,823,1309,575,184,759,34,793
高雄市,鼓山區,裕興里,824,1867,813,299,1112,29,1141
高雄市,鼓山區,裕豐里,825,1152,554,214,768,16,784
高雄市,鼓山區,裕豐里,826,1404,646,229,875,37,912
高雄市,鼓山區,鼓岩里,827,1210,436,112,548,25,573
高雄市,鼓山區,樹德里,828,1135,502,174,676,32,708
高雄市,鼓山區,寶樹里,829,1831,469,166,635,49,684
高雄市,鼓山區,興宗里,830,1288,554,181,735,41,776
高雄市,鼓山區,光化里,831,1241,542,164,706,24,730
高雄市,鼓山區,山下里,832,1342,573,229,802,28,830
高雄市,鼓山區,河邊里,833,1422,641,205,846,37,883
高雄市,鼓山區,綠川里,834,1453,650,220,870,62,932
高雄市,鼓山區,登山里,835,616,300,87,387,18,405
高雄市,鼓山區,峰南里,836,834,368,115,483,35,518
高雄市,鼓山區,麗興里,837,969,427,132,559,24,583
高雄市,鼓山區,新民里,838,978,433,140,573,30,603
高雄市,鼓山區,延平里,839,760,346,128,474,32,506
高雄市,鼓山區,維生里,840,1248,530,188,718,38,756
高雄市,鼓山區,惠安里,841,1143,456,165,621,22,643
高雄市,鼓山區,壽山里,842,1358,539,170,709,32,741
高雄市,鼓山區,哨船頭里,843,1036,421,133,554,11,565
高雄市,鼓山區,桃源里,844,580,265,75,340,6,346
高雄市,鹽埕區,藍橋里,845,1304,550,262,812,26,838
高雄市,鹽埕區,慈愛里,846,357,171,52,223,7,230
高雄市,鹽埕區,博愛里,847,651,290,107,397,14,411
高雄市,鹽埕區,壽星里,848,1322,512,182,694,17,711
高雄市,鹽埕區,中山里,849,1056,438,206,644,15,659
高雄市,鹽埕區,教仁里,850,904,377,198,575,9,584
高雄市,鹽埕區,教仁里,851,1130,466,190,656,20,676
高雄市,鹽埕區,新樂里,852,840,387,136,523,16,539
高雄市,鹽埕區,中原里,853,616,299,127,426,15,441
高雄市,鹽埕區,光明里,854,1397,486,249,735,19,754
高雄市,鹽埕區,育仁里,855,766,318,141,459,9,468
高雄市,鹽埕區,河濱里,856,839,343,157,500,22,522
高雄市,鹽埕區,河濱里,857,805,370,136,506,13,519
高雄市,鹽埕區,沙地里,858,750,309,126,435,9,444
高雄市,鹽埕區,南端里,859,986,502,67,569,13,582
高雄市,鹽埕區,港都里,860,1068,438,166,604,7,611
高雄市,鹽埕區,江西里,861,1060,414,197,611,26,637
高雄市,鹽埕區,新豐里,862,805,320,132,452,16,468
高雄市,鹽埕區,府北里,863,1073,418,159,577,8,585
高雄市,鹽埕區,府北里,864,921,348,135,483,17,500
高雄市,鹽埕區,陸橋里,865,1171,470,190,660,19,679
高雄市,鹽埕區,瀨南里,866,594,234,119,353,7,360
高雄市,鹽埕區,新化里,867,592,275,93,368,12,380
高雄市,鹽埕區,江南里,868,610,234,99,333,10,343
高雄市,旗津區,旗下里,869,1177,529,176,705,49,754
高雄市,旗津區,永安里,870,1109,460,119,579,32,611
高雄市,旗津區,振興里,871,1642,573,243,816,20,836
高雄市,旗津區,慈愛里,872,1209,508,139,647,58,705
高雄市,旗津區,慈愛里,873,1112,405,156,561,30,591
高雄市,旗津區,復興里,874,1483,630,215,845,38,883
高雄市,旗津區,復興里,875,1460,546,161,707,20,727
高雄市,旗津區,中華里,876,1572,457,472,929,73,1002
高雄市,旗津區,實踐里,877,1384,509,177,686,16,702
高雄市,旗津區,北汕里,878,1390,576,156,732,17,749
高雄市,旗津區,北汕里,879,1239,462,155,617,23,640
高雄市,旗津區,南汕里,880,2045,817,303,1120,27,1147
高雄市,旗津區,上竹里,881,893,369,94,463,15,478
高雄市,旗津區,上竹里,882,1866,700,254,954,49,1003
高雄市,旗津區,中洲里,883,1874,654,219,873,16,889
高雄市,旗津區,安順里,884,893,312,120,432,34,466
高雄市,旗津區,中興里,885,1215,522,201,723,21,744
高雄市,旗津區,中興里,886,1297,499,180,679,16,695
高雄市,三民區,鼎金里,887,1893,785,292,1077,40,1117
高雄市,三民區,鼎金里,888,1982,790,257,1047,47,1094
高雄市,三民區,鼎盛里,889,1661,708,236,944,33,977
高雄市,三民區,鼎盛里,890,1894,752,327,1079,15,1094
高雄市,三民區,鼎盛里,891,1839,730,295,1025,26,1051
高雄市,三民區,鼎盛里,892,2014,779,328,1107,46,1153
高雄市,三民區,鼎強里,893,1897,838,249,1087,53,1140
高雄市,三民區,鼎強里,894,2016,734,325,1059,36,1095
高雄市,三民區,鼎力里,895,1924,782,270,1052,29,1081
高雄市,三民區,鼎力里,896,1749,758,264,1022,30,1052
高雄市,三民區,鼎西里,897,1845,817,353,1170,14,1184
高雄市,三民區,鼎西里,898,1724,697,271,968,31,999
高雄市,三民區,鼎西里,899,1889,775,311,1086,28,1114
高雄市,三民區,鼎西里,900,1622,684,265,949,22,971
高雄市,三民區,鼎中里,901,1870,899,242,1141,17,1158
高雄市,三民區,鼎中里,902,1523,687,253,940,32,972
高雄市,三民區,鼎泰里,903,2006,786,283,1069,42,1111
高雄市,三民區,鼎泰里,904,2076,846,436,1282,36,1318
高雄市,三民區,鼎泰里,905,2073,774,411,1185,15,1200
高雄市,三民區,鼎泰里,906,2045,843,342,1185,27,1212
高雄市,三民區,鼎泰里,907,2070,698,311,1009,43,1052
高雄市,三民區,鼎泰里,908,2035,790,330,1120,25,1145
高雄市,三民區,鼎泰里,909,2075,815,443,1258,34,1292
高雄市,三民區,鼎泰里,910,2053,881,342,1223,22,1245
高雄市,三民區,鼎泰里,911,2063,900,380,1280,22,1302
高雄市,三民區,鼎泰里,912,2143,925,394,1319,32,1351
高雄市,三民區,本館里,913,1746,769,292,1061,44,1105
高雄市,三民區,本館里,914,1735,657,272,929,24,953
高雄市,三民區,本館里,915,1655,645,256,901,28,929
高雄市,三民區,本館里,916,1583,621,289,910,36,946
高雄市,三民區,本館里,917,1800,702,305,1007,22,1029
高雄市,三民區,本和里,918,1730,764,278,1042,22,1064
高雄市,三民區,本和里,919,1715,727,217,944,15,959
高雄市,三民區,本和里,920,1691,720,273,993,29,1022
高雄市,三民區,本和里,921,1865,751,340,1091,28,1119
高雄市,三民區,本文里,922,1073,500,179,679,25,704
高雄市,三民區,本文里,923,917,480,149,629,27,656
高雄市,三民區,本武里,924,1647,710,263,973,19,992
高雄市,三民區,本元里,925,1654,696,283,979,32,1011
高雄市,三民區,本元里,926,1639,741,259,1000,34,1034
高雄市,三民區,本元里,927,1833,782,311,1093,21,1114
高雄市,三民區,本安里,928,1362,609,267,876,21,897
高雄市,三民區,本安里,929,1557,675,281,956,38,994
高雄市,三民區,本安里,930,1482,689,349,1038,22,1060
高雄市,三民區,本上里,931,1563,692,287,979,22,1001
高雄市,三民區,本上里,932,1497,628,294,922,22,944
高雄市,三民區,本上里,933,1523,685,296,981,16,997
高雄市,三民區,本揚里,934,1293,641,237,878,13,891
高雄市,三民區,本揚里,935,1662,698,337,1035,25,1060
高雄市,三民區,本揚里,936,1441,510,233,743,21,764
高雄市,三民區,本揚里,937,1326,645,249,894,18,912
高雄市,三民區,本揚里,938,1476,668,290,958,22,980
高雄市,三民區,寶獅里,939,1968,769,310,1079,28,1107
高雄市,三民區,寶獅里,940,1618,651,243,894,21,915
高雄市,三民區,寶德里,941,1873,708,358,1066,32,1098
高雄市,三民區,寶德里,942,1487,618,255,873,31,904
高雄市,三民區,寶德里,943,1640,712,254,966,15,981
高雄市,三民區,寶泰里,944,1889,786,296,1082,15,1097
高雄市,三民區,寶泰里,945,1969,783,330,1113,24,1137
高雄市,三民區,寶興里,946,1466,639,229,868,40,908
高雄市,三民區,寶興里,947,1697,745,286,1031,27,1058
高雄市,三民區,寶興里,948,1663,737,265,1002,26,1028
高雄市,三民區,寶興里,949,1649,659,296,955,28,983
高雄市,三民區,寶中里,950,1486,653,229,882,22,904
高雄市,三民區,寶中里,951,1495,624,228,852,13,865
高雄市,三民區,寶華里,952,1548,685,304,989,20,1009
高雄市,三民區,寶華里,953,1493,607,276,883,26,909
高雄市,三民區,寶國里,954,1445,655,258,913,13,926
高雄市,三民區,寶國里,955,1529,647,248,895,15,910
高雄市,三民區,寶國里,956,1506,643,249,892,21,913
高雄市,三民區,寶國里,957,1549,671,292,963,23,986
高雄市,三民區,寶國里,958,1620,675,323,998,39,1037
高雄市,三民區,寶民里,959,1550,693,268,961,33,994
高雄市,三民區,寶民里,960,1488,675,256,931,18,949
高雄市,三民區,寶慶里,961,1335,564,254,818,28,846
高雄市,三民區,寶慶里,962,1332,621,178,799,23,822
高雄市,三民區,寶業里,963,1764,721,322,1043,47,1090
高雄市,三民區,寶業里,964,1811,776,301,1077,20,1097
高雄市,三民區,寶業里,965,1693,717,337,1054,37,1091
高雄市,三民區,寶盛里,966,1684,770,302,1072,38,1110
高雄市,三民區,寶盛里,967,1464,619,242,861,21,882
高雄市,三民區,寶盛里,968,1719,762,350,1112,18,1130
高雄市,三民區,寶安里,969,1749,713,318,1031,25,1056
高雄市,三民區,寶安里,970,1908,772,312,1084,18,1102
高雄市,三民區,寶安里,971,1573,665,283,948,31,979
高雄市,三民區,寶安里,972,1628,663,270,933,10,943
高雄市,三民區,寶龍里,973,1377,539,207,746,33,779
高雄市,三民區,寶龍里,974,1530,675,288,963,22,985
高雄市,三民區,寶龍里,975,1188,524,178,702,32,734
高雄市,三民區,寶珠里,976,2791,643,218,861,16,877
高雄市,三民區,寶珠里,977,1840,771,306,1077,28,1105
高雄市,三民區,寶珠里,978,1671,707,296,1003,48,1051
高雄市,三民區,寶玉里,979,1624,626,328,954,33,987
高雄市,三民區,寶玉里,980,1555,724,313,1037,26,1063
高雄市,三民區,寶玉里,981,1489,677,281,958,30,988
高雄市,三民區,寶玉里,982,1662,708,298,1006,31,1037
高雄市,三民區,寶玉里,983,1639,696,262,958,13,971
高雄市,三民區,灣子里,984,1872,790,287,1077,28,1105
高雄市,三民區,灣子里,985,1968,800,312,1112,29,1141
高雄市,三民區,灣愛里,986,1471,569,169,738,48,786
高雄市,三民區,灣愛里,987,1534,645,226,871,30,901
高雄市,三民區,灣中里,988,1659,651,216,867,52,919
高雄市,三民區,灣中里,989,1815,681,244,925,34,959
高雄市,三民區,灣中里,990,1808,695,304,999,30,1029
高雄市,三民區,灣華里,991,1224,502,177,679,25,704
高雄市,三民區,灣華里,992,1406,594,218,812,18,830
高雄市,三民區,灣勝里,993,945,431,126,557,25,582
高雄市,三民區,灣勝里,994,944,451,162,613,11,624
高雄市,三民區,灣利里,995,1669,714,258,972,46,1018
高雄市,三民區,灣利里,996,1473,578,225,803,37,840
高雄市,三民區,灣復里,997,1876,633,291,924,33,957
高雄市,三民區,灣復里,998,1682,469,186,655,21,676
高雄市,三民區,正興里,999,1791,654,312,966,16,982
高雄市,三民區,正興里,1000,1808,747,323,1070,32,1102
高雄市,三民區,正興里,1001,1798,717,284,1001,25,1026
高雄市,三民區,正興里,1002,2030,789,403,1192,26,1218
高雄市,三民區,正興里,1003,2034,838,360,1198,10,1208
高雄市,三民區,正興里,1004,1998,814,366,1180,22,1202
高雄市,三民區,正順里,1005,1914,757,297,1054,26,1080
高雄市,三民區,正順里,1006,1965,732,380,1112,36,1148
高雄市,三民區,灣興里,1007,1885,711,336,1047,53,1100
高雄市,三民區,灣成里,1008,1220,535,219,754,12,766
高雄市,三民區,灣成里,1009,1057,470,141,611,36,647
高雄市,三民區,安康里,1010,1434,511,209,720,18,738
高雄市,三民區,安康里,1011,1350,542,163,705,19,724
高雄市,三民區,安寧里,1012,872,362,117,479,12,491
高雄市,三民區,安寧里,1013,954,383,144,527,18,545
高雄市,三民區,安吉里,1014,1689,734,300,1034,11,1045
高雄市,三民區,安吉里,1015,1390,560,259,819,19,838
高雄市,三民區,安吉里,1016,1336,578,232,810,29,839
高雄市,三民區,安發里,1017,1437,662,276,938,30,968
高雄市,三民區,安發里,1018,1452,618,263,881,17,898
高雄市,三民區,安發里,1019,1513,633,282,915,28,943
高雄市,三民區,安東里,1020,1467,666,270,936,37,973
高雄市,三民區,安東里,1021,1381,670,238,908,42,950
高雄市,三民區,安和里,1022,1117,489,179,668,21,689
高雄市,三民區,安和里,1023,1327,589,262,851,21,872
高雄市,三民區,達德里,1024,1304,587,240,827,25,852
高雄市,三民區,達明里,1025,1483,620,234,854,22,876
高雄市,三民區,達仁里,1026,1473,670,247,917,20,937
高雄市,三民區,達勇里,1027,980,419,164,583,29,612
高雄市,三民區,同德里,1028,1409,654,207,861,23,884
高雄市,三民區,同德里,1029,1230,553,192,745,25,770
高雄市,三民區,德智里,1030,1024,485,174,659,26,685
高雄市,三民區,德智里,1031,1130,487,189,676,40,716
高雄市,三民區,德仁里,1032,1889,700,310,1010,27,1037
高雄市,三民區,安生里,1033,1427,654,215,869,21,890
高雄市,三民區,德東里,1034,791,416,97,513,22,535
高雄市,三民區,德行里,1035,1079,575,171,746,28,774
高雄市,三民區,精華里,1036,1492,621,247,868,41,909
高雄市,三民區,民享里,1037,1020,470,179,649,24,673
高雄市,三民區,民享里,1038,1001,449,194,643,13,656
高雄市,三民區,安宜里,1039,1581,714,265,979,24,1003
高雄市,三民區,安宜里,1040,1471,629,250,879,24,903
高雄市,三民區,安泰里,1041,1151,536,206,742,12,754
高雄市,三民區,安泰里,1042,1334,612,219,831,41,872
高雄市,三民區,安泰里,1043,1275,554,204,758,16,774
高雄市,三民區,安邦里,1044,1688,555,210,765,21,786
高雄市,三民區,安邦里,1045,1214,550,197,747,17,764
高雄市,三民區,安邦里,1046,1149,557,200,757,15,772
高雄市,三民區,十全里,1047,1667,708,259,967,58,1025
高雄市,三民區,十美里,1048,1786,702,297,999,22,1021
高雄市,三民區,德北里,1049,896,411,142,553,12,565
高雄市,三民區,德北里,1050,925,434,126,560,22,582
高雄市,三民區,立誠里,1051,684,319,124,443,27,470
高雄市,三民區,立業里,1052,981,451,170,621,38,659
高雄市,三民區,港東里,1053,1383,549,191,740,37,777
高雄市,三民區,港新里,1054,1382,608,229,837,22,859
高雄市,三民區,港西里,1055,808,347,119,466,19,485
高雄市,三民區,博愛里,1056,1197,515,217,732,20,752
高雄市,三民區,博惠里,1057,1344,609,185,794,23,817
高雄市,三民區,博惠里,1058,1344,574,238,812,22,834
高雄市,三民區,博惠里,1059,1359,638,236,874,13,887
高雄市,三民區,長明里,1060,1073,466,187,653,37,690
高雄市,三民區,建東里,1061,1186,480,176,656,27,683
高雄市,三民區,興德里,1062,1749,732,280,1012,50,1062
高雄市,三民區,鳳南里,1063,877,418,127,545,14,559
高雄市,三民區,鳳北里,1064,1402,682,210,892,36,928
高雄市,三民區,德西里,1065,769,382,130,512,12,524
高雄市,三民區,豐裕里,1066,1207,568,192,760,18,778
高雄市,三民區,豐裕里,1067,1270,507,170,677,32,709
高雄市,三民區,川東里,1068,1248,530,203,733,28,761
高雄市,三民區,裕民里,1069,1263,558,201,759,35,794
高雄市,三民區,力行里,1070,1101,507,168,675,31,706
高雄市,三民區,千歲里,1071,1116,535,194,729,15,744
高雄市,三民區,立德里,1072,1152,544,179,723,17,740
高雄市,三民區,千北里,1073,1057,473,183,656,18,674
高雄市,三民區,千秋里,1074,971,424,129,553,21,574
高雄市,三民區,千秋里,1075,1062,467,159,626,17,643
高雄市,前金區,三川里,1076,673,296,108,404,14,418
高雄市,前金區,草江里,1077,1022,464,176,640,14,654
高雄市,前金區,長城里,1078,1324,602,171,773,23,796
高雄市,前金區,北金里,1079,839,371,128,499,25,524
高雄市,前金區,東金里,1080,975,419,164,583,25,608
高雄市,前金區,新生里,1081,1806,760,297,1057,37,1094
高雄市,前金區,新生里,1082,1781,746,298,1044,30,1074
高雄市,前金區,後金里,1083,717,325,124,449,14,463
高雄市,前金區,長興里,1084,1097,477,177,654,12,666
高雄市,前金區,青山里,1085,1633,687,277,964,18,982
高雄市,前金區,民生里,1086,759,356,152,508,11,519
高雄市,前金區,復元里,1087,948,412,191,603,26,629
高雄市,前金區,林投里,1088,1009,393,146,539,32,571
高雄市,前金區,國民里,1089,945,424,155,579,18,597
高雄市,前金區,社東里,1090,772,330,149,479,13,492
高雄市,前金區,社東里,1091,757,331,144,475,15,490
高雄市,前金區,社西里,1092,1047,492,170,662,19,681
高雄市,前金區,博孝里,1093,985,461,152,613,20,633
高雄市,前金區,長生里,1094,1674,675,275,950,15,965
高雄市,前金區,榮復里,1095,1088,480,160,640,19,659
高雄市,前金區,文西里,1096,893,398,172,570,41,611
高雄市,前金區,文東里,1097,1184,488,210,698,14,712
高雄市,新興區,浩然里,1098,828,350,132,482,19,501
高雄市,新興區,浩然里,1099,963,428,183,611,28,639
高雄市,新興區,振成里,1100,1075,443,171,614,16,630
高雄市,新興區,德生里,1101,1488,567,301,868,15,883
高雄市,新興區,德生里,1102,1438,673,293,966,20,986
高雄市,新興區,振華里,1103,1049,432,195,627,24,651
高雄市,新興區,正氣里,1104,1378,651,231,882,44,926
高雄市,新興區,德政里,1105,666,315,106,421,26,447
高雄市,新興區,仁聲里,1106,981,415,172,587,9,596
高雄市,新興區,德望里,1107,933,418,182,600,19,619
高雄市,新興區,德望里,1108,987,431,147,578,17,595
高雄市,新興區,華聲里,1109,988,465,153,618,16,634
高雄市,新興區,蕉園里,1110,735,359,118,477,18,495
高雄市,新興區,永寧里,1111,1317,556,233,789,24,813
高雄市,新興區,玉衡里,1112,800,341,130,471,17,488
高雄市,新興區,順昌里,1113,968,464,151,615,18,633
高雄市,新興區,順昌里,1114,913,433,140,573,8,581
高雄市,新興區,文昌里,1115,1389,599,311,910,19,929
高雄市,新興區,文昌里,1116,1228,536,273,809,30,839
高雄市,新興區,光耀里,1117,1211,541,210,751,28,779
高雄市,新興區,光耀里,1118,1101,487,204,691,15,706
高雄市,新興區,興昌里,1119,752,339,141,480,10,490
高雄市,新興區,興昌里,1120,873,415,185,600,21,621
高雄市,新興區,開平里,1121,1609,725,290,1015,18,1033
高雄市,新興區,開平里,1122,1736,791,293,1084,25,1109
高雄市,新興區,成功里,1123,1258,533,210,743,17,760
高雄市,新興區,新江里,1124,1105,481,198,679,20,699
高雄市,新興區,黎明里,1125,851,383,136,519,23,542
高雄市,新興區,愛平里,1126,1011,454,170,624,26,650
高雄市,新興區,南港里,1127,888,434,167,601,28,629
高雄市,新興區,南港里,1128,1005,433,186,619,18,637
高雄市,新興區,中東里,1129,1375,455,178,633,12,645
高雄市,新興區,中東里,1130,1388,573,265,838,27,865
高雄市,新興區,明莊里,1131,719,319,106,425,21,446
高雄市,新興區,大明里,1132,1077,450,183,633,38,671
高雄市,新興區,秋山里,1133,875,337,130,467,13,480
高雄市,新興區,長驛里,1134,936,387,152,539,9,548
高雄市,新興區,建興里,1135,944,399,142,541,30,571
高雄市,新興區,建華里,1136,833,351,117,468,14,482
高雄市,新興區,漢民里,1137,708,337,117,454,12,466
高雄市,新興區,榮治里,1138,741,309,126,435,11,446
高雄市,新興區,東坡里,1139,1235,510,190,700,21,721
高雄市,苓雅區,博仁里,1140,718,318,132,450,12,462
高雄市,苓雅區,苓洲里,1141,1492,623,235,858,28,886
高雄市,苓雅區,苓昇里,1142,1210,558,182,740,27,767
高雄市,苓雅區,苓中里,1143,1617,668,245,913,6,919
高雄市,苓雅區,苓雅里,1144,1428,626,251,877,25,902
高雄市,苓雅區,苓東里,1145,1444,569,219,788,35,823
高雄市,苓雅區,城北里,1146,1452,590,239,829,26,855
高雄市,苓雅區,城西里,1147,554,264,83,347,14,361
高雄市,苓雅區,城東里,1148,950,401,150,551,15,566
高雄市,苓雅區,城東里,1149,978,419,140,559,12,571
高雄市,苓雅區,意誠里,1150,1673,679,239,918,22,940
高雄市,苓雅區,意誠里,1151,2045,750,340,1090,28,1118
高雄市,苓雅區,鼓中里,1152,939,455,129,584,28,612
高雄市,苓雅區,田西里,1153,1284,479,228,707,19,726
高雄市,苓雅區,人和里,1154,908,411,153,564,10,574
高雄市,苓雅區,人和里,1155,838,332,149,481,12,493
高雄市,苓雅區,仁政里,1156,1267,543,219,762,29,791
高雄市,苓雅區,廣澤里,1157,994,504,156,660,18,678
高雄市,苓雅區,廣澤里,1158,774,372,111,483,15,498
高雄市,苓雅區,美田里,1159,1121,473,204,677,22,699
高雄市,苓雅區,華堂里,1160,1474,608,281,889,19,908
高雄市,苓雅區,華堂里,1161,1525,666,257,923,27,950
高雄市,苓雅區,日中里,1162,1147,519,191,710,19,729
高雄市,苓雅區,日中里,1163,1014,424,201,625,35,660
高雄市,苓雅區,普照里,1164,1496,610,283,893,31,924
高雄市,苓雅區,普照里,1165,1499,668,262,930,32,962
高雄市,苓雅區,和煦里,1166,1138,512,210,722,19,741
高雄市,苓雅區,和煦里,1167,839,431,142,573,14,587
高雄市,苓雅區,晴朗里,1168,2088,536,203,739,17,756
高雄市,苓雅區,普天里,1169,1648,709,312,1021,14,1035
高雄市,苓雅區,普天里,1170,1623,673,258,931,26,957
高雄市,苓雅區,林富里,1171,1932,880,369,1249,30,1279
高雄市,苓雅區,林圍里,1172,1127,551,219,770,14,784
高雄市,苓雅區,林圍里,1173,1156,569,238,807,14,821
高雄市,苓雅區,林安里,1174,1465,683,262,945,18,963
高雄市,苓雅區,光華里,1175,690,305,89,394,11,405
高雄市,苓雅區,林興里,1176,1283,579,184,763,36,799
高雄市,苓雅區,林華里,1177,1432,627,214,841,38,879
高雄市,苓雅區,林華里,1178,1313,595,209,804,23,827
高雄市,苓雅區,林西里,1179,1579,667,248,915,18,933
高雄市,苓雅區,林中里,1180,1385,628,225,853,26,879
高雄市,苓雅區,林中里,1181,1449,693,210,903,26,929
高雄市,苓雅區,林泉里,1182,1834,797,351,1148,23,1171
高雄市,苓雅區,林南里,1183,1436,643,248,891,26,917
高雄市,苓雅區,林南里,1184,1431,651,259,910,23,933
高雄市,苓雅區,中正里,1185,1248,588,236,824,17,841
高雄市,苓雅區,中正里,1186,1470,617,291,908,34,942
高雄市,苓雅區,尚義里,1187,1540,717,262,979,46,1025
高雄市,苓雅區,同慶里,1188,1374,606,281,887,17,904
高雄市,苓雅區,同慶里,1189,839,381,172,553,14,567
高雄市,苓雅區,凱旋里,1190,1022,484,212,696,8,704
高雄市,苓雅區,凱旋里,1191,1062,506,187,693,12,705
高雄市,苓雅區,安祥里,1192,1078,457,223,680,10,690
高雄市,苓雅區,安祥里,1193,1117,523,208,731,18,749
高雄市,苓雅區,奏捷里,1194,1516,694,241,935,45,980
高雄市,苓雅區,福壽里,1195,1440,606,243,849,50,899
高雄市,苓雅區,福南里,1196,839,372,145,517,19,536
高雄市,苓雅區,福南里,1197,888,403,129,532,15,547
高雄市,苓雅區,五權里,1198,1101,492,219,711,19,730
高雄市,苓雅區,五權里,1199,1004,486,208,694,28,722
高雄市,苓雅區,民主里,1200,1427,644,235,879,23,902
高雄市,苓雅區,民主里,1201,1168,551,171,722,14,736
高雄市,苓雅區,民主里,1202,1184,538,245,783,17,800
高雄市,苓雅區,林德里,1203,974,450,174,624,9,633
高雄市,苓雅區,林德里,1204,849,344,135,479,7,486
高雄市,苓雅區,林貴里,1205,1821,807,312,1119,32,1151
高雄市,苓雅區,林榮里,1206,1306,570,233,803,31,834
高雄市,苓雅區,林榮里,1207,1185,528,228,756,17,773
高雄市,苓雅區,林榮里,1208,1415,581,263,844,22,866
高雄市,苓雅區,英明里,1209,962,447,189,636,16,652
高雄市,苓雅區,英明里,1210,964,434,142,576,26,602
高雄市,苓雅區,林靖里,1211,1524,663,273,936,20,956
高雄市,苓雅區,朝陽里,1212,1455,634,264,898,20,918
高雄市,苓雅區,福隆里,1213,1272,534,182,716,16,732
高雄市,苓雅區,福隆里,1214,1256,519,227,746,13,759
高雄市,苓雅區,福祥里,1215,1203,532,170,702,23,725
高雄市,苓雅區,福海里,1216,1062,516,157,673,19,692
高雄市,苓雅區,福康里,1217,850,396,145,541,37,578
高雄市,苓雅區,福康里,1218,1010,464,197,661,39,700
高雄市,苓雅區,福人里,1219,1118,528,166,694,17,711
高雄市,苓雅區,福人里,1220,937,429,160,589,29,618
高雄市,苓雅區,福地里,1221,1493,635,213,848,10,858
高雄市,苓雅區,福地里,1222,1183,535,215,750,17,767
高雄市,苓雅區,福居里,1223,1318,559,189,748,18,766
高雄市,苓雅區,福居里,1224,1362,598,213,811,24,835
高雄市,苓雅區,福東里,1225,1102,503,151,654,39,693
高雄市,苓雅區,福東里,1226,1481,635,245,880,20,900
高雄市,苓雅區,福西里,1227,878,418,155,573,26,599
高雄市,苓雅區,福西里,1228,908,403,128,531,12,543
高雄市,苓雅區,永康里,1229,1056,483,195,678,20,698
高雄市,苓雅區,永康里,1230,1091,492,152,644,15,659
高雄市,苓雅區,正文里,1231,976,441,180,621,12,633
高雄市,苓雅區,正文里,1232,1063,502,202,704,21,725
高雄市,苓雅區,正言里,1233,1484,645,271,916,32,948
高雄市,苓雅區,正言里,1234,1290,567,235,802,17,819
高雄市,苓雅區,正大里,1235,1740,768,294,1062,22,1084
高雄市,苓雅區,正大里,1236,1594,697,259,956,24,980
高雄市,苓雅區,正大里,1237,1648,696,275,971,13,984
高雄市,苓雅區,五福里,1238,1236,598,188,786,23,809
高雄市,苓雅區,五福里,1239,1211,549,197,746,20,766
高雄市,苓雅區,五福里,1240,1283,609,179,788,17,805
高雄市,苓雅區,正心里,1241,1804,808,302,1110,40,1150
高雄市,苓雅區,正心里,1242,1718,788,268,1056,30,1086
高雄市,苓雅區,正道里,1243,1297,582,220,802,25,827
高雄市,苓雅區,正道里,1244,1449,615,240,855,36,891
高雄市,苓雅區,正道里,1245,1307,637,147,784,13,797
高雄市,苓雅區,正義里,1246,1184,518,216,734,24,758
高雄市,苓雅區,正義里,1247,1250,557,243,800,37,837
高雄市,苓雅區,正仁里,1248,1248,540,204,744,16,760
高雄市,苓雅區,正仁里,1249,1283,603,190,793,26,819
高雄市,苓雅區,文昌里,1250,1121,566,158,724,16,740
高雄市,苓雅區,文昌里,1251,1258,581,204,785,18,803
高雄市,苓雅區,文昌里,1252,1339,610,208,818,13,831
高雄市,苓雅區,建軍里,1253,1986,823,299,1122,49,1171
高雄市,苓雅區,衛武里,1254,1028,482,148,630,19,649
高雄市,苓雅區,衛武里,1255,948,347,237,584,25,609
高雄市,鳳山區,鳳崗里,1256,1080,494,200,694,31,725
高雄市,鳳山區,縣衙里,1257,819,362,130,492,29,521
高雄市,鳳山區,曹公里,1258,851,391,120,511,27,538
高雄市,鳳山區,曹公里,1259,1075,447,222,669,19,688
高雄市,鳳山區,鎮西里,1260,1223,558,190,748,31,779
高雄市,鳳山區,鎮西里,1261,1207,546,188,734,29,763
高雄市,鳳山區,鎮西里,1262,1339,533,199,732,21,753
高雄市,鳳山區,鎮西里,1263,1188,446,183,629,19,648
高雄市,鳳山區,北門里,1264,1055,476,145,621,25,646
高雄市,鳳山區,北門里,1265,1109,460,151,611,43,654
高雄市,鳳山區,北門里,1266,756,381,116,497,19,516
高雄市,鳳山區,北門里,1267,1182,489,175,664,25,689
高雄市,鳳山區,鎮北里,1268,1496,651,220,871,32,903
高雄市,鳳山區,鎮北里,1269,2094,715,306,1021,33,1054
高雄市,鳳山區,鎮北里,1270,1672,695,239,934,15,949
高雄市,鳳山區,鎮北里,1271,1761,653,310,963,16,979
高雄市,鳳山區,鎮北里,1272,1450,625,212,837,37,874
高雄市,鳳山區,武松里,1273,1455,529,218,747,23,770
高雄市,鳳山區,武松里,1274,1234,545,164,709,31,740
高雄市,鳳山區,忠誠里,1275,1713,702,326,1028,41,1069
高雄市,鳳山區,忠誠里,1276,1698,714,227,941,33,974
高雄市,鳳山區,文英里,1277,1247,518,226,744,34,778
高雄市,鳳山區,文英里,1278,1087,471,187,658,20,678
高雄市,鳳山區,文英里,1279,1199,524,201,725,26,751
高雄市,鳳山區,文華里,1280,1559,689,184,873,30,903
高雄市,鳳山區,文華里,1281,1233,539,199,738,27,765
高雄市,鳳山區,文華里,1282,1277,555,216,771,30,801
高雄市,鳳山區,文華里,1283,1481,637,236,873,12,885
高雄市,鳳山區,文華里,1284,1154,535,213,748,13,761
高雄市,鳳山區,文華里,1285,1475,658,264,922,15,937
高雄市,鳳山區,文山里,1286,1247,494,168,662,22,684
高雄市,鳳山區,文山里,1287,1538,613,230,843,22,865
高雄市,鳳山區,文山里,1288,1097,486,163,649,14,663
高雄市,鳳山區,文山里,1289,1221,469,190,659,20,679
高雄市,鳳山區,文山里,1290,1075,473,234,707,27,734
高雄市,鳳山區,文德里,1291,1751,741,306,1047,26,1073
高雄市,鳳山區,文德里,1292,1758,759,296,1055,30,1085
高雄市,鳳山區,文德里,1293,1749,750,263,1013,31,1044
高雄市,鳳山區,文德里,1294,1746,717,264,981,9,990
高雄市,鳳山區,文德里,1295,1712,706,269,975,28,1003
高雄市,鳳山區,文衡里,1296,1247,537,207,744,25,769
高雄市,鳳山區,文衡里,1297,1409,581,241,822,44,866
高雄市,鳳山區,文衡里,1298,1347,552,249,801,18,819
高雄市,鳳山區,文福里,1299,1771,720,298,1018,13,1031
高雄市,鳳山區,文福里,1300,1537,617,294,911,16,927
高雄市,鳳山區,文福里,1301,1605,690,272,962,22,984
高雄市,鳳山區,文福里,1302,1375,623,206,829,16,845
高雄市,鳳山區,文福里,1303,1393,600,246,846,37,883
高雄市,鳳山區,文福里,1304,1584,599,272,871,19,890
高雄市,鳳山區,成功里,1305,618,278,100,378,15,393
高雄市,鳳山區,縣口里,1306,423,205,66,271,7,278
高雄市,鳳山區,光明里,1307,1312,577,200,777,26,803
高雄市,鳳山區,和德里,1308,769,349,118,467,16,483
高雄市,鳳山區,和德里,1309,1213,553,239,792,11,803
高雄市,鳳山區,和興里,1310,1107,578,152,730,19,749
高雄市,鳳山區,和興里,1311,1188,535,187,722,24,746
高雄市,鳳山區,和興里,1312,1183,499,236,735,18,753
高雄市,鳳山區,和興里,1313,1264,574,197,771,19,790
高雄市,鳳山區,南興里,1314,882,409,133,542,19,561
高雄市,鳳山區,三民里,1315,1007,494,179,673,35,708
高雄市,鳳山區,新興里,1316,853,390,122,512,32,544
高雄市,鳳山區,新興里,1317,1660,351,121,472,23,495
高雄市,鳳山區,興仁里,1318,1124,484,202,686,20,706
高雄市,鳳山區,興仁里,1319,1112,475,188,663,36,699
高雄市,鳳山區,興仁里,1320,1182,494,161,655,26,681
高雄市,鳳山區,興中里,1321,875,418,185,603,22,625
高雄市,鳳山區,協和里,1322,1040,437,190,627,29,656
高雄市,鳳山區,協和里,1323,1094,490,219,709,18,727
高雄市,鳳山區,協和里,1324,1217,514,218,732,33,765
高雄市,鳳山區,忠義里,1325,974,466,174,640,25,665
高雄市,鳳山區,忠義里,1326,987,419,155,574,29,603
高雄市,鳳山區,忠義里,1327,1210,580,210,790,16,806
高雄市,鳳山區,忠義里,1328,1391,570,246,816,29,845
高雄市,鳳山區,忠孝里,1329,1241,451,190,641,16,657
高雄市,鳳山區,忠孝里,1330,1000,446,175,621,33,654
高雄市,鳳山區,忠孝里,1331,1092,502,172,674,17,691
高雄市,鳳山區,忠孝里,1332,1308,621,186,807,25,832
高雄市,鳳山區,忠孝里,1333,1031,466,149,615,39,654
高雄市,鳳山區,中和里,1334,1159,537,199,736,31,767
高雄市,鳳山區,中和里,1335,1127,488,153,641,34,675
高雄市,鳳山區,中和里,1336,1109,560,211,771,27,798
高雄市,鳳山區,誠義里,1337,1879,880,282,1162,34,1196
高雄市,鳳山區,誠義里,1338,1803,987,191,1178,29,1207
高雄市,鳳山區,生明里,1339,2045,817,270,1087,34,1121
高雄市,鳳山區,鎮東里,1340,1432,601,193,794,24,818
高雄市,鳳山區,鎮東里,1341,1033,483,134,617,14,631
高雄市,鳳山區,瑞竹里,1342,1253,590,180,770,34,804
高雄市,鳳山區,瑞竹里,1343,1217,543,191,734,18,752
高雄市,鳳山區,瑞竹里,1344,1267,618,178,796,30,826
高雄市,鳳山區,瑞竹里,1345,1251,551,184,735,20,755
高雄市,鳳山區,瑞興里,1346,1563,686,232,918,42,960
高雄市,鳳山區,瑞興里,1347,1888,819,320,1139,24,1163
高雄市,鳳山區,瑞興里,1348,1368,580,228,808,27,835
高雄市,鳳山區,東門里,1349,1588,638,227,865,31,896
高雄市,鳳山區,東門里,1350,1255,611,162,773,30,803
高雄市,鳳山區,東門里,1351,1264,547,177,724,43,767
高雄市,鳳山區,東門里,1352,1291,690,70,760,38,798
高雄市,鳳山區,誠德里,1353,1224,593,148,741,14,755
高雄市,鳳山區,誠德里,1354,1296,556,335,891,19,910
高雄市,鳳山區,誠信里,1355,826,397,136,533,25,558
高雄市,鳳山區,誠信里,1356,1229,573,164,737,20,757
高雄市,鳳山區,誠智里,1357,1467,650,229,879,20,899
高雄市,鳳山區,誠智里,1358,1218,559,164,723,27,750
高雄市,鳳山區,鳳東里,1359,2173,930,281,1211,42,1253
高雄市,鳳山區,鳳東里,1360,2255,995,305,1300,38,1338
高雄市,鳳山區,鳳東里,1361,1556,739,222,961,19,980
高雄市,鳳山區,埤頂里,1362,1521,612,221,833,30,863
高雄市,鳳山區,埤頂里,1363,1407,575,157,732,22,754
高雄市,鳳山區,埤頂里,1364,1542,685,215,900,39,939
高雄市,鳳山區,埤頂里,1365,1502,620,196,816,7,823
高雄市,鳳山區,中正里,1366,1320,599,201,800,31,831
高雄市,鳳山區,中正里,1367,1507,678,133,811,34,845
高雄市,鳳山區,中正里,1368,1284,662,131,793,28,821
高雄市,鳳山區,海光里,1369,1441,587,213,800,18,818
高雄市,鳳山區,海光里,1370,1485,696,199,895,37,932
高雄市,鳳山區,國泰里,1371,1205,558,143,701,29,730
高雄市,鳳山區,國泰里,1372,1284,587,160,747,14,761
高雄市,鳳山區,國泰里,1373,1326,560,243,803,35,838
高雄市,鳳山區,國光里,1374,1096,495,167,662,22,684
高雄市,鳳山區,國光里,1375,1182,530,203,733,36,769
高雄市,鳳山區,國光里,1376,1017,503,165,668,35,703
高雄市,鳳山區,國隆里,1377,1198,496,192,688,36,724
高雄市,鳳山區,國隆里,1378,1281,521,200,721,16,737
高雄市,鳳山區,國富里,1379,1358,626,242,868,18,886
高雄市,鳳山區,國富里,1380,1226,575,241,816,18,834
高雄市,鳳山區,武慶里,1381,1098,518,171,689,29,718
高雄市,鳳山區,武慶里,1382,1200,530,203,733,23,756
高雄市,鳳山區,武漢里,1383,942,395,169,564,22,586
高雄市,鳳山區,武漢里,1384,1206,554,163,717,17,734
高雄市,鳳山區,武漢里,1385,1159,530,216,746,16,762
高雄市,鳳山區,武漢里,1386,1401,607,258,865,24,889
高雄市,鳳山區,新甲里,1387,1525,614,251,865,18,883
高雄市,鳳山區,新甲里,1388,1345,587,202,789,19,808
高雄市,鳳山區,新武里,1389,1180,568,182,750,24,774
高雄市,鳳山區,新武里,1390,1106,468,156,624,17,641
高雄市,鳳山區,新泰里,1391,1442,640,245,885,39,924
高雄市,鳳山區,新泰里,1392,1376,576,244,820,39,859
高雄市,鳳山區,新泰里,1393,1243,527,230,757,19,776
高雄市,鳳山區,新樂里,1394,1361,593,242,835,17,852
高雄市,鳳山區,新樂里,1395,1416,630,230,860,32,892
高雄市,鳳山區,新樂里,1396,1536,622,314,936,26,962
高雄市,鳳山區,新強里,1397,1388,554,211,765,23,788
高雄市,鳳山區,新強里,1398,1241,572,174,746,49,795
高雄市,鳳山區,新強里,1399,1394,626,241,867,22,889
高雄市,鳳山區,新強里,1400,1188,559,218,777,17,794
高雄市,鳳山區,海洋里,1401,1112,539,166,705,26,731
高雄市,鳳山區,海洋里,1402,1198,551,220,771,19,790
高雄市,鳳山區,海洋里,1403,1475,584,270,854,10,864
高雄市,鳳山區,新富里,1404,1216,538,157,695,8,703
高雄市,鳳山區,新富里,1405,1318,531,210,741,19,760
高雄市,鳳山區,新富里,1406,1465,640,240,880,17,897
高雄市,鳳山區,老爺里,1407,1314,568,171,739,23,762
高雄市,鳳山區,老爺里,1408,1649,646,216,862,19,881
高雄市,鳳山區,老爺里,1409,1601,637,226,863,64,927
高雄市,鳳山區,老爺里,1410,1155,491,183,674,18,692
高雄市,鳳山區,老爺里,1411,1050,463,153,616,36,652
高雄市,鳳山區,中民里,1412,1417,587,187,774,20,794
高雄市,鳳山區,中民里,1413,1525,662,213,875,24,899
高雄市,鳳山區,中民里,1414,1514,672,241,913,35,948
高雄市,鳳山區,中崙里,1415,1190,493,198,691,22,713
高雄市,鳳山區,中崙里,1416,1325,567,175,742,14,756
高雄市,鳳山區,中榮里,1417,1049,487,157,644,22,666
高雄市,鳳山區,中榮里,1418,1026,507,137,644,11,655
高雄市,鳳山區,中榮里,1419,1152,525,173,698,31,729
高雄市,鳳山區,中榮里,1420,1254,420,268,688,10,698
高雄市,鳳山區,過埤里,1421,1688,694,208,902,28,930
高雄市,鳳山區,過埤里,1422,1657,748,209,957,21,978
高雄市,鳳山區,過埤里,1423,1729,677,234,911,24,935
高雄市,鳳山區,過埤里,1424,1628,708,269,977,19,996
高雄市,鳳山區,過埤里,1425,1891,709,260,969,13,982
高雄市,鳳山區,過埤里,1426,1594,763,208,971,23,994
高雄市,鳳山區,過埤里,1427,1342,642,223,865,12,877
高雄市,鳳山區,過埤里,1428,1448,691,236,927,23,950
高雄市,鳳山區,正義里,1429,1405,638,215,853,30,883
高雄市,鳳山區,正義里,1430,1097,555,142,697,27,724
高雄市,鳳山區,正義里,1431,1248,592,201,793,30,823
高雄市,鳳山區,正義里,1432,1225,534,195,729,36,765
高雄市,鳳山區,正義里,1433,1214,558,180,738,21,759
高雄市,鳳山區,保安里,1434,2032,921,288,1209,47,1256
高雄市,鳳山區,保安里,1435,1927,873,257,1130,34,1164
高雄市,鳳山區,保安里,1436,2097,1086,185,1271,29,1300
高雄市,鳳山區,一甲里,1437,968,445,110,555,20,575
高雄市,鳳山區,一甲里,1438,1200,498,165,663,31,694
高雄市,鳳山區,一甲里,1439,1101,478,168,646,30,676
高雄市,鳳山區,二甲里,1440,1369,555,198,753,19,772
高雄市,鳳山區,二甲里,1441,1542,662,237,899,34,933
高雄市,鳳山區,二甲里,1442,1536,706,224,930,37,967
高雄市,鳳山區,龍成里,1443,1382,564,215,779,22,801
高雄市,鳳山區,龍成里,1444,1452,622,248,870,30,900
高雄市,鳳山區,鎮南里,1445,1058,468,148,616,38,654
高雄市,鳳山區,鎮南里,1446,976,487,138,625,24,649
高雄市,鳳山區,鎮南里,1447,1545,588,230,818,26,844
高雄市,鳳山區,鎮南里,1448,1143,490,172,662,22,684
高雄市,鳳山區,富甲里,1449,1301,268,96,364,10,374
高雄市,鳳山區,富甲里,1450,1250,515,169,684,25,709
高雄市,鳳山區,善美里,1451,1208,511,180,691,29,720
高雄市,鳳山區,善美里,1452,1202,529,180,709,34,743
高雄市,鳳山區,善美里,1453,1499,560,265,825,44,869
高雄市,鳳山區,善美里,1454,1522,599,237,836,26,862
高雄市,鳳山區,富榮里,1455,1125,530,183,713,29,742
高雄市,鳳山區,富榮里,1456,1307,598,191,789,16,805
高雄市,鳳山區,南和里,1457,1405,556,230,786,35,821
高雄市,鳳山區,南和里,1458,1252,555,193,748,32,780
高雄市,鳳山區,南成里,1459,1291,620,191,811,16,827
高雄市,鳳山區,南成里,1460,938,450,129,579,31,610
高雄市,鳳山區,南成里,1461,1783,797,260,1057,20,1077
高雄市,鳳山區,南成里,1462,1105,537,149,686,21,707
高雄市,鳳山區,南成里,1463,1392,615,180,795,41,836
高雄市,鳳山區,南成里,1464,1244,620,188,808,25,833
高雄市,鳳山區,天興里,1465,1154,466,181,647,26,673
高雄市,鳳山區,天興里,1466,1153,487,189,676,30,706
高雄市,鳳山區,天興里,1467,1148,441,195,636,13,649
高雄市,鳳山區,大德里,1468,1432,624,157,781,46,827
高雄市,鳳山區,大德里,1469,1429,456,183,639,17,656
高雄市,鳳山區,大德里,1470,1479,641,210,851,20,871
高雄市,鳳山區,五福里,1471,1026,504,146,650,20,670
高雄市,鳳山區,五福里,1472,993,483,157,640,39,679
高雄市,鳳山區,五福里,1473,947,445,143,588,29,617
高雄市,鳳山區,福興里,1474,1042,473,148,621,27,648
高雄市,鳳山區,福興里,1475,1098,485,154,639,31,670
高雄市,鳳山區,福興里,1476,1284,517,181,698,24,722
高雄市,鳳山區,福興里,1477,1242,497,181,678,30,708
高雄市,鳳山區,福興里,1478,1093,492,179,671,33,704
高雄市,鳳山區,福祥里,1479,1353,558,196,754,30,784
高雄市,鳳山區,福祥里,1480,1353,573,193,766,19,785
高雄市,鳳山區,福誠里,1481,1309,554,216,770,37,807
高雄市,鳳山區,福誠里,1482,1627,633,304,937,40,977
高雄市,鳳山區,福誠里,1483,1372,610,199,809,48,857
高雄市,前鎮區,草衙里,1484,1809,719,237,956,59,1015
高雄市,前鎮區,草衙里,1485,1835,732,238,970,32,1002
高雄市,前鎮區,草衙里,1486,1890,579,227,806,40,846
高雄市,前鎮區,草衙里,1487,2013,742,266,1008,32,1040
高雄市,前鎮區,草衙里,1488,1776,700,218,918,36,954
高雄市,前鎮區,明孝里,1489,1705,568,231,799,47,846
高雄市,前鎮區,明孝里,1490,672,275,109,384,37,421
高雄市,前鎮區,明正里,1491,1726,608,230,838,37,875
高雄市,前鎮區,明正里,1492,1597,648,277,925,19,944
高雄市,前鎮區,明正里,1493,1690,657,307,964,41,1005
高雄市,前鎮區,明義里,1494,1080,505,156,661,36,697
高雄市,前鎮區,明義里,1495,1159,568,179,747,27,774
高雄市,前鎮區,仁愛里,1496,1314,560,177,737,32,769
高雄市,前鎮區,德昌里,1497,896,413,136,549,24,573
高雄市,前鎮區,德昌里,1498,1002,429,150,579,25,604
高雄市,前鎮區,平等里,1499,2765,773,284,1057,44,1101
高雄市,前鎮區,平昌里,1500,600,282,72,354,34,388
高雄市,前鎮區,明禮里,1501,1466,439,140,579,21,600
高雄市,前鎮區,信義里,1502,1449,654,195,849,31,880
高雄市,前鎮區,信德里,1503,991,424,117,541,30,571
高雄市,前鎮區,信德里,1504,1248,577,145,722,42,764
高雄市,前鎮區,明道里,1505,1066,506,150,656,43,699
高雄市,前鎮區,興化里,1506,706,314,90,404,23,427
高雄市,前鎮區,興仁里,1507,713,321,78,399,16,415
高雄市,前鎮區,前鎮里,1508,1344,551,190,741,32,773
高雄市,前鎮區,鎮東里,1509,856,380,131,511,32,543
高雄市,前鎮區,鎮東里,1510,873,356,134,490,21,511
高雄市,前鎮區,鎮榮里,1511,1114,484,138,622,31,653
高雄市,前鎮區,鎮榮里,1512,1112,470,145,615,15,630
高雄市,前鎮區,鎮昌里,1513,1044,416,169,585,34,619
高雄市,前鎮區,鎮昌里,1514,940,383,128,511,20,531
高雄市,前鎮區,鎮海里,1515,1342,530,159,689,37,726
高雄市,前鎮區,鎮海里,1516,1402,634,271,905,32,937
高雄市,前鎮區,鎮海里,1517,1320,555,242,797,20,817
高雄市,前鎮區,鎮陽里,1518,958,416,126,542,37,579
高雄市,前鎮區,興邦里,1519,1276,622,238,860,21,881
高雄市,前鎮區,興邦里,1520,1459,650,240,890,40,930
高雄市,前鎮區,鎮中里,1521,761,307,88,395,23,418
高雄市,前鎮區,鎮北里,1522,1093,444,204,648,17,665
高雄市,前鎮區,忠純里,1523,1521,741,188,929,35,964
高雄市,前鎮區,忠純里,1524,1557,712,225,937,34,971
高雄市,前鎮區,忠純里,1525,1821,720,255,975,21,996
高雄市,前鎮區,忠誠里,1526,1066,594,131,725,12,737
高雄市,前鎮區,忠誠里,1527,1046,531,138,669,12,681
高雄市,前鎮區,西山里,1528,1709,711,274,985,29,1014
高雄市,前鎮區,西山里,1529,1723,755,266,1021,43,1064
高雄市,前鎮區,民權里,1530,1202,538,236,774,22,796
高雄市,前鎮區,民權里,1531,1279,596,260,856,22,878
高雄市,前鎮區,民權里,1532,1513,662,297,959,22,981
高雄市,前鎮區,建隆里,1533,1260,538,199,737,19,756
高雄市,前鎮區,振興里,1534,1139,516,206,722,44,766
高雄市,前鎮區,振興里,1535,1140,531,213,744,22,766
高雄市,前鎮區,良和里,1536,1462,648,257,905,26,931
高雄市,前鎮區,良和里,1537,1359,602,227,829,23,852
高雄市,前鎮區,西甲里,1538,2037,749,291,1040,52,1092
高雄市,前鎮區,盛興里,1539,1410,553,251,804,19,823
高雄市,前鎮區,盛興里,1540,1307,559,211,770,10,780
高雄市,前鎮區,盛豐里,1541,1512,615,229,844,47,891
高雄市,前鎮區,盛豐里,1542,1491,601,275,876,40,916
高雄市,前鎮區,興中里,1543,1621,703,230,933,23,956
高雄市,前鎮區,興中里,1544,1522,583,218,801,17,818
高雄市,前鎮區,興東里,1545,1593,661,273,934,34,968
高雄市,前鎮區,興東里,1546,1885,833,302,1135,38,1173
高雄市,前鎮區,興東里,1547,1870,754,367,1121,52,1173
高雄市,前鎮區,忠孝里,1548,1388,607,246,853,15,868
高雄市,前鎮區,忠孝里,1549,1348,594,217,811,32,843
高雄市,前鎮區,復國里,1550,1341,569,162,731,54,785
高雄市,前鎮區,復國里,1551,1364,625,241,866,29,895
高雄市,前鎮區,竹內里,1552,1367,572,233,805,35,840
高雄市,前鎮區,竹內里,1553,1326,563,211,774,32,806
高雄市,前鎮區,竹東里,1554,1059,441,162,603,26,629
高雄市,前鎮區,竹東里,1555,1119,498,187,685,16,701
高雄市,前鎮區,竹南里,1556,1565,612,266,878,29,907
高雄市,前鎮區,竹南里,1557,1549,644,243,887,33,920
高雄市,前鎮區,竹南里,1558,1691,739,349,1088,17,1105
高雄市,前鎮區,竹南里,1559,1837,744,332,1076,19,1095
高雄市,前鎮區,竹北里,1560,1092,501,186,687,19,706
高雄市,前鎮區,竹北里,1561,1126,498,185,683,35,718
高雄市,前鎮區,竹西里,1562,1215,518,163,681,38,719
高雄市,前鎮區,竹西里,1563,1443,625,255,880,19,899
高雄市,前鎮區,竹西里,1564,1448,706,286,992,12,1004
高雄市,前鎮區,竹中里,1565,1648,719,269,988,34,1022
高雄市,前鎮區,竹中里,1566,1603,755,140,895,23,918
高雄市,前鎮區,瑞竹里,1567,1596,510,233,743,15,758
高雄市,前鎮區,瑞南里,1568,1450,600,176,776,26,802
高雄市,前鎮區,瑞南里,1569,1510,599,214,813,48,861
高雄市,前鎮區,瑞南里,1570,1647,738,264,1002,44,1046
高雄市,前鎮區,瑞豐里,1571,1342,573,190,763,30,793
高雄市,前鎮區,瑞豐里,1572,1384,550,205,755,20,775
高雄市,前鎮區,瑞祥里,1573,1479,614,212,826,41,867
高雄市,前鎮區,瑞祥里,1574,1546,684,227,911,23,934
高雄市,前鎮區,瑞祥里,1575,1595,630,321,951,29,980
高雄市,前鎮區,瑞東里,1576,1201,549,174,723,28,751
高雄市,前鎮區,瑞東里,1577,1082,478,133,611,22,633
高雄市,前鎮區,瑞和里,1578,996,424,129,553,18,571
高雄市,前鎮區,瑞和里,1579,932,436,130,566,27,593
高雄市,前鎮區,瑞平里,1580,1146,487,176,663,28,691
高雄市,前鎮區,瑞平里,1581,1096,584,81,665,23,688
高雄市,前鎮區,瑞平里,1582,1332,624,240,864,14,878
高雄市,前鎮區,瑞隆里,1583,1175,508,189,697,22,719
高雄市,前鎮區,瑞隆里,1584,986,418,148,566,40,606
高雄市,前鎮區,瑞隆里,1585,1316,572,211,783,44,827
高雄市,前鎮區,瑞北里,1586,1559,587,235,822,26,848
高雄市,前鎮區,瑞北里,1587,1622,733,235,968,33,1001
高雄市,前鎮區,瑞西里,1588,1310,600,175,775,30,805
高雄市,前鎮區,瑞西里,1589,1299,626,187,813,33,846
高雄市,前鎮區,瑞崗里,1590,1191,588,182,770,32,802
高雄市,前鎮區,瑞崗里,1591,1375,611,192,803,14,817
高雄市,前鎮區,瑞興里,1592,1338,616,186,802,18,820
高雄市,前鎮區,瑞興里,1593,1175,485,201,686,18,704
高雄市,前鎮區,瑞誠里,1594,1357,569,209,778,15,793
高雄市,前鎮區,瑞誠里,1595,1187,574,195,769,31,800
高雄市,前鎮區,瑞文里,1596,1164,536,162,698,19,717
高雄市,前鎮區,瑞文里,1597,1219,554,196,750,34,784
高雄市,前鎮區,瑞華里,1598,1428,593,221,814,11,825
高雄市,前鎮區,瑞華里,1599,1495,610,238,848,44,892
高雄市,前鎮區,瑞華里,1600,1531,640,300,940,25,965
高雄市,前鎮區,瑞昌里,1601,1509,597,268,865,41,906
高雄市,前鎮區,瑞昌里,1602,1591,688,208,896,42,938
高雄市,小港區,小港里,1603,1108,537,170,707,27,734
高雄市,小港區,小港里,1604,1171,544,164,708,33,741
高雄市,小港區,港口里,1605,1557,644,326,970,17,987
高雄市,小港區,港口里,1606,1668,676,224,900,19,919
高雄市,小港區,港正里,1607,1183,580,172,752,17,769
高雄市,小港區,港正里,1608,1372,581,217,798,26,824
高雄市,小港區,港墘里,1609,1737,790,245,1035,41,1076
高雄市,小港區,港明里,1610,1586,641,234,875,40,915
高雄市,小港區,港明里,1611,1558,639,210,849,28,877
高雄市,小港區,港后里,1612,1284,617,208,825,27,852
高雄市,小港區,港后里,1613,1249,550,193,743,36,779
高雄市,小港區,港南里,1614,2400,802,297,1099,43,1142
高雄市,小港區,港興里,1615,1181,570,179,749,27,776
高雄市,小港區,港興里,1616,1079,500,160,660,21,681
高雄市,小港區,鳳宮里,1617,1335,524,243,767,25,792
高雄市,小港區,鳳宮里,1618,1241,561,183,744,24,768
高雄市,小港區,店鎮里,1619,1513,628,214,842,34,876
高雄市,小港區,店鎮里,1620,1349,627,210,837,25,862
高雄市,小港區,店鎮里,1621,1483,630,215,845,23,868
高雄市,小港區,店鎮里,1622,1451,624,240,864,18,882
高雄市,小港區,大苓里,1623,1241,511,175,686,22,708
高雄市,小港區,大苓里,1624,1262,609,201,810,41,851
高雄市,小港區,二苓里,1625,1813,816,249,1065,44,1109
高雄市,小港區,二苓里,1626,1877,756,246,1002,20,1022
高雄市,小港區,三苓里,1627,1391,578,216,794,23,817
高雄市,小港區,三苓里,1628,1453,661,244,905,23,928
高雄市,小港區,正苓里,1629,1374,601,211,812,22,834
高雄市,小港區,正苓里,1630,1348,589,190,779,28,807
高雄市,小港區,正苓里,1631,1334,609,203,812,27,839
高雄市,小港區,順苓里,1632,1433,580,251,831,21,852
高雄市,小港區,順苓里,1633,1448,544,242,786,13,799
高雄市,小港區,順苓里,1634,1488,663,259,922,38,960
高雄市,小港區,六苓里,1635,1278,587,194,781,29,810
高雄市,小港區,六苓里,1636,1306,627,250,877,27,904
高雄市,小港區,宏亮里,1637,1625,715,244,959,35,994
高雄市,小港區,宏亮里,1638,1640,717,282,999,53,1052
高雄市,小港區,山東里,1639,1506,641,205,846,37,883
高雄市,小港區,山東里,1640,1438,563,204,767,40,807
高雄市,小港區,青島里,1641,1105,559,177,736,21,757
高雄市,小港區,青島里,1642,1167,494,163,657,14,671
高雄市,小港區,濟南里,1643,1420,646,231,877,21,898
高雄市,小港區,濟南里,1644,1380,612,254,866,48,914
高雄市,小港區,濟南里,1645,1239,536,185,721,20,741
高雄市,小港區,泰山里,1646,1563,731,218,949,28,977
高雄市,小港區,泰山里,1647,1644,710,262,972,24,996
高雄市,小港區,山明里,1648,1895,815,243,1058,50,1108
高雄市,小港區,山明里,1649,1748,719,239,958,51,1009
高雄市,小港區,山明里,1650,1579,681,244,925,43,968
高雄市,小港區,山明里,1651,2135,829,346,1175,29,1204
高雄市,小港區,山明里,1652,1728,746,245,991,34,1025
高雄市,小港區,山明里,1653,2022,788,333,1121,29,1150
高雄市,小港區,高松里,1654,1329,542,147,689,15,704
高雄市,小港區,高松里,1655,1320,606,172,778,23,801
高雄市,小港區,高松里,1656,1267,564,182,746,40,786
高雄市,小港區,松金里,1657,1298,609,186,795,37,832
高雄市,小港區,松金里,1658,1289,612,208,820,15,835
高雄市,小港區,松山里,1659,1534,705,240,945,24,969
高雄市,小港區,松山里,1660,1494,697,216,913,22,935
高雄市,小港區,大坪里,1661,1377,622,196,818,41,859
高雄市,小港區,大坪里,1662,1344,610,226,836,34,870
高雄市,小港區,坪頂里,1663,1508,650,219,869,32,901
高雄市,小港區,坪頂里,1664,1400,598,200,798,12,810
高雄市,小港區,坪頂里,1665,1457,644,231,875,21,896
高雄市,小港區,坪頂里,1666,1392,590,187,777,13,790
高雄市,小港區,孔宅里,1667,1983,771,306,1077,33,1110
高雄市,小港區,孔宅里,1668,1204,515,194,709,18,727
高雄市,小港區,孔宅里,1669,1300,514,233,747,18,765
高雄市,小港區,廈莊里,1670,1857,853,260,1113,49,1162
高雄市,小港區,廈莊里,1671,1566,640,247,887,25,912
高雄市,小港區,合作里,1672,1343,632,222,854,37,891
高雄市,小港區,合作里,1673,1236,582,199,781,47,828
高雄市,小港區,桂林里,1674,1564,721,239,960,42,1002
高雄市,小港區,桂林里,1675,1484,670,218,888,18,906
高雄市,小港區,桂林里,1676,1477,641,226,867,19,886
高雄市,小港區,桂林里,1677,1482,627,292,919,22,941
高雄市,小港區,桂林里,1678,1708,674,291,965,16,981
高雄市,小港區,中厝里,1679,1867,766,272,1038,40,1078
高雄市,小港區,中厝里,1680,1709,686,257,943,31,974
高雄市,小港區,鳳鳴里,1681,1425,544,205,749,39,788
高雄市,小港區,鳳鳴里,1682,1696,578,192,770,30,800
高雄市,小港區,龍鳳里,1683,1522,564,207,771,20,791
高雄市,小港區,龍鳳里,1684,1531,628,223,851,53,904
高雄市,小港區,鳳森里,1685,2215,994,332,1326,71,1397
高雄市,小港區,鳳林里,1686,1515,694,205,899,24,923
高雄市,小港區,鳳林里,1687,1535,616,241,857,20,877
高雄市,小港區,鳳興里,1688,1276,535,187,722,12,734
高雄市,小港區,鳳興里,1689,1217,473,164,637,18,655
高雄市,小港區,鳳源里,1690,1707,626,195,821,41,862
高雄市,小港區,鳳源里,1691,1920,723,250,973,65,1038
高雄市,大寮區,拷潭里,1692,727,282,91,373,21,394
高雄市,大寮區,拷潭里,1693,718,247,113,360,10,370
高雄市,大寮區,內坑里,1694,1340,547,155,702,27,729
高雄市,大寮區,內坑里,1695,1575,549,187,736,20,756
高雄市,大寮區,內坑里,1696,444,197,58,255,11,266
高雄市,大寮區,內坑里,1697,2374,793,240,1033,30,1063
高雄市,大寮區,大寮里,1698,1291,544,147,691,40,731
高雄市,大寮區,大寮里,1699,1400,597,167,764,56,820
高雄市,大寮區,大寮里,1700,1390,676,106,782,14,796
高雄市,大寮區,大寮里,1701,1401,546,180,726,59,785
高雄市,大寮區,大寮里,1702,1199,483,134,617,23,640
高雄市,大寮區,上寮里,1703,1210,459,154,613,19,632
高雄市,大寮區,上寮里,1704,1195,504,137,641,23,664
高雄市,大寮區,三隆里,1705,1166,515,151,666,17,683
高雄市,大寮區,三隆里,1706,1353,575,193,768,23,791
高雄市,大寮區,三隆里,1707,1052,445,170,615,33,648
高雄市,大寮區,三隆里,1708,1024,393,122,515,19,534
高雄市,大寮區,琉球里,1709,1189,454,252,706,17,723
高雄市,大寮區,琉球里,1710,1512,658,215,873,43,916
高雄市,大寮區,琉球里,1711,1633,644,207,851,37,888
高雄市,大寮區,翁園里,1712,1214,599,182,781,20,801
高雄市,大寮區,翁園里,1713,1258,609,191,800,43,843
高雄市,大寮區,翁園里,1714,1323,645,202,847,17,864
高雄市,大寮區,前庄里,1715,1253,588,177,765,18,783
高雄市,大寮區,前庄里,1716,1035,492,141,633,27,660
高雄市,大寮區,中庄里,1717,1106,499,138,637,18,655
高雄市,大寮區,中庄里,1718,1195,528,146,674,15,689
高雄市,大寮區,中庄里,1719,1051,503,144,647,15,662
高雄市,大寮區,中庄里,1720,1425,605,208,813,46,859
高雄市,大寮區,中庄里,1721,1635,665,222,887,32,919
高雄市,大寮區,中庄里,1722,1359,609,176,785,29,814
高雄市,大寮區,中庄里,1723,1361,601,176,777,37,814
高雄市,大寮區,中庄里,1724,1629,693,222,915,26,941
高雄市,大寮區,後庄里,1725,1518,674,195,869,19,888
高雄市,大寮區,後庄里,1726,1620,699,197,896,40,936
高雄市,大寮區,後庄里,1727,1648,679,207,886,18,904
高雄市,大寮區,後庄里,1728,1385,622,188,810,25,835
高雄市,大寮區,後庄里,1729,1435,573,217,790,16,806
高雄市,大寮區,義仁里,1730,1046,467,136,603,16,619
高雄市,大寮區,義仁里,1731,789,310,93,403,25,428
高雄市,大寮區,新厝里,1732,909,357,115,472,20,492
高雄市,大寮區,新厝里,1733,733,312,104,416,27,443
高雄市,大寮區,過溪里,1734,1553,601,219,820,38,858
高雄市,大寮區,過溪里,1735,922,391,117,508,23,531
高雄市,大寮區,潮寮里,1736,1012,443,117,560,36,596
高雄市,大寮區,潮寮里,1737,968,400,119,519,32,551
高雄市,大寮區,潮寮里,1738,1021,449,168,617,15,632
高雄市,大寮區,會結里,1739,1554,555,177,732,41,773
高雄市,大寮區,會社里,1740,1120,521,144,665,28,693
高雄市,大寮區,會社里,1741,1225,557,183,740,27,767
高雄市,大寮區,會社里,1742,1320,380,121,501,14,515
高雄市,大寮區,會社里,1743,1317,564,169,733,32,765
高雄市,大寮區,會社里,1744,1119,449,176,625,16,641
高雄市,大寮區,山頂里,1745,1190,543,165,708,23,731
高雄市,大寮區,山頂里,1746,1229,560,176,736,25,761
高雄市,大寮區,山頂里,1747,1178,559,175,734,22,756
高雄市,大寮區,山頂里,1748,1272,574,204,778,20,798
高雄市,大寮區,山頂里,1749,1413,608,188,796,15,811
高雄市,大寮區,山頂里,1750,1185,551,164,715,25,740
高雄市,大寮區,忠義里,1751,553,260,64,324,4,328
高雄市,大寮區,永芳里,1752,1121,456,131,587,47,634
高雄市,大寮區,永芳里,1753,1227,490,216,706,23,729
高雄市,大寮區,永芳里,1754,1058,528,160,688,27,715
高雄市,大寮區,永芳里,1755,1209,507,176,683,13,696
高雄市,大寮區,永芳里,1756,1100,521,140,661,16,677
高雄市,大寮區,永芳里,1757,1122,457,156,613,18,631
高雄市,大寮區,義和里,1758,983,462,141,603,44,647
高雄市,大寮區,義和里,1759,1192,512,127,639,10,649
高雄市,大寮區,溪寮里,1760,719,361,83,444,19,463
高雄市,大寮區,溪寮里,1761,829,416,118,534,29,563
高雄市,大寮區,江山里,1762,771,411,98,509,24,533
高雄市,大寮區,江山里,1763,1075,487,172,659,30,689
高雄市,大寮區,昭明里,1764,1280,587,163,750,49,799
高雄市,大寮區,昭明里,1765,1179,521,150,671,30,701
高雄市,大寮區,昭明里,1766,1210,515,153,668,23,691
高雄市,大寮區,光武里,1767,189,98,18,116,4,120
高雄市,大寮區,中興里,1768,1228,562,157,719,40,759
高雄市,大寮區,中興里,1769,1170,542,124,666,20,686
高雄市,大寮區,中興里,1770,1416,657,197,854,27,881
高雄市,大寮區,中興里,1771,1482,654,243,897,16,913
高雄市,大寮區,中興里,1772,1478,198,599,797,29,826
高雄市,林園區,東林里,1773,1262,547,188,735,37,772
高雄市,林園區,東林里,1774,1562,603,213,816,38,854
高雄市,林園區,林園里,1775,1078,458,168,626,17,643
高雄市,林園區,林園里,1776,979,447,154,601,27,628
高雄市,林園區,林園里,1777,1195,487,166,653,28,681
高雄市,林園區,溪州里,1778,1380,555,165,720,38,758
高雄市,林園區,溪州里,1779,1280,520,175,695,37,732
高雄市,林園區,溪州里,1780,1269,528,195,723,14,737
高雄市,林園區,潭頭里,1781,1568,504,186,690,15,705
高雄市,林園區,潭頭里,1782,1226,536,177,713,27,740
高雄市,林園區,中厝里,1783,1480,618,170,788,36,824
高雄市,林園區,中厝里,1784,1459,630,188,818,46,864
高雄市,林園區,中門里,1785,1593,592,225,817,36,853
高雄市,林園區,中門里,1786,895,366,121,487,60,547
高雄市,林園區,頂厝里,1787,1110,443,129,572,12,584
高雄市,林園區,頂厝里,1788,1348,519,178,697,36,733
高雄市,林園區,頂厝里,1789,912,386,126,512,39,551
高雄市,林園區,頂厝里,1790,1085,507,156,663,43,706
高雄市,林園區,港埔里,1791,955,415,127,542,18,560
高雄市,林園區,港埔里,1792,879,388,126,514,35,549
高雄市,林園區,西溪里,1793,1103,465,137,602,36,638
高雄市,林園區,西溪里,1794,1054,505,141,646,40,686
高雄市,林園區,西溪里,1795,1292,499,156,655,15,670
高雄市,林園區,港嘴里,1796,1683,609,213,822,18,840
高雄市,林園區,北汕里,1797,607,273,62,335,21,356
高雄市,林園區,北汕里,1798,1012,416,130,546,50,596
高雄市,林園區,林內里,1799,1046,447,141,588,34,622
高雄市,林園區,林內里,1800,914,340,88,428,19,447
高雄市,林園區,王公里,1801,1405,564,244,808,36,844
高雄市,林園區,王公里,1802,1299,535,269,804,36,840
高雄市,林園區,王公里,1803,1170,500,156,656,26,682
高雄市,林園區,林家里,1804,1299,436,174,610,28,638
高雄市,林園區,龔厝里,1805,1031,437,145,582,17,599
高雄市,林園區,龔厝里,1806,849,360,107,467,16,483
高雄市,林園區,鳳芸里,1807,838,341,123,464,31,495
高雄市,林園區,鳳芸里,1808,938,413,125,538,24,562
高雄市,林園區,中芸里,1809,1051,430,130,560,17,577
高雄市,林園區,中芸里,1810,786,351,110,461,24,485
高雄市,林園區,東汕里,1811,894,424,101,525,36,561
高雄市,林園區,西汕里,1812,749,259,72,331,13,344
高雄市,林園區,仁愛里,1813,1485,671,209,880,24,904
高雄市,林園區,仁愛里,1814,1478,645,214,859,48,907
高雄市,林園區,文賢里,1815,1345,605,236,841,38,879
高雄市,林園區,文賢里,1816,1038,411,142,553,25,578
高雄市,林園區,廣應里,1817,1203,493,187,680,18,698
高雄市,林園區,廣應里,1818,1138,496,157,653,10,663
高雄市,林園區,廣應里,1819,1025,392,123,515,13,528
高雄市,林園區,五福里,1820,1341,556,174,730,63,793
高雄市,林園區,五福里,1821,1218,440,136,576,14,590
高雄市,林園區,中汕里,1822,1147,436,115,551,14,565
高雄市,林園區,中汕里,1823,1176,456,118,574,22,596
新北市,石門區,德茂里,1,1121,372,180,552,30,582
新北市,石門區,富基里,2,1389,460,165,625,46,671
新北市,石門區,老梅里,3,933,362,107,469,25,494
新北市,石門區,老梅里,4,1244,450,126,576,44,620
新北市,石門區,山溪里,5,883,351,111,462,26,488
新北市,石門區,石門里,6,1564,586,209,795,50,845
新北市,石門區,尖鹿里,7,1500,564,193,757,42,799
新北市,石門區,乾華里,8,328,106,36,142,9,151
新北市,石門區,茂林里,9,651,277,99,376,27,403
新北市,石門區,草里里,10,915,287,94,381,31,412
新北市,三芝區,八賢里,11,312,113,32,145,6,151
新北市,三芝區,埔頭里,12,1421,498,182,680,33,713
新北市,三芝區,埔頭里,13,1557,531,231,762,42,804
新北市,三芝區,埔頭里,14,1828,658,245,903,42,945
新北市,三芝區,古庄里,15,1060,374,137,511,32,543
新北市,三芝區,新庄里,16,819,253,77,330,28,358
新北市,三芝區,埔坪里,17,1701,518,180,698,29,727
新北市,三芝區,埔坪里,18,1740,586,221,807,33,840
新北市,三芝區,埔坪里,19,1451,482,172,654,27,681
新北市,三芝區,埔坪里,20,1248,399,134,533,43,576
新北市,三芝區,茂長里,21,629,229,90,319,16,335
新北市,三芝區,橫山里,22,504,173,45,218,16,234
新北市,三芝區,錫板里,23,698,242,76,318,12,330
新北市,三芝區,後厝里,24,2069,683,257,940,40,980
新北市,三芝區,福德里,25,784,256,134,390,25,415
新北市,三芝區,圓山里,26,522,186,58,244,19,263
新北市,三芝區,店子里,27,587,220,71,291,18,309
新北市,三芝區,興華里,28,1189,407,176,583,40,623
新北市,淡水區,中和里,29,544,198,71,269,23,292
新北市,淡水區,屯山里,30,1044,397,140,537,48,585
新北市,淡水區,賢孝里,31,1462,552,160,712,42,754
新北市,淡水區,興仁里,32,1525,538,200,738,60,798
新北市,淡水區,蕃薯里,33,986,337,108,445,31,476
新北市,淡水區,忠山里,34,806,333,110,443,20,463
新北市,淡水區,義山里,35,1173,435,149,584,73,657
新北市,淡水區,義山里,36,1343,469,148,617,36,653
新北市,淡水區,水源里,37,1153,359,149,508,20,528
新北市,淡水區,水源里,38,874,307,101,408,42,450
新北市,淡水區,忠寮里,39,1063,412,119,531,61,592
新北市,淡水區,樹興里,40,1309,465,173,638,33,671
新北市,淡水區,坪頂里,41,1290,450,194,644,49,693
新北市,淡水區,福德里,42,1675,659,274,933,22,955
新北市,淡水區,福德里,43,1589,562,280,842,40,882
新北市,淡水區,福德里,44,1624,592,299,891,50,941
新北市,淡水區,福德里,45,1241,421,214,635,27,662
新北市,淡水區,竹圍里,46,1317,481,199,680,37,717
新北市,淡水區,竹圍里,47,1225,479,207,686,36,722
新北市,淡水區,竹圍里,48,1426,545,249,794,23,817
新北市,淡水區,竹圍里,49,1610,579,322,901,20,921
新北市,淡水區,民權里,50,1982,695,381,1076,38,1114
新北市,淡水區,民權里,51,1924,597,274,871,37,908
新北市,淡水區,民生里,52,1822,588,309,897,28,925
新北市,淡水區,民生里,53,1232,469,230,699,37,736
新北市,淡水區,民生里,54,1588,638,223,861,48,909
新北市,淡水區,民生里,55,1784,559,318,877,25,902
新北市,淡水區,八勢里,56,1762,568,302,870,55,925
新北市,淡水區,八勢里,57,1546,511,278,789,34,823
新北市,淡水區,八勢里,58,1897,517,361,878,27,905
新北市,淡水區,竿蓁里,59,1489,510,263,773,34,807
新北市,淡水區,竿蓁里,60,1679,599,262,861,31,892
新北市,淡水區,竿蓁里,61,1693,521,287,808,33,841
新北市,淡水區,竿蓁里,62,1674,613,237,850,11,861
新北市,淡水區,竿蓁里,63,1330,489,226,715,15,730
新北市,淡水區,竿蓁里,64,1467,503,242,745,22,767
新北市,淡水區,崁頂里,65,1837,686,265,951,30,981
新北市,淡水區,崁頂里,66,1924,422,214,636,15,651
新北市,淡水區,崁頂里,67,2340,790,380,1170,27,1197
新北市,淡水區,崁頂里,68,1704,563,217,780,24,804
新北市,淡水區,崁頂里,69,1363,462,232,694,26,720
新北市,淡水區,崁頂里,70,3068,979,409,1388,36,1424
新北市,淡水區,埤島里,71,1528,553,181,734,31,765
新北市,淡水區,水碓里,72,1600,550,262,812,24,836
新北市,淡水區,水碓里,73,1874,720,283,1003,52,1055
新北市,淡水區,水碓里,74,1567,561,242,803,32,835
新北市,淡水區,北新里,75,1245,422,255,677,27,704
新北市,淡水區,北新里,76,1211,406,214,620,19,639
新北市,淡水區,正德里,77,1992,738,346,1084,32,1116
新北市,淡水區,正德里,78,2028,769,325,1094,33,1127
新北市,淡水區,新興里,79,1373,560,185,745,36,781
新北市,淡水區,新興里,80,1732,629,290,919,24,943
新北市,淡水區,新興里,81,1519,472,256,728,38,766
新北市,淡水區,新興里,82,1727,560,257,817,20,837
新北市,淡水區,新義里,83,1297,501,199,700,35,735
新北市,淡水區,新義里,84,1066,382,148,530,44,574
新北市,淡水區,新義里,85,1387,579,181,760,36,796
新北市,淡水區,新春里,86,1909,733,286,1019,29,1048
新北市,淡水區,新春里,87,1770,633,290,923,34,957
新北市,淡水區,新春里,88,2049,722,302,1024,36,1060
新北市,淡水區,新春里,89,1680,583,302,885,19,904
新北市,淡水區,新民里,90,1433,551,268,819,30,849
新北市,淡水區,新民里,91,1365,472,237,709,19,728
新北市,淡水區,新民里,92,1452,459,249,708,41,749
新北市,淡水區,北投里,93,1804,647,282,929,33,962
新北市,淡水區,北投里,94,1322,501,222,723,24,747
新北市,淡水區,北投里,95,2019,693,367,1060,23,1083
新北市,淡水區,北投里,96,1696,643,303,946,41,987
新北市,淡水區,北投里,97,1576,567,291,858,25,883
新北市,淡水區,鄧公里,98,1781,620,346,966,25,991
新北市,淡水區,鄧公里,99,1665,620,314,934,39,973
新北市,淡水區,鄧公里,100,2013,708,335,1043,34,1077
新北市,淡水區,幸福里,101,1108,400,179,579,19,598
新北市,淡水區,幸福里,102,1305,500,196,696,34,730
新北市,淡水區,幸福里,103,1199,463,175,638,23,661
新北市,淡水區,學府里,104,2017,727,317,1044,29,1073
新北市,淡水區,學府里,105,2125,676,338,1014,31,1045
新北市,淡水區,中興里,106,1289,432,166,598,20,618
新北市,淡水區,中興里,107,1319,546,211,757,29,786
新北市,淡水區,中興里,108,1051,431,170,601,21,622
新北市,淡水區,長庚里,109,1348,520,207,727,20,747
新北市,淡水區,清文里,110,1106,407,159,566,30,596
新北市,淡水區,草東里,111,717,301,103,404,18,422
新北市,淡水區,協元里,112,1385,498,235,733,21,754
新北市,淡水區,永吉里,113,841,333,146,479,28,507
新北市,淡水區,民安里,114,665,253,110,363,21,384
新北市,淡水區,新生里,115,419,161,83,244,9,253
新北市,淡水區,文化里,116,1599,643,242,885,19,904
新北市,淡水區,油車里,117,1670,606,238,844,43,887
新北市,淡水區,油車里,118,1683,638,281,919,39,958
新北市,淡水區,油車里,119,1577,554,224,778,32,810
新北市,淡水區,沙崙里,120,1618,557,217,774,36,810
新北市,淡水區,沙崙里,121,2214,735,296,1031,23,1054
新北市,淡水區,大庄里,122,1832,640,286,926,32,958
新北市,淡水區,大庄里,123,2123,768,319,1087,46,1133
新北市,淡水區,大庄里,124,2998,902,362,1264,26,1290
新北市,八里區,龍源里,125,1498,496,211,707,45,752
新北市,八里區,龍源里,126,1939,568,293,861,37,898
新北市,八里區,龍源里,127,1516,593,183,776,25,801
新北市,八里區,龍源里,128,1642,621,272,893,42,935
新北市,八里區,米倉里,129,1927,614,281,895,50,945
新北市,八里區,米倉里,130,1276,480,179,659,33,692
新北市,八里區,大崁里,131,1349,564,183,747,46,793
新北市,八里區,大崁里,132,1403,539,215,754,35,789
新北市,八里區,埤頭里,133,1644,605,252,857,32,889
新北市,八里區,埤頭里,134,1853,715,247,962,43,1005
新北市,八里區,頂罟里,135,1793,718,273,991,54,1045
新北市,八里區,舊城里,136,1644,620,229,849,37,886
新北市,八里區,舊城里,137,1846,658,263,921,46,967
新北市,八里區,舊城里,138,1346,487,202,689,33,722
新北市,八里區,舊城里,139,1621,589,256,845,31,876
新北市,八里區,訊塘里,140,2110,676,221,897,48,945
新北市,八里區,訊塘里,141,1967,695,267,962,48,1010
新北市,八里區,荖阡里,142,1626,613,235,848,50,898
新北市,八里區,長坑里,143,1514,577,199,776,58,834
新北市,八里區,下罟里,144,1456,568,199,767,70,837
新北市,林口區,東林里,145,1268,456,185,641,44,685
新北市,林口區,東林里,146,1171,382,189,571,36,607
新北市,林口區,東林里,147,1218,477,184,661,41,702
新北市,林口區,林口里,148,1788,613,276,889,30,919
新北市,林口區,林口里,149,1625,540,237,777,51,828
新北市,林口區,林口里,150,1448,478,233,711,48,759
新北市,林口區,西林里,151,1328,481,164,645,41,686
新北市,林口區,西林里,152,1523,474,193,667,41,708
新北市,林口區,西林里,153,1245,475,185,660,26,686
新北市,林口區,西林里,154,1329,576,229,805,24,829
新北市,林口區,西林里,155,1465,531,293,824,33,857
新北市,林口區,西林里,156,1369,514,278,792,17,809
新北市,林口區,菁湖里,157,1346,519,236,755,35,790
新北市,林口區,菁湖里,158,1181,441,161,602,47,649
新北市,林口區,菁湖里,159,1291,515,260,775,25,800
新北市,林口區,中湖里,160,1213,474,161,635,40,675
新北市,林口區,中湖里,161,1256,521,193,714,21,735
新北市,林口區,中湖里,162,1185,444,180,624,29,653
新北市,林口區,湖北里,163,1361,544,180,724,42,766
新北市,林口區,湖南里,164,1756,606,269,875,25,900
新北市,林口區,湖南里,165,1676,588,251,839,24,863
新北市,林口區,湖南里,166,1540,594,265,859,17,876
新北市,林口區,湖南里,167,1569,557,265,822,32,854
新北市,林口區,湖南里,168,1514,544,270,814,23,837
新北市,林口區,湖南里,169,1193,423,251,674,19,693
新北市,林口區,湖南里,170,1610,621,280,901,16,917
新北市,林口區,湖南里,171,1338,501,257,758,22,780
新北市,林口區,湖南里,172,1141,449,193,642,17,659
新北市,林口區,湖南里,173,1307,481,230,711,29,740
新北市,林口區,湖南里,174,1327,496,242,738,27,765
新北市,林口區,湖南里,175,1285,496,227,723,23,746
新北市,林口區,南勢里,176,1481,541,268,809,33,842
新北市,林口區,南勢里,177,1510,548,312,860,12,872
新北市,林口區,南勢里,178,1785,613,311,924,31,955
新北市,林口區,南勢里,179,1792,642,325,967,14,981
新北市,林口區,南勢里,180,1517,545,288,833,27,860
新北市,林口區,南勢里,181,1564,577,296,873,27,900
新北市,林口區,南勢里,182,1560,613,261,874,21,895
新北市,林口區,南勢里,183,1544,519,293,812,28,840
新北市,林口區,南勢里,184,1593,561,281,842,19,861
新北市,林口區,南勢里,185,1431,506,274,780,24,804
新北市,林口區,仁愛里,186,1571,531,288,819,28,847
新北市,林口區,仁愛里,187,1439,521,297,818,18,836
新北市,林口區,仁愛里,188,1451,536,281,817,24,841
新北市,林口區,仁愛里,189,1391,529,280,809,34,843
新北市,林口區,麗林里,190,1461,545,246,791,24,815
新北市,林口區,麗林里,191,1691,590,297,887,16,903
新北市,林口區,麗林里,192,1524,543,263,806,41,847
新北市,林口區,麗林里,193,1343,547,262,809,31,840
新北市,林口區,麗林里,194,1398,541,275,816,28,844
新北市,林口區,東勢里,195,1380,560,239,799,17,816
新北市,林口區,東勢里,196,1367,512,219,731,32,763
新北市,林口區,東勢里,197,1350,499,239,738,40,778
新北市,林口區,東勢里,198,1194,450,216,666,38,704
新北市,林口區,麗園里,199,1344,491,203,694,43,737
新北市,林口區,麗園里,200,1154,454,172,626,27,653
新北市,林口區,麗園里,201,1119,457,220,677,21,698
新北市,林口區,頂福里,202,1026,344,111,455,49,504
新北市,林口區,下福里,203,1210,458,176,634,42,676
新北市,林口區,嘉寶里,204,912,325,142,467,50,517
新北市,林口區,瑞平里,205,824,318,143,461,23,484
新北市,林口區,太平里,206,1411,538,242,780,56,836
新北市,五股區,興珍里,207,1456,518,238,756,44,800
新北市,五股區,興珍里,208,1482,526,228,754,33,787
新北市,五股區,興珍里,209,1287,458,234,692,35,727
新北市,五股區,更寮里,210,1106,400,169,569,16,585
新北市,五股區,觀音里,211,1283,464,158,622,60,682
新北市,五股區,集福里,212,1833,666,278,944,40,984
新北市,五股區,集福里,213,1141,417,205,622,35,657
新北市,五股區,集福里,214,463,196,73,269,17,286
新北市,五股區,集賢里,215,1786,709,239,948,39,987
新北市,五股區,集賢里,216,1660,575,272,847,22,869
新北市,五股區,成德里,217,1534,546,253,799,49,848
新北市,五股區,成德里,218,1285,509,193,702,40,742
新北市,五股區,成州里,219,1832,645,253,898,72,970
新北市,五股區,成州里,220,1542,577,225,802,29,831
新北市,五股區,成州里,221,1897,632,242,874,39,913
新北市,五股區,成功里,222,1964,614,251,865,98,963
新北市,五股區,成功里,223,1779,589,240,829,56,885
新北市,五股區,成功里,224,1735,637,250,887,27,914
新北市,五股區,成泰里,225,2299,726,376,1102,30,1132
新北市,五股區,成泰里,226,1755,644,199,843,26,869
新北市,五股區,成泰里,227,1674,661,224,885,31,916
新北市,五股區,成泰里,228,1661,642,232,874,46,920
新北市,五股區,五龍里,229,1281,414,207,621,20,641
新北市,五股區,五福里,230,1566,599,228,827,25,852
新北市,五股區,五福里,231,1560,566,196,762,27,789
新北市,五股區,六福里,232,1622,618,240,858,26,884
新北市,五股區,六福里,233,1779,672,265,937,21,958
新北市,五股區,民義里,234,1487,518,217,735,39,774
新北市,五股區,民義里,235,1567,573,254,827,34,861
新北市,五股區,五股里,236,1333,342,170,512,26,538
新北市,五股區,五股里,237,1263,499,230,729,33,762
新北市,五股區,五股里,238,1314,530,91,621,47,668
新北市,五股區,德音里,239,1513,508,247,755,26,781
新北市,五股區,德音里,240,1517,599,225,824,37,861
新北市,五股區,德音里,241,1613,575,256,831,45,876
新北市,五股區,水碓里,242,1616,599,230,829,44,873
新北市,五股區,水碓里,243,1616,537,273,810,56,866
新北市,五股區,水碓里,244,1689,627,242,869,50,919
新北市,五股區,水碓里,245,1894,630,326,956,30,986
新北市,五股區,福德里,246,1210,541,195,736,27,763
新北市,五股區,福德里,247,1643,590,228,818,29,847
新北市,五股區,德泰里,248,1441,530,219,749,25,774
新北市,五股區,德泰里,249,1305,545,189,734,22,756
新北市,五股區,德泰里,250,1170,514,188,702,21,723
新北市,五股區,貿商里,251,1397,608,193,801,53,854
新北市,五股區,貿商里,252,1312,593,180,773,36,809
新北市,五股區,陸一里,253,1127,423,126,549,26,575
新北市,五股區,陸一里,254,1154,443,137,580,22,602
新北市,泰山區,大科里,255,643,230,83,313,13,326
新北市,泰山區,大科里,256,186,75,33,108,7,115
新北市,泰山區,黎明里,257,1457,528,188,716,28,744
新北市,泰山區,黎明里,258,1594,607,237,844,47,891
新北市,泰山區,山腳里,259,1598,572,197,769,36,805
新北市,泰山區,山腳里,260,1503,508,239,747,28,775
新北市,泰山區,山腳里,261,1436,525,202,727,21,748
新北市,泰山區,山腳里,262,1384,531,203,734,34,768
新北市,泰山區,福泰里,263,1231,509,160,669,40,709
新北市,泰山區,福泰里,264,1295,495,173,668,21,689
新北市,泰山區,福興里,265,1563,593,271,864,36,900
新北市,泰山區,福興里,266,1610,653,245,898,37,935
新北市,泰山區,楓樹里,267,1253,458,192,650,27,677
新北市,泰山區,楓樹里,268,1294,477,164,641,26,667
新北市,泰山區,楓樹里,269,1354,627,132,759,31,790
新北市,泰山區,同榮里,270,1259,461,206,667,28,695
新北市,泰山區,同榮里,271,1252,475,235,710,16,726
新北市,泰山區,同榮里,272,1094,403,161,564,25,589
新北市,泰山區,同興里,273,1590,607,265,872,23,895
新北市,泰山區,同興里,274,1634,626,244,870,45,915
新北市,泰山區,全興里,275,1536,499,210,709,20,729
新北市,泰山區,全興里,276,1534,601,263,864,24,888
新北市,泰山區,全興里,277,1545,702,223,925,28,953
新北市,泰山區,全興里,278,1399,543,208,751,32,783
新北市,泰山區,全興里,279,1315,490,205,695,19,714
新北市,泰山區,義學里,280,1201,486,219,705,33,738
新北市,泰山區,義學里,281,1182,535,83,618,50,668
新北市,泰山區,義學里,282,1665,610,242,852,34,886
新北市,泰山區,義仁里,283,1855,701,276,977,33,1010
新北市,泰山區,義仁里,284,1866,683,296,979,52,1031
新北市,泰山區,義仁里,285,1935,664,326,990,43,1033
新北市,泰山區,義仁里,286,1589,560,234,794,25,819
新北市,泰山區,明志里,287,1152,430,164,594,22,616
新北市,泰山區,明志里,288,1114,399,204,603,27,630
新北市,泰山區,明志里,289,1040,438,178,616,34,650
新北市,泰山區,泰友里,290,1003,405,168,573,28,601
新北市,泰山區,泰友里,291,975,372,208,580,16,596
新北市,泰山區,新明里,292,1440,541,204,745,42,787
新北市,泰山區,新明里,293,1480,570,207,777,24,801
新北市,泰山區,貴子里,294,1211,480,193,673,18,691
新北市,泰山區,貴子里,295,1237,487,199,686,25,711
新北市,泰山區,貴子里,296,1069,430,148,578,27,605
新北市,泰山區,貴賢里,297,1680,673,288,961,38,999
新北市,泰山區,貴賢里,298,1651,646,271,917,24,941
新北市,泰山區,貴和里,299,1420,517,207,724,26,750
新北市,泰山區,貴和里,300,1337,533,233,766,29,795
新北市,泰山區,貴和里,301,1591,625,252,877,34,911
新北市,新莊區,海山里,302,1123,440,185,625,38,663
新北市,新莊區,海山里,303,1278,513,230,743,35,778
新北市,新莊區,海山里,304,1163,512,195,707,32,739
新北市,新莊區,海山里,305,1228,515,219,734,24,758
新北市,新莊區,全安里,306,1211,476,202,678,42,720
新北市,新莊區,全安里,307,1176,484,186,670,28,698
新北市,新莊區,全安里,308,1536,634,284,918,31,949
新北市,新莊區,全泰里,309,1486,618,277,895,43,938
新北市,新莊區,全泰里,310,1513,614,304,918,39,957
新北市,新莊區,全泰里,311,1395,588,267,855,35,890
新北市,新莊區,忠孝里,312,1353,515,203,718,46,764
新北市,新莊區,忠孝里,313,1409,596,237,833,47,880
新北市,新莊區,忠孝里,314,1478,568,231,799,26,825
新北市,新莊區,文衡里,315,921,392,159,551,28,579
新北市,新莊區,文衡里,316,971,417,174,591,20,611
新北市,新莊區,文聖里,317,1534,679,243,922,45,967
新北市,新莊區,文聖里,318,1516,593,223,816,33,849
新北市,新莊區,興漢里,319,697,261,130,391,19,410
新北市,新莊區,興漢里,320,1235,483,216,699,28,727
新北市,新莊區,興漢里,321,1138,442,191,633,29,662
新北市,新莊區,榮和里,322,1063,407,163,570,25,595
新北市,新莊區,榮和里,323,3399,552,262,814,32,846
新北市,新莊區,文德里,324,1575,617,267,884,53,937
新北市,新莊區,文明里,325,1615,630,341,971,39,1010
新北市,新莊區,化成里,326,1612,576,243,819,34,853
新北市,新莊區,化成里,327,1514,556,241,797,49,846
新北市,新莊區,頭前里,328,1382,466,226,692,28,720
新北市,新莊區,頭前里,329,1475,485,311,796,37,833
新北市,新莊區,頭前里,330,1462,548,278,826,21,847
新北市,新莊區,頭前里,331,1426,492,265,757,34,791
新北市,新莊區,頭前里,332,1421,498,253,751,40,791
新北市,新莊區,福基里,333,1536,559,277,836,26,862
新北市,新莊區,福基里,334,1587,561,332,893,31,924
新北市,新莊區,福基里,335,749,275,122,397,11,408
新北市,新莊區,福興里,336,1276,551,185,736,31,767
新北市,新莊區,福興里,337,1303,475,230,705,33,738
新北市,新莊區,福興里,338,1259,518,111,629,44,673
新北市,新莊區,福興里,339,1291,529,221,750,33,783
新北市,新莊區,昌平里,340,1493,557,274,831,18,849
新北市,新莊區,昌平里,341,1507,574,275,849,33,882
新北市,新莊區,昌平里,342,1456,544,266,810,11,821
新北市,新莊區,昌平里,343,1396,599,203,802,18,820
新北市,新莊區,和平里,344,1351,498,192,690,32,722
新北市,新莊區,和平里,345,1403,516,254,770,34,804
新北市,新莊區,和平里,346,1497,559,245,804,34,838
新北市,新莊區,幸福里,347,1272,506,215,721,51,772
新北市,新莊區,幸福里,348,1269,467,177,644,23,667
新北市,新莊區,幸福里,349,1335,522,229,751,49,800
新北市,新莊區,昌隆里,350,1300,501,276,777,18,795
新北市,新莊區,昌隆里,351,1286,532,229,761,33,794
新北市,新莊區,昌隆里,352,1255,576,226,802,28,830
新北市,新莊區,信義里,353,1558,598,241,839,53,892
新北市,新莊區,信義里,354,1567,596,234,830,39,869
新北市,新莊區,信義里,355,1603,661,245,906,45,951
新北市,新莊區,昌信里,356,1538,568,296,864,14,878
新北市,新莊區,昌信里,357,1671,608,322,930,34,964
新北市,新莊區,昌明里,358,1698,632,267,899,18,917
新北市,新莊區,昌明里,359,1545,581,325,906,35,941
新北市,新莊區,仁義里,360,1696,683,286,969,65,1034
新北市,新莊區,仁義里,361,1626,626,218,844,59,903
新北市,新莊區,仁愛里,362,1170,429,197,626,39,665
新北市,新莊區,仁愛里,363,1236,501,176,677,47,724
新北市,新莊區,自信里,364,1071,430,134,564,34,598
新北市,新莊區,自信里,365,1129,438,192,630,22,652
新北市,新莊區,自立里,366,1586,656,289,945,24,969
新北市,新莊區,自立里,367,1597,588,219,807,26,833
新北市,新莊區,自立里,368,1573,547,215,762,68,830
新北市,新莊區,自強里,369,1225,508,173,681,29,710
新北市,新莊區,自強里,370,1217,482,146,628,25,653
新北市,新莊區,思源里,371,1571,597,258,855,37,892
新北市,新莊區,思源里,372,1594,588,240,828,35,863
新北市,新莊區,思源里,373,1583,596,243,839,35,874
新北市,新莊區,思賢里,374,1245,558,193,751,34,785
新北市,新莊區,思賢里,375,1203,512,189,701,29,730
新北市,新莊區,思賢里,376,1265,528,243,771,43,814
新北市,新莊區,中華里,377,1255,531,196,727,34,761
新北市,新莊區,中華里,378,1287,494,229,723,30,753
新北市,新莊區,中美里,379,1167,492,198,690,39,729
新北市,新莊區,中美里,380,1299,500,195,695,31,726
新北市,新莊區,中美里,381,1207,463,216,679,27,706
新北市,新莊區,中美里,382,1415,574,225,799,34,833
新北市,新莊區,恆安里,383,1342,493,243,736,49,785
新北市,新莊區,恆安里,384,1341,501,233,734,49,783
新北市,新莊區,恆安里,385,1247,442,237,679,36,715
新北市,新莊區,立人里,386,984,468,164,632,22,654
新北市,新莊區,立人里,387,1043,426,185,611,31,642
新北市,新莊區,立德里,388,1135,518,218,736,28,764
新北市,新莊區,立德里,389,1185,460,221,681,24,705
新北市,新莊區,中和里,390,1346,516,248,764,20,784
新北市,新莊區,中和里,391,1372,545,230,775,43,818
新北市,新莊區,中和里,392,1350,584,212,796,40,836
新北市,新莊區,中泰里,393,1307,479,220,699,34,733
新北市,新莊區,中泰里,394,1353,528,209,737,42,779
新北市,新莊區,中泰里,395,1287,544,185,729,44,773
新北市,新莊區,中宏里,396,1567,504,228,732,28,760
新北市,新莊區,中宏里,397,1709,636,333,969,44,1013
新北市,新莊區,中全里,398,1616,608,233,841,24,865
新北市,新莊區,中全里,399,1628,571,262,833,39,872
新北市,新莊區,立志里,400,1148,502,174,676,35,711
新北市,新莊區,立志里,401,1201,490,192,682,8,690
新北市,新莊區,立志里,402,1135,503,210,713,25,738
新北市,新莊區,立廷里,403,1495,613,276,889,33,922
新北市,新莊區,立廷里,404,1486,616,254,870,42,912
新北市,新莊區,立廷里,405,1483,625,285,910,27,937
新北市,新莊區,立廷里,406,1553,570,246,816,34,850
新北市,新莊區,立廷里,407,1625,656,334,990,22,1012
新北市,新莊區,立廷里,408,1671,607,325,932,23,955
新北市,新莊區,立基里,409,1389,563,260,823,44,867
新北市,新莊區,立基里,410,1272,516,205,721,33,754
新北市,新莊區,立基里,411,1409,577,286,863,28,891
新北市,新莊區,立基里,412,1372,547,277,824,27,851
新北市,新莊區,中誠里,413,955,386,151,537,26,563
新北市,新莊區,中誠里,414,952,375,126,501,42,543
新北市,新莊區,中港里,415,1412,564,241,805,18,823
新北市,新莊區,中港里,416,1415,580,222,802,26,828
新北市,新莊區,中港里,417,1421,567,247,814,46,860
新北市,新莊區,中港里,418,1293,524,257,781,31,812
新北市,新莊區,中信里,419,1475,531,249,780,26,806
新北市,新莊區,中信里,420,1429,546,241,787,36,823
新北市,新莊區,中信里,421,1481,548,260,808,39,847
新北市,新莊區,中信里,422,1472,598,226,824,44,868
新北市,新莊區,中信里,423,1474,285,567,852,23,875
新北市,新莊區,中平里,424,1462,572,280,852,24,876
新北市,新莊區,中平里,425,1484,569,298,867,19,886
新北市,新莊區,中平里,426,1461,566,240,806,36,842
新北市,新莊區,中平里,427,1444,555,278,833,28,861
新北市,新莊區,中平里,428,1437,571,263,834,22,856
新北市,新莊區,中原里,429,1641,540,275,815,17,832
新北市,新莊區,中原里,430,1633,570,290,860,15,875
新北市,新莊區,中原里,431,1531,579,288,867,19,886
新北市,新莊區,中原里,432,1517,602,274,876,30,906
新北市,新莊區,中原里,433,1487,572,224,796,32,828
新北市,新莊區,中原里,434,1560,586,269,855,36,891
新北市,新莊區,中隆里,435,1584,576,283,859,42,901
新北市,新莊區,中隆里,436,1602,597,255,852,19,871
新北市,新莊區,中隆里,437,818,330,126,456,29,485
新北市,新莊區,立功里,438,1633,580,210,790,37,827
新北市,新莊區,立功里,439,1652,632,234,866,32,898
新北市,新莊區,立泰里,440,1498,458,242,700,32,732
新北市,新莊區,立泰里,441,1379,520,222,742,50,792
新北市,新莊區,立泰里,442,1381,577,221,798,40,838
新北市,新莊區,立言里,443,1535,622,249,871,39,910
新北市,新莊區,立言里,444,1492,642,267,909,45,954
新北市,新莊區,立言里,445,1450,611,251,862,55,917
新北市,新莊區,豐年里,446,1107,431,198,629,30,659
新北市,新莊區,豐年里,447,1063,457,203,660,17,677
新北市,新莊區,豐年里,448,1143,479,189,668,32,700
新北市,新莊區,國泰里,449,1341,491,218,709,49,758
新北市,新莊區,泰豐里,450,1063,444,157,601,24,625
新北市,新莊區,泰豐里,451,1096,448,192,640,20,660
新北市,新莊區,瓊林里,452,1309,518,210,728,22,750
新北市,新莊區,瓊林里,453,1216,492,221,713,35,748
新北市,新莊區,瓊林里,454,1278,492,185,677,20,697
新北市,新莊區,瓊林里,455,1352,518,212,730,44,774
新北市,新莊區,福營里,456,1298,451,194,645,37,682
新北市,新莊區,福營里,457,1042,421,158,579,36,615
新北市,新莊區,營盤里,458,881,324,133,457,16,473
新北市,新莊區,營盤里,459,1109,484,201,685,29,714
新北市,新莊區,丹鳳里,460,1291,474,197,671,53,724
新北市,新莊區,丹鳳里,461,1293,451,241,692,18,710
新北市,新莊區,丹鳳里,462,1336,535,217,752,37,789
新北市,新莊區,丹鳳里,463,1384,535,190,725,24,749
新北市,新莊區,丹鳳里,464,1231,475,165,640,18,658
新北市,新莊區,丹鳳里,465,940,393,141,534,24,558
新北市,新莊區,合鳳里,466,1369,505,208,713,57,770
新北市,新莊區,合鳳里,467,1384,547,185,732,44,776
新北市,新莊區,合鳳里,468,1272,500,219,719,37,756
新北市,新莊區,祥鳳里,469,1073,435,170,605,33,638
新北市,新莊區,祥鳳里,470,1058,410,172,582,24,606
新北市,新莊區,雙鳳里,471,1528,533,297,830,17,847
新北市,新莊區,雙鳳里,472,1244,472,178,650,31,681
新北市,新莊區,雙鳳里,473,1356,535,166,701,25,726
新北市,新莊區,雙鳳里,474,1164,456,142,598,12,610
新北市,新莊區,雙鳳里,475,1423,572,222,794,44,838
新北市,新莊區,雙鳳里,476,1250,530,226,756,21,777
新北市,新莊區,雙鳳里,477,1252,440,226,666,23,689
新北市,新莊區,龍福里,478,1022,384,156,540,17,557
新北市,新莊區,龍福里,479,959,379,160,539,31,570
新北市,新莊區,龍鳳里,480,1646,623,311,934,31,965
新北市,新莊區,龍鳳里,481,1551,541,284,825,45,870
新北市,新莊區,龍鳳里,482,1526,625,258,883,24,907
新北市,新莊區,龍鳳里,483,1518,535,289,824,23,847
新北市,新莊區,龍鳳里,484,1547,563,309,872,30,902
新北市,新莊區,裕民里,485,1505,549,232,781,46,827
新北市,新莊區,裕民里,486,1527,575,215,790,37,827
新北市,新莊區,裕民里,487,1482,529,211,740,41,781
新北市,新莊區,裕民里,488,1586,552,231,783,45,828
新北市,新莊區,龍安里,489,1065,410,154,564,60,624
新北市,新莊區,龍安里,490,1040,470,173,643,30,673
新北市,新莊區,富國里,491,1090,402,170,572,37,609
新北市,新莊區,富國里,492,1071,443,149,592,32,624
新北市,新莊區,富民里,493,1704,600,316,916,28,944
新北市,新莊區,富民里,494,1698,577,272,849,20,869
新北市,新莊區,後德里,495,1362,569,254,823,30,853
新北市,新莊區,後德里,496,1350,516,275,791,25,816
新北市,新莊區,萬安里,497,1689,673,268,941,30,971
新北市,新莊區,萬安里,498,1612,663,254,917,21,938
新北市,新莊區,建福里,499,1130,477,174,651,38,689
新北市,新莊區,建福里,500,1111,461,198,659,44,703
新北市,新莊區,後港里,501,1539,569,256,825,24,849
新北市,新莊區,後港里,502,1586,587,275,862,30,892
新北市,新莊區,後港里,503,1631,623,289,912,26,938
新北市,新莊區,後港里,504,1540,562,278,840,25,865
新北市,新莊區,四維里,505,1388,465,204,669,31,700
新北市,新莊區,四維里,506,1388,482,184,666,50,716
新北市,新莊區,四維里,507,1387,478,189,667,36,703
新北市,新莊區,南港里,508,1181,430,178,608,36,644
新北市,新莊區,南港里,509,1135,446,187,633,32,665
新北市,新莊區,南港里,510,1173,453,199,652,23,675
新北市,新莊區,南港里,511,1215,404,276,680,24,704
新北市,新莊區,建安里,512,1488,555,283,838,33,871
新北市,新莊區,建安里,513,1444,534,263,797,29,826
新北市,新莊區,建安里,514,1499,557,257,814,24,838
新北市,新莊區,建安里,515,1449,519,261,780,26,806
新北市,新莊區,民全里,516,1640,601,274,875,48,923
新北市,新莊區,民全里,517,1648,597,270,867,46,913
新北市,新莊區,八德里,518,1371,491,198,689,33,722
新北市,新莊區,八德里,519,1400,521,213,734,34,768
新北市,新莊區,成德里,520,1457,559,203,762,60,822
新北市,新莊區,成德里,521,1502,535,243,778,50,828
新北市,新莊區,成德里,522,1412,505,230,735,53,788
新北市,新莊區,民安里,523,1318,514,180,694,46,740
新北市,新莊區,民安里,524,1411,553,254,807,28,835
新北市,新莊區,民安里,525,1262,486,236,722,24,746
新北市,新莊區,民安里,526,1228,516,205,721,26,747
新北市,新莊區,民有里,527,1748,641,337,978,46,1024
新北市,新莊區,民有里,528,1761,684,294,978,50,1028
新北市,新莊區,民本里,529,1326,503,179,682,23,705
新北市,新莊區,民本里,530,1344,480,169,649,21,670
新北市,新莊區,光明里,531,1355,551,183,734,32,766
新北市,新莊區,光明里,532,1306,540,197,737,30,767
新北市,新莊區,光明里,533,1349,530,243,773,26,799
新北市,新莊區,光正里,534,1265,529,185,714,22,736
新北市,新莊區,光正里,535,1282,547,208,755,26,781
新北市,新莊區,光正里,536,1237,532,189,721,31,752
新北市,新莊區,光榮里,537,1301,522,190,712,25,737
新北市,新莊區,光榮里,538,1262,495,192,687,42,729
新北市,新莊區,光榮里,539,1270,507,191,698,29,727
新北市,新莊區,光和里,540,1245,491,207,698,37,735
新北市,新莊區,光和里,541,1220,481,173,654,37,691
新北市,新莊區,光華里,542,1245,442,184,626,41,667
新北市,新莊區,光華里,543,1212,455,180,635,33,668
新北市,新莊區,光華里,544,1253,457,190,647,43,690
新北市,新莊區,光華里,545,1272,470,163,633,44,677
新北市,新莊區,光華里,546,1227,494,215,709,20,729
新北市,新莊區,西盛里,547,1126,479,184,663,14,677
新北市,新莊區,西盛里,548,1240,471,219,690,34,724
新北市,新莊區,西盛里,549,1460,556,241,797,39,836
新北市,新莊區,西盛里,550,1072,402,175,577,23,600
新北市,新莊區,西盛里,551,1127,388,175,563,21,584
新北市,新莊區,西盛里,552,1332,545,216,761,16,777
新北市,新莊區,西盛里,553,1341,438,250,688,17,705
新北市,新莊區,西盛里,554,1140,365,135,500,22,522
新北市,蘆洲區,光華里,555,1600,594,288,882,38,920
新北市,蘆洲區,光華里,556,1549,591,241,832,32,864
新北市,蘆洲區,光華里,557,1516,575,257,832,58,890
新北市,蘆洲區,光明里,558,1404,543,192,735,40,775
新北市,蘆洲區,光明里,559,1381,515,201,716,46,762
新北市,蘆洲區,光明里,560,1485,567,249,816,26,842
新北市,蘆洲區,中路里,561,1779,469,189,658,35,693
新北市,蘆洲區,中路里,562,1797,643,287,930,35,965
新北市,蘆洲區,永安里,563,1364,537,226,763,28,791
新北市,蘆洲區,永安里,564,1635,599,278,877,43,920
新北市,蘆洲區,永安里,565,1567,522,210,732,31,763
新北市,蘆洲區,九芎里,566,1524,551,236,787,31,818
新北市,蘆洲區,九芎里,567,1612,582,220,802,27,829
新北市,蘆洲區,九芎里,568,1674,596,252,848,30,878
新北市,蘆洲區,延平里,569,1838,601,263,864,42,906
新北市,蘆洲區,延平里,570,1814,569,242,811,18,829
新北市,蘆洲區,中華里,571,1473,530,253,783,31,814
新北市,蘆洲區,中華里,572,1465,526,239,765,31,796
新北市,蘆洲區,中原里,573,1652,610,308,918,40,958
新北市,蘆洲區,中原里,574,1650,583,282,865,53,918
新北市,蘆洲區,中原里,575,1656,650,236,886,34,920
新北市,蘆洲區,長安里,576,1571,542,249,791,43,834
新北市,蘆洲區,長安里,577,1523,518,269,787,33,820
新北市,蘆洲區,長安里,578,1475,525,243,768,35,803
新北市,蘆洲區,忠義里,579,1367,485,212,697,34,731
新北市,蘆洲區,忠義里,580,1514,575,249,824,37,861
新北市,蘆洲區,正義里,581,1791,675,352,1027,30,1057
新北市,蘆洲區,正義里,582,1714,804,230,1034,10,1044
新北市,蘆洲區,正義里,583,1780,662,342,1004,20,1024
新北市,蘆洲區,正義里,584,1713,623,324,947,29,976
新北市,蘆洲區,正義里,585,1720,690,274,964,25,989
新北市,蘆洲區,正義里,586,1766,688,278,966,29,995
新北市,蘆洲區,南港里,587,1623,610,236,846,40,886
新北市,蘆洲區,南港里,588,1740,618,315,933,34,967
新北市,蘆洲區,南港里,589,1759,678,313,991,29,1020
新北市,蘆洲區,永樂里,590,1775,667,323,990,44,1034
新北市,蘆洲區,永樂里,591,1909,723,340,1063,30,1093
新北市,蘆洲區,永樂里,592,1805,674,333,1007,44,1051
新北市,蘆洲區,成功里,593,1642,573,273,846,29,875
新北市,蘆洲區,成功里,594,1713,612,281,893,26,919
新北市,蘆洲區,成功里,595,1746,575,278,853,40,893
新北市,蘆洲區,成功里,596,1596,591,250,841,38,879
新北市,蘆洲區,永康里,597,1434,517,213,730,36,766
新北市,蘆洲區,永康里,598,1450,550,232,782,31,813
新北市,蘆洲區,永康里,599,1543,511,266,777,22,799
新北市,蘆洲區,永康里,600,1525,547,260,807,19,826
新北市,蘆洲區,永德里,601,1419,465,236,701,36,737
新北市,蘆洲區,永德里,602,1298,466,247,713,27,740
新北市,蘆洲區,永德里,603,1304,468,205,673,37,710
新北市,蘆洲區,樓厝里,604,1806,641,290,931,30,961
新北市,蘆洲區,樓厝里,605,1910,668,278,946,53,999
新北市,蘆洲區,樓厝里,606,1873,587,250,837,32,869
新北市,蘆洲區,信義里,607,1785,573,260,833,45,878
新北市,蘆洲區,信義里,608,1760,585,254,839,50,889
新北市,蘆洲區,玉清里,609,1841,690,280,970,46,1016
新北市,蘆洲區,玉清里,610,1855,621,285,906,34,940
新北市,蘆洲區,玉清里,611,1450,464,211,675,56,731
新北市,蘆洲區,復興里,612,1585,545,246,791,50,841
新北市,蘆洲區,復興里,613,1541,536,214,750,40,790
新北市,蘆洲區,福安里,614,1626,598,254,852,36,888
新北市,蘆洲區,福安里,615,1241,460,217,677,40,717
新北市,蘆洲區,鷺江里,616,1634,594,262,856,34,890
新北市,蘆洲區,鷺江里,617,1573,567,264,831,38,869
新北市,蘆洲區,鷺江里,618,1619,586,301,887,33,920
新北市,蘆洲區,恆德里,619,1878,660,296,956,71,1027
新北市,蘆洲區,恆德里,620,1797,650,267,917,52,969
新北市,蘆洲區,恆德里,621,1816,667,319,986,32,1018
新北市,蘆洲區,溪墘里,622,1344,530,209,739,54,793
新北市,蘆洲區,溪墘里,623,1492,600,253,853,36,889
新北市,蘆洲區,仁復里,624,1959,728,282,1010,49,1059
新北市,蘆洲區,仁德里,625,1611,602,225,827,57,884
新北市,蘆洲區,仁德里,626,1574,598,282,880,36,916
新北市,蘆洲區,仁德里,627,1653,625,267,892,36,928
新北市,蘆洲區,仁義里,628,3085,696,328,1024,36,1060
新北市,蘆洲區,仁義里,629,1812,639,291,930,41,971
新北市,蘆洲區,得勝里,630,1332,463,234,697,36,733
新北市,蘆洲區,得勝里,631,1648,542,229,771,49,820
新北市,蘆洲區,得仁里,632,1355,481,211,692,27,719
新北市,蘆洲區,得仁里,633,1371,513,200,713,27,740
新北市,蘆洲區,保和里,634,1111,406,200,606,42,648
新北市,蘆洲區,保和里,635,1176,476,186,662,37,699
新北市,蘆洲區,樹德里,636,1602,576,283,859,40,899
新北市,蘆洲區,樹德里,637,1361,449,212,661,33,694
新北市,蘆洲區,民和里,638,1530,571,220,791,42,833
新北市,蘆洲區,民和里,639,925,351,121,472,56,528
新北市,蘆洲區,水湳里,640,1851,652,301,953,48,1001
新北市,蘆洲區,水湳里,641,1791,586,261,847,34,881
新北市,蘆洲區,水湳里,642,1853,605,285,890,37,927
新北市,蘆洲區,水湳里,643,1758,553,276,829,37,866
新北市,蘆洲區,水湳里,644,1798,610,305,915,53,968
新北市,蘆洲區,水河里,645,1645,592,280,872,40,912
新北市,蘆洲區,水河里,646,1612,520,253,773,24,797
新北市,蘆洲區,水河里,647,1784,574,258,832,33,865
新北市,蘆洲區,水河里,648,1701,530,229,759,34,793
新北市,蘆洲區,水河里,649,1581,556,234,790,29,819
新北市,蘆洲區,仁愛里,650,1534,516,295,811,35,846
新北市,蘆洲區,仁愛里,651,1620,607,297,904,33,937
新北市,蘆洲區,仁愛里,652,1494,596,245,841,51,892
新北市,蘆洲區,忠孝里,653,1183,418,222,640,21,661
新北市,蘆洲區,忠孝里,654,985,465,73,538,33,571
新北市,蘆洲區,保佑里,655,1673,572,254,826,50,876
新北市,蘆洲區,保佑里,656,1688,620,269,889,59,948
新北市,蘆洲區,保新里,657,1249,470,187,657,28,685
新北市,蘆洲區,保新里,658,1476,502,242,744,39,783
新北市,三重區,大有里,659,1509,522,256,778,32,810
新北市,三重區,大有里,660,1591,615,262,877,50,927
新北市,三重區,大有里,661,1653,620,286,906,54,960
新北市,三重區,博愛里,662,1392,541,244,785,51,836
新北市,三重區,博愛里,663,1451,588,246,834,46,880
新北市,三重區,博愛里,664,1329,519,204,723,42,765
新北市,三重區,二重里,665,1459,571,241,812,31,843
新北市,三重區,頂崁里,666,1024,424,160,584,43,627
新北市,三重區,頂崁里,667,1066,447,177,624,29,653
新北市,三重區,谷王里,668,856,367,172,539,32,571
新北市,三重區,五谷里,669,764,285,124,409,27,436
新北市,三重區,五谷里,670,821,362,135,497,24,521
新北市,三重區,中興里,671,1887,636,320,956,46,1002
新北市,三重區,中興里,672,1646,594,258,852,40,892
新北市,三重區,德厚里,673,358,146,67,213,15,228
新北市,三重區,成功里,674,1039,414,177,591,36,627
新北市,三重區,成功里,675,1114,407,236,643,35,678
新北市,三重區,成功里,676,1588,604,304,908,29,937
新北市,三重區,成功里,677,1702,602,276,878,30,908
新北市,三重區,福祉里,678,1288,413,243,656,40,696
新北市,三重區,福祉里,679,1629,655,292,947,38,985
新北市,三重區,福祉里,680,1861,687,317,1004,52,1056
新北市,三重區,福德里,681,1727,600,264,864,38,902
新北市,三重區,福德里,682,1813,572,398,970,45,1015
新北市,三重區,福民里,683,1595,631,247,878,42,920
新北市,三重區,福民里,684,1513,586,251,837,55,892
新北市,三重區,過田里,685,4433,509,272,781,47,828
新北市,三重區,過田里,686,1283,527,201,728,22,750
新北市,三重區,過田里,687,1430,587,253,840,35,875
新北市,三重區,過田里,688,1357,526,265,791,23,814
新北市,三重區,錦田里,689,963,391,161,552,22,574
新北市,三重區,錦田里,690,883,326,168,494,33,527
新北市,三重區,重明里,691,1494,577,235,812,52,864
新北市,三重區,重明里,692,1616,613,286,899,57,956
新北市,三重區,光田里,693,1329,498,219,717,44,761
新北市,三重區,光田里,694,1289,528,244,772,33,805
新北市,三重區,光田里,695,1380,541,238,779,38,817
新北市,三重區,光陽里,696,1668,603,331,934,29,963
新北市,三重區,光陽里,697,1226,508,224,732,44,776
新北市,三重區,光陽里,698,1421,564,264,828,27,855
新北市,三重區,光陽里,699,1364,549,223,772,35,807
新北市,三重區,田心里,700,1232,500,206,706,27,733
新北市,三重區,田心里,701,1248,531,227,758,30,788
新北市,三重區,田心里,702,1256,499,215,714,36,750
新北市,三重區,福田里,703,1506,631,270,901,32,933
新北市,三重區,福田里,704,1669,670,294,964,27,991
新北市,三重區,田中里,705,1308,414,302,716,46,762
新北市,三重區,田中里,706,1263,556,251,807,26,833
新北市,三重區,田中里,707,1471,532,260,792,45,837
新北市,三重區,田中里,708,1447,556,274,830,47,877
新北市,三重區,田安里,709,1693,523,275,798,38,836
新北市,三重區,田安里,710,2015,718,350,1068,27,1095
新北市,三重區,田安里,711,1812,666,229,895,57,952
新北市,三重區,三民里,712,1509,527,253,780,26,806
新北市,三重區,三民里,713,1439,563,241,804,31,835
新北市,三重區,光明里,714,1437,567,225,792,31,823
新北市,三重區,光明里,715,1697,561,312,873,53,926
新北市,三重區,光明里,716,1793,600,309,909,24,933
新北市,三重區,光明里,717,1603,646,297,943,27,970
新北市,三重區,光正里,718,1166,418,200,618,17,635
新北市,三重區,光正里,719,1126,420,226,646,21,667
新北市,三重區,同安里,720,1291,460,165,625,29,654
新北市,三重區,同慶里,721,1597,559,296,855,49,904
新北市,三重區,菜寮里,722,1081,436,181,617,48,665
新北市,三重區,菜寮里,723,911,388,167,555,35,590
新北市,三重區,永春里,724,1719,575,259,834,26,860
新北市,三重區,中正里,725,1289,448,225,673,55,728
新北市,三重區,吉利里,726,1318,551,215,766,38,804
新北市,三重區,大同里,727,1822,613,306,919,46,965
新北市,三重區,中民里,728,1185,455,182,637,59,696
新北市,三重區,平和里,729,1369,381,289,670,52,722
新北市,三重區,大安里,730,1507,575,244,819,46,865
新北市,三重區,仁德里,731,926,352,162,514,41,555
新北市,三重區,仁德里,732,950,362,139,501,9,510
新北市,三重區,忠孝里,733,1678,573,280,853,45,898
新北市,三重區,仁義里,734,1117,400,186,586,52,638
新北市,三重區,光榮里,735,1318,472,206,678,36,714
新北市,三重區,光輝里,736,1388,512,261,773,31,804
新北市,三重區,福星里,737,1026,367,201,568,35,603
新北市,三重區,福利里,738,1096,428,215,643,37,680
新北市,三重區,福利里,739,967,384,169,553,20,573
新北市,三重區,清和里,740,1871,623,327,950,41,991
新北市,三重區,清和里,741,1663,598,290,888,50,938
新北市,三重區,永興里,742,1208,460,195,655,26,681
新北市,三重區,中山里,743,1398,457,255,712,34,746
新北市,三重區,中山里,744,1078,404,174,578,13,591
新北市,三重區,大園里,745,1102,426,146,572,40,612
新北市,三重區,大園里,746,1393,474,239,713,54,767
新北市,三重區,國隆里,747,1251,495,203,698,44,742
新北市,三重區,國隆里,748,1234,516,234,750,39,789
新北市,三重區,重陽里,749,1661,635,283,918,42,960
新北市,三重區,重陽里,750,1590,598,264,862,48,910
新北市,三重區,民生里,751,1182,490,182,672,32,704
新北市,三重區,民生里,752,1369,546,225,771,47,818
新北市,三重區,民生里,753,1222,498,222,720,38,758
新北市,三重區,重新里,754,1304,470,204,674,66,740
新北市,三重區,正德里,755,1054,394,147,541,28,569
新北市,三重區,正義里,756,1635,589,276,865,51,916
新北市,三重區,正安里,757,1779,617,274,891,49,940
新北市,三重區,自強里,758,1633,619,268,887,49,936
新北市,三重區,文化里,759,1107,435,186,621,24,645
新北市,三重區,文化里,760,1021,435,179,614,30,644
新北市,三重區,中央里,761,1649,543,239,782,72,854
新北市,三重區,雙園里,762,874,341,130,471,30,501
新北市,三重區,錦通里,763,1402,528,234,762,63,825
新北市,三重區,錦安里,764,1713,573,247,820,53,873
新北市,三重區,長安里,765,973,320,131,451,41,492
新北市,三重區,長安里,766,1038,384,195,579,40,619
新北市,三重區,光華里,767,1833,625,269,894,53,947
新北市,三重區,長生里,768,817,301,148,449,16,465
新北市,三重區,開元里,769,1387,529,253,782,43,825
新北市,三重區,大德里,770,784,322,145,467,22,489
新北市,三重區,長元里,771,1096,400,178,578,35,613
新北市,三重區,長元里,772,1163,468,184,652,32,684
新北市,三重區,長江里,773,1868,650,288,938,43,981
新北市,三重區,長泰里,774,1117,412,158,570,44,614
新北市,三重區,長泰里,775,934,339,138,477,24,501
新北市,三重區,長福里,776,1412,485,212,697,51,748
新北市,三重區,介壽里,777,1062,447,199,646,31,677
新北市,三重區,萬壽里,778,891,340,121,461,47,508
新北市,三重區,萬壽里,779,936,393,183,576,69,645
新北市,三重區,錦江里,780,1085,415,154,569,45,614
新北市,三重區,錦江里,781,1065,352,177,529,12,541
新北市,三重區,龍濱里,782,1398,551,234,785,30,815
新北市,三重區,龍濱里,783,1550,620,233,853,36,889
新北市,三重區,龍門里,784,1674,603,245,848,63,911
新北市,三重區,秀江里,785,1215,464,192,656,53,709
新北市,三重區,奕壽里,786,1606,599,242,841,45,886
新北市,三重區,三安里,787,1182,447,193,640,34,674
新北市,三重區,三安里,788,1238,467,210,677,56,733
新北市,三重區,福安里,789,1342,525,231,756,44,800
新北市,三重區,福安里,790,1408,534,241,775,45,820
新北市,三重區,信安里,791,1770,655,286,941,64,1005
新北市,三重區,安慶里,792,940,344,172,516,39,555
新北市,三重區,安慶里,793,975,361,164,525,21,546
新北市,三重區,幸福里,794,1507,534,249,783,24,807
新北市,三重區,幸福里,795,1419,532,227,759,54,813
新北市,三重區,幸福里,796,1257,489,185,674,46,720
新北市,三重區,六合里,797,1619,621,257,878,42,920
新北市,三重區,六合里,798,1745,664,257,921,48,969
新北市,三重區,六福里,799,1519,543,256,799,60,859
新北市,三重區,六福里,800,1682,609,244,853,36,889
新北市,三重區,六福里,801,1697,654,290,944,47,991
新北市,三重區,順德里,802,1073,410,150,560,30,590
新北市,三重區,順德里,803,924,363,125,488,24,512
新北市,三重區,承德里,804,1613,562,204,766,34,800
新北市,三重區,瑞德里,805,1034,386,139,525,24,549
新北市,三重區,瑞德里,806,1118,442,165,607,50,657
新北市,三重區,崇德里,807,1269,482,197,679,51,730
新北市,三重區,崇德里,808,990,368,151,519,38,557
新北市,三重區,崇德里,809,1336,515,202,717,47,764
新北市,三重區,厚德里,810,1601,565,295,860,50,910
新北市,三重區,厚德里,811,1581,644,255,899,42,941
新北市,三重區,維德里,812,1345,520,226,746,32,778
新北市,三重區,維德里,813,1226,499,213,712,45,757
新北市,三重區,尚德里,814,1650,563,231,794,78,872
新北市,三重區,尚德里,815,1140,438,177,615,44,659
新北市,三重區,培德里,816,1639,568,247,815,34,849
新北市,三重區,培德里,817,1699,652,263,915,41,956
新北市,三重區,立德里,818,1501,678,270,948,46,994
新北市,三重區,立德里,819,1538,587,240,827,43,870
新北市,三重區,永德里,820,1540,568,225,793,54,847
新北市,三重區,永德里,821,1276,490,193,683,39,722
新北市,三重區,永德里,822,1539,544,239,783,48,831
新北市,三重區,永煇里,823,1170,443,231,674,30,704
新北市,三重區,永煇里,824,1120,402,200,602,35,637
新北市,三重區,永發里,825,1789,669,295,964,49,1013
新北市,三重區,永發里,826,1520,489,265,754,57,811
新北市,三重區,永發里,827,1821,669,302,971,45,1016
新北市,三重區,永盛里,828,1407,514,248,762,42,804
新北市,三重區,永盛里,829,1491,545,247,792,43,835
新北市,三重區,永吉里,830,1381,545,247,792,39,831
新北市,三重區,永吉里,831,1222,453,230,683,46,729
新北市,三重區,永安里,832,1938,689,311,1000,36,1036
新北市,三重區,永安里,833,1639,636,246,882,29,911
新北市,三重區,永豐里,834,1614,592,264,856,51,907
新北市,三重區,永豐里,835,1709,630,244,874,44,918
新北市,三重區,永豐里,836,1753,615,238,853,57,910
新北市,三重區,永福里,837,1398,539,212,751,67,818
新北市,三重區,永福里,838,1706,616,273,889,44,933
新北市,三重區,永福里,839,1614,623,265,888,42,930
新北市,三重區,永清里,840,1591,596,264,860,38,898
新北市,三重區,永清里,841,1627,592,300,892,30,922
新北市,三重區,永清里,842,1505,579,275,854,51,905
新北市,三重區,永順里,843,1331,539,205,744,24,768
新北市,三重區,永順里,844,1678,573,231,804,37,841
新北市,三重區,永順里,845,1498,558,255,813,38,851
新北市,三重區,溪美里,846,1800,668,349,1017,40,1057
新北市,三重區,溪美里,847,1703,558,270,828,38,866
新北市,三重區,溪美里,848,1975,641,305,946,39,985
新北市,三重區,溪美里,849,1894,658,288,946,41,987
新北市,三重區,福隆里,850,1405,539,247,786,37,823
新北市,三重區,福隆里,851,1293,512,221,733,23,756
新北市,三重區,福隆里,852,1259,652,248,900,29,929
新北市,三重區,五常里,853,1144,480,174,654,59,713
新北市,三重區,五常里,854,1254,583,135,718,52,770
新北市,三重區,五常里,855,1313,495,218,713,36,749
新北市,三重區,五福里,856,1594,544,260,804,72,876
新北市,三重區,五福里,857,1775,651,289,940,35,975
新北市,三重區,仁忠里,858,1516,583,209,792,60,852
新北市,三重區,仁忠里,859,1315,538,227,765,60,825
新北市,三重區,慈福里,860,843,338,137,475,46,521
新北市,三重區,慈福里,861,1160,402,165,567,45,612
新北市,三重區,慈生里,862,1052,443,150,593,31,624
新北市,三重區,慈生里,863,1054,458,178,636,35,671
新北市,三重區,慈惠里,864,997,396,169,565,34,599
新北市,三重區,慈惠里,865,936,348,135,483,30,513
新北市,三重區,慈愛里,866,1658,505,319,824,51,875
新北市,三重區,慈愛里,867,1496,519,242,761,38,799
新北市,三重區,慈化里,868,1064,446,187,633,29,662
新北市,三重區,慈化里,869,1152,480,190,670,34,704
新北市,三重區,慈祐里,870,1532,543,240,783,36,819
新北市,三重區,慈祐里,871,1338,477,173,650,23,673
新北市,三重區,慈祐里,872,1303,512,201,713,42,755
新北市,三重區,富華里,873,1369,548,230,778,44,822
新北市,三重區,富華里,874,1491,572,217,789,45,834
新北市,三重區,富貴里,875,1821,640,257,897,51,948
新北市,三重區,富貴里,876,1906,639,305,944,27,971
新北市,三重區,富貴里,877,1842,688,331,1019,35,1054
新北市,三重區,富福里,878,878,329,112,441,35,476
新北市,三重區,富福里,879,963,386,188,574,44,618
新北市,三重區,五華里,880,1381,439,218,657,31,688
新北市,三重區,五華里,881,1681,518,262,780,63,843
新北市,三重區,五華里,882,1548,529,255,784,28,812
新北市,三重區,碧華里,883,1542,452,403,855,39,894
新北市,三重區,碧華里,884,1557,547,272,819,52,871
新北市,三重區,碧華里,885,1661,580,282,862,41,903
新北市,三重區,碧華里,886,2024,737,345,1082,13,1095
新北市,三重區,福樂里,887,1588,510,247,757,41,798
新北市,三重區,福樂里,888,1706,635,248,883,54,937
新北市,三重區,仁華里,889,1341,523,235,758,28,786
新北市,三重區,仁華里,890,1025,401,153,554,24,578
新北市,三重區,仁華里,891,1339,504,224,728,38,766
新北市,三重區,五順里,892,1725,646,262,908,61,969
新北市,三重區,五順里,893,1826,634,290,924,52,976
新北市,板橋區,留侯里,894,1388,491,261,752,35,787
新北市,板橋區,流芳里,895,1294,472,264,736,34,770
新北市,板橋區,赤松里,896,667,253,153,406,13,419
新北市,板橋區,黃石里,897,898,343,133,476,28,504
新北市,板橋區,挹秀里,898,829,339,143,482,25,507
新北市,板橋區,挹秀里,899,739,325,108,433,31,464
新北市,板橋區,湳興里,900,1035,429,177,606,29,635
新北市,板橋區,湳興里,901,1713,517,282,799,8,807
新北市,板橋區,湳興里,902,658,247,94,341,14,355
新北市,板橋區,湳興里,903,1312,481,203,684,53,737
新北市,板橋區,新興里,904,1492,529,220,749,33,782
新北市,板橋區,新興里,905,1393,491,200,691,34,725
新北市,板橋區,社後里,906,4742,594,252,846,37,883
新北市,板橋區,社後里,907,1439,539,235,774,30,804
新北市,板橋區,社後里,908,1187,483,200,683,43,726
新北市,板橋區,社後里,909,1122,423,194,617,27,644
新北市,板橋區,香社里,910,1363,541,221,762,47,809
新北市,板橋區,香社里,911,1093,442,181,623,28,651
新北市,板橋區,香社里,912,1331,529,239,768,33,801
新北市,板橋區,香雅里,913,1026,430,187,617,26,643
新北市,板橋區,香雅里,914,1244,486,223,709,27,736
新北市,板橋區,中正里,915,1268,454,206,660,36,696
新北市,板橋區,中正里,916,1313,512,184,696,24,720
新北市,板橋區,中正里,917,1196,470,231,701,32,733
新北市,板橋區,自強里,918,1137,496,259,755,27,782
新北市,板橋區,自強里,919,1269,496,285,781,30,811
新北市,板橋區,自強里,920,1117,453,210,663,24,687
新北市,板橋區,自強里,921,1042,441,191,632,32,664
新北市,板橋區,自立里,922,1257,521,200,721,52,773
新北市,板橋區,自立里,923,1216,501,194,695,34,729
新北市,板橋區,光華里,924,1126,411,216,627,34,661
新北市,板橋區,光華里,925,1290,544,255,799,46,845
新北市,板橋區,光榮里,926,1215,431,194,625,19,644
新北市,板橋區,光榮里,927,1099,425,178,603,13,616
新北市,板橋區,國光里,928,1329,598,221,819,29,848
新北市,板橋區,國光里,929,996,439,143,582,23,605
新北市,板橋區,國光里,930,1047,421,195,616,16,632
新北市,板橋區,港尾里,931,1272,528,208,736,40,776
新北市,板橋區,港尾里,932,1252,521,214,735,27,762
新北市,板橋區,新生里,933,1238,527,168,695,36,731
新北市,板橋區,新生里,934,1389,586,260,846,44,890
新北市,板橋區,新生里,935,1194,495,212,707,37,744
新北市,板橋區,金華里,936,1093,410,174,584,29,613
新北市,板橋區,金華里,937,1148,438,185,623,47,670
新北市,板橋區,金華里,938,1268,529,214,743,37,780
新北市,板橋區,港德里,939,1230,492,185,677,41,718
新北市,板橋區,港德里,940,1012,405,145,550,29,579
新北市,板橋區,港德里,941,811,333,131,464,29,493
新北市,板橋區,港德里,942,1197,497,222,719,43,762
新北市,板橋區,民權里,943,1142,451,173,624,32,656
新北市,板橋區,民權里,944,1222,500,201,701,26,727
新北市,板橋區,民安里,945,796,339,136,475,36,511
新北市,板橋區,民安里,946,997,410,195,605,43,648
新北市,板橋區,建國里,947,1011,412,184,596,25,621
新北市,板橋區,建國里,948,1157,476,196,672,33,705
新北市,板橋區,建國里,949,1040,436,178,614,29,643
新北市,板橋區,漢生里,950,1173,471,220,691,26,717
新北市,板橋區,漢生里,951,1193,436,216,652,25,677
新北市,板橋區,漢生里,952,1255,520,224,744,17,761
新北市,板橋區,公?里,953,1306,523,242,765,24,789
新北市,板橋區,公?里,954,1050,456,183,639,12,651
新北市,板橋區,公?里,955,942,380,167,547,25,572
新北市,板橋區,新民里,956,1133,508,181,689,30,719
新北市,板橋區,新民里,957,1251,493,217,710,36,746
新北市,板橋區,新民里,958,1293,541,216,757,22,779
新北市,板橋區,幸福里,959,1208,452,181,633,30,663
新北市,板橋區,幸福里,960,1223,466,213,679,32,711
新北市,板橋區,幸福里,961,1061,407,157,564,40,604
新北市,板橋區,文德里,962,1515,586,269,855,35,890
新北市,板橋區,文德里,963,1225,543,187,730,24,754
新北市,板橋區,忠誠里,964,1120,498,202,700,21,721
新北市,板橋區,忠誠里,965,1091,457,203,660,33,693
新北市,板橋區,忠誠里,966,1385,612,219,831,22,853
新北市,板橋區,陽明里,967,1283,530,235,765,32,797
新北市,板橋區,陽明里,968,1204,489,192,681,42,723
新北市,板橋區,百壽里,969,1191,512,231,743,21,764
新北市,板橋區,百壽里,970,1078,487,169,656,33,689
新北市,板橋區,介壽里,971,1351,563,204,767,39,806
新北市,板橋區,介壽里,972,1322,522,229,751,35,786
新北市,板橋區,新埔里,973,868,360,142,502,28,530
新北市,板橋區,新埔里,974,1029,458,200,658,33,691
新北市,板橋區,華江里,975,1602,620,304,924,24,948
新北市,板橋區,華江里,976,1362,578,225,803,24,827
新北市,板橋區,華江里,977,1698,600,321,921,48,969
新北市,板橋區,華江里,978,1495,552,278,830,23,853
新北市,板橋區,江翠里,979,1522,536,271,807,43,850
新北市,板橋區,江翠里,980,1279,519,201,720,37,757
新北市,板橋區,江翠里,981,1559,519,238,757,23,780
新北市,板橋區,純翠里,982,1537,547,236,783,47,830
新北市,板橋區,純翠里,983,1531,525,246,771,37,808
新北市,板橋區,純翠里,984,1720,628,304,932,19,951
新北市,板橋區,溪頭里,985,1165,444,188,632,21,653
新北市,板橋區,溪頭里,986,1857,681,350,1031,42,1073
新北市,板橋區,溪頭里,987,1078,422,164,586,39,625
新北市,板橋區,溪頭里,988,1177,442,194,636,22,658
新北市,板橋區,聯翠里,989,1798,672,334,1006,41,1047
新北市,板橋區,聯翠里,990,1455,578,254,832,45,877
新北市,板橋區,文化里,991,1245,518,205,723,45,768
新北市,板橋區,文化里,992,1704,587,317,904,40,944
新北市,板橋區,宏翠里,993,1600,585,322,907,19,926
新北市,板橋區,宏翠里,994,1409,537,196,733,20,753
新北市,板橋區,宏翠里,995,1286,519,192,711,31,742
新北市,板橋區,仁翠里,996,1359,432,174,606,65,671
新北市,板橋區,仁翠里,997,1188,409,186,595,37,632
新北市,板橋區,新翠里,998,1627,604,254,858,47,905
新北市,板橋區,新翠里,999,1633,577,264,841,26,867
新北市,板橋區,新翠里,1000,1814,695,350,1045,36,1081
新北市,板橋區,新翠里,1001,1810,696,323,1019,41,1060
新北市,板橋區,朝陽里,1002,1133,448,188,636,34,670
新北市,板橋區,朝陽里,1003,841,363,123,486,19,505
新北市,板橋區,朝陽里,1004,1050,453,177,630,28,658
新北市,板橋區,吉翠里,1005,1130,426,184,610,35,645
新北市,板橋區,吉翠里,1006,1056,441,197,638,25,663
新北市,板橋區,吉翠里,1007,1129,421,177,598,30,628
新北市,板橋區,德翠里,1008,1713,684,264,948,41,989
新北市,板橋區,德翠里,1009,1622,615,290,905,42,947
新北市,板橋區,德翠里,1010,1427,580,287,867,32,899
新北市,板橋區,德翠里,1011,1471,629,283,912,13,925
新北市,板橋區,新海里,1012,1076,247,156,403,14,417
新北市,板橋區,新海里,1013,979,356,156,512,10,522
新北市,板橋區,新海里,1014,1079,499,183,682,16,698
新北市,板橋區,滿翠里,1015,828,324,136,460,15,475
新北市,板橋區,滿翠里,1016,820,345,135,480,40,520
新北市,板橋區,滿翠里,1017,989,336,166,502,22,524
新北市,板橋區,明翠里,1018,1023,392,170,562,38,600
新北市,板橋區,明翠里,1019,1044,417,162,579,30,609
新北市,板橋區,明翠里,1020,968,396,152,548,27,575
新北市,板橋區,明翠里,1021,1222,476,229,705,20,725
新北市,板橋區,松翠里,1022,1385,527,214,741,40,781
新北市,板橋區,松翠里,1023,1585,570,284,854,40,894
新北市,板橋區,柏翠里,1024,1840,678,306,984,53,1037
新北市,板橋區,柏翠里,1025,1806,762,330,1092,40,1132
新北市,板橋區,龍翠里,1026,1506,578,243,821,41,862
新北市,板橋區,龍翠里,1027,1476,546,247,793,34,827
新北市,板橋區,龍翠里,1028,1500,556,280,836,45,881
新北市,板橋區,松柏里,1029,1096,470,198,668,30,698
新北市,板橋區,松柏里,1030,963,394,173,567,35,602
新北市,板橋區,華翠里,1031,1601,600,313,913,33,946
新北市,板橋區,華翠里,1032,1507,592,307,899,49,948
新北市,板橋區,莒光里,1033,1315,514,258,772,47,819
新北市,板橋區,莒光里,1034,1178,510,192,702,19,721
新北市,板橋區,忠翠里,1035,1822,730,348,1078,42,1120
新北市,板橋區,忠翠里,1036,1605,650,301,951,48,999
新北市,板橋區,忠翠里,1037,1549,614,292,906,14,920
新北市,板橋區,忠翠里,1038,1948,774,473,1247,15,1262
新北市,板橋區,忠翠里,1039,1935,712,369,1081,25,1106
新北市,板橋區,嵐翠里,1040,1097,418,173,591,25,616
新北市,板橋區,嵐翠里,1041,1095,401,187,588,21,609
新北市,板橋區,文聖里,1042,1678,620,246,866,59,925
新北市,板橋區,文聖里,1043,1750,666,248,914,50,964
新北市,板橋區,文翠里,1044,1187,455,184,639,29,668
新北市,板橋區,文翠里,1045,1154,455,216,671,22,693
新北市,板橋區,文翠里,1046,1262,509,233,742,20,762
新北市,板橋區,青翠里,1047,1271,509,184,693,29,722
新北市,板橋區,青翠里,1048,1410,529,232,761,48,809
新北市,板橋區,懷翠里,1049,1745,628,249,877,43,920
新北市,板橋區,懷翠里,1050,1867,719,284,1003,60,1063
新北市,板橋區,懷翠里,1051,1753,714,287,1001,51,1052
新北市,板橋區,福翠里,1052,1204,482,199,681,45,726
新北市,板橋區,港嘴里,1053,1614,583,276,859,40,899
新北市,板橋區,港嘴里,1054,1237,497,216,713,29,742
新北市,板橋區,港嘴里,1055,1361,526,255,781,36,817
新北市,板橋區,港嘴里,1056,1243,444,247,691,38,729
新北市,板橋區,振興里,1057,1515,556,223,779,23,802
新北市,板橋區,振興里,1058,1515,613,259,872,39,911
新北市,板橋區,振興里,1059,949,411,145,556,33,589
新北市,板橋區,振義里,1060,1629,620,259,879,34,913
新北市,板橋區,振義里,1061,1238,485,207,692,31,723
新北市,板橋區,振義里,1062,901,285,95,380,16,396
新北市,板橋區,光復里,1063,1475,537,259,796,78,874
新北市,板橋區,光復里,1064,1481,558,239,797,39,836
新北市,板橋區,埔墘里,1065,1800,643,261,904,62,966
新北市,板橋區,埔墘里,1066,1630,605,264,869,46,915
新北市,板橋區,埔墘里,1067,1298,509,253,762,24,786
新北市,板橋區,埔墘里,1068,874,340,157,497,29,526
新北市,板橋區,富貴里,1069,992,413,168,581,16,597
新北市,板橋區,富貴里,1070,1034,454,216,670,12,682
新北市,板橋區,長壽里,1071,1451,540,289,829,41,870
新北市,板橋區,長壽里,1072,1130,467,206,673,30,703
新北市,板橋區,福壽里,1073,1440,572,250,822,27,849
新北市,板橋區,福壽里,1074,1531,598,257,855,53,908
新北市,板橋區,居仁里,1075,1349,576,257,833,34,867
新北市,板橋區,居仁里,1076,1593,628,238,866,19,885
新北市,板橋區,海山里,1077,1174,463,199,662,28,690
新北市,板橋區,海山里,1078,1228,523,175,698,28,726
新北市,板橋區,海山里,1079,1187,404,305,709,22,731
新北市,板橋區,海山里,1080,870,366,138,504,34,538
新北市,板橋區,海山里,1081,2033,765,428,1193,26,1219
新北市,板橋區,九如里,1082,1418,495,245,740,33,773
新北市,板橋區,九如里,1083,1075,417,181,598,21,619
新北市,板橋區,正泰里,1084,1515,548,236,784,36,820
新北市,板橋區,正泰里,1085,1182,542,199,741,28,769
新北市,板橋區,玉光里,1086,1893,657,372,1029,48,1077
新北市,板橋區,玉光里,1087,1302,483,211,694,33,727
新北市,板橋區,玉光里,1088,1366,506,223,729,28,757
新北市,板橋區,光仁里,1089,1318,538,243,781,47,828
新北市,板橋區,光仁里,1090,1200,459,212,671,25,696
新北市,板橋區,埤墘里,1091,2028,694,417,1111,32,1143
新北市,板橋區,埤墘里,1092,1746,709,276,985,40,1025
新北市,板橋區,莊敬里,1093,1954,660,339,999,11,1010
新北市,板橋區,莊敬里,1094,1474,549,250,799,33,832
新北市,板橋區,永安里,1095,1418,589,217,806,24,830
新北市,板橋區,永安里,1096,1563,647,294,941,43,984
新北市,板橋區,雙玉里,1097,1780,669,259,928,54,982
新北市,板橋區,雙玉里,1098,1707,605,316,921,41,962
新北市,板橋區,廣新里,1099,906,283,94,377,9,386
新北市,板橋區,廣新里,1100,1030,396,174,570,29,599
新北市,板橋區,廣新里,1101,1115,432,199,631,28,659
新北市,板橋區,深丘里,1102,1836,722,297,1019,22,1041
新北市,板橋區,深丘里,1103,1881,703,307,1010,46,1056
新北市,板橋區,深丘里,1104,1688,602,316,918,25,943
新北市,板橋區,深丘里,1105,1760,665,349,1014,25,1039
新北市,板橋區,香丘里,1106,1044,446,179,625,34,659
新北市,板橋區,香丘里,1107,1043,475,183,658,21,679
新北市,板橋區,香丘里,1108,1099,457,190,647,48,695
新北市,板橋區,西安里,1109,1260,492,207,699,32,731
新北市,板橋區,西安里,1110,1131,457,183,640,22,662
新北市,板橋區,東丘里,1111,1225,476,211,687,34,721
新北市,板橋區,東丘里,1112,1455,602,277,879,30,909
新北市,板橋區,東丘里,1113,1267,503,202,705,24,729
新北市,板橋區,民生里,1114,972,389,173,562,31,593
新北市,板橋區,民生里,1115,994,401,176,577,26,603
新北市,板橋區,長安里,1116,1111,432,205,637,23,660
新北市,板橋區,長安里,1117,1177,490,251,741,39,780
新北市,板橋區,長安里,1118,1544,553,267,820,42,862
新北市,板橋區,東安里,1119,1021,405,149,554,45,599
新北市,板橋區,東安里,1120,1040,393,164,557,38,595
新北市,板橋區,福丘里,1121,1504,538,276,814,27,841
新北市,板橋區,福丘里,1122,1373,463,250,713,32,745
新北市,板橋區,福丘里,1123,1210,457,254,711,18,729
新北市,板橋區,福祿里,1124,1809,646,280,926,34,960
新北市,板橋區,福祿里,1125,1551,637,221,858,58,916
新北市,板橋區,民族里,1126,1408,536,272,808,20,828
新北市,板橋區,民族里,1127,1285,525,239,764,23,787
新北市,板橋區,民族里,1128,1102,489,208,697,22,719
新北市,板橋區,國泰里,1129,1399,520,209,729,21,750
新北市,板橋區,國泰里,1130,1692,670,256,926,51,977
新北市,板橋區,後埔里,1131,1625,687,301,988,20,1008
新北市,板橋區,後埔里,1132,1712,636,214,850,51,901
新北市,板橋區,福德里,1133,1246,517,195,712,22,734
新北市,板橋區,福德里,1134,1471,593,256,849,30,879
新北市,板橋區,福德里,1135,1761,730,255,985,52,1037
新北市,板橋區,景星里,1136,1499,551,276,827,35,862
新北市,板橋區,景星里,1137,1528,507,267,774,37,811
新北市,板橋區,福星里,1138,1536,589,293,882,39,921
新北市,板橋區,福星里,1139,1550,610,271,881,28,909
新北市,板橋區,鄉雲里,1140,2050,771,357,1128,50,1178
新北市,板橋區,鄉雲里,1141,1300,514,219,733,45,778
新北市,板橋區,廣德里,1142,1537,635,222,857,29,886
新北市,板橋區,廣德里,1143,1341,484,235,719,19,738
新北市,板橋區,廣德里,1144,1606,584,325,909,12,921
新北市,板橋區,廣德里,1145,1433,504,228,732,36,768
新北市,板橋區,大豐里,1146,1685,630,246,876,35,911
新北市,板橋區,大豐里,1147,1248,511,218,729,46,775
新北市,板橋區,大豐里,1148,1172,467,168,635,30,665
新北市,板橋區,重慶里,1149,1640,550,270,820,19,839
新北市,板橋區,重慶里,1150,1428,586,223,809,23,832
新北市,板橋區,重慶里,1151,1527,570,266,836,49,885
新北市,板橋區,重慶里,1152,1350,520,251,771,26,797
新北市,板橋區,重慶里,1153,1582,624,249,873,26,899
新北市,板橋區,仁愛里,1154,919,424,158,582,23,605
新北市,板橋區,仁愛里,1155,930,405,151,556,14,570
新北市,板橋區,仁愛里,1156,974,441,161,602,21,623
新北市,板橋區,和平里,1157,1732,701,292,993,27,1020
新北市,板橋區,和平里,1158,1438,524,243,767,43,810
新北市,板橋區,廣福里,1159,1777,634,294,928,50,978
新北市,板橋區,廣福里,1160,1764,608,241,849,36,885
新北市,板橋區,五權里,1161,1289,513,217,730,16,746
新北市,板橋區,五權里,1162,1182,497,185,682,20,702
新北市,板橋區,五權里,1163,1174,484,200,684,15,699
新北市,板橋區,華興里,1164,1870,642,306,948,53,1001
新北市,板橋區,華興里,1165,1842,712,335,1047,33,1080
新北市,板橋區,華貴里,1166,1094,423,286,709,39,748
新北市,板橋區,華貴里,1167,1228,445,190,635,43,678
新北市,板橋區,華福里,1168,998,455,181,636,21,657
新北市,板橋區,華福里,1169,862,385,174,559,15,574
新北市,板橋區,華德里,1170,1622,558,263,821,42,863
新北市,板橋區,華德里,1171,1205,539,163,702,27,729
新北市,板橋區,華德里,1172,1787,615,274,889,41,930
新北市,板橋區,華德里,1173,1610,588,311,899,24,923
新北市,板橋區,華東里,1174,2216,837,459,1296,21,1317
新北市,板橋區,華東里,1175,2294,987,452,1439,39,1478
新北市,板橋區,華東里,1176,2090,803,298,1101,41,1142
新北市,板橋區,信義里,1177,1356,414,192,606,23,629
新北市,板橋區,信義里,1178,1067,451,171,622,20,642
新北市,板橋區,信義里,1179,1319,521,213,734,24,758
新北市,板橋區,浮洲里,1180,1316,497,207,704,32,736
新北市,板橋區,浮洲里,1181,1195,451,167,618,35,653
新北市,板橋區,浮洲里,1182,857,333,145,478,20,498
新北市,板橋區,華中里,1183,1417,507,215,722,54,776
新北市,板橋區,華中里,1184,1560,596,265,861,55,916
新北市,板橋區,華中里,1185,1747,686,291,977,40,1017
新北市,板橋區,僑中里,1186,1176,504,232,736,20,756
新北市,板橋區,僑中里,1187,1101,440,197,637,21,658
新北市,板橋區,僑中里,1188,1458,585,253,838,27,865
新北市,板橋區,大觀里,1189,1630,575,222,797,39,836
新北市,板橋區,大觀里,1190,1611,461,265,726,64,790
新北市,板橋區,歡園里,1191,1139,454,160,614,18,632
新北市,板橋區,中山里,1192,1120,450,162,612,23,635
新北市,板橋區,中山里,1193,1022,426,168,594,58,652
新北市,板橋區,中山里,1194,1049,440,167,607,40,647
新北市,板橋區,中山里,1195,1007,390,176,566,17,583
新北市,板橋區,中山里,1196,1393,549,219,768,21,789
新北市,板橋區,復興里,1197,474,140,35,175,29,204
新北市,板橋區,復興里,1198,500,197,89,286,15,301
新北市,板橋區,大安里,1199,1177,491,183,674,20,694
新北市,板橋區,大安里,1200,1186,483,175,658,30,688
新北市,板橋區,大安里,1201,1139,466,205,671,33,704
新北市,板橋區,福安里,1202,1750,679,255,934,27,961
新北市,板橋區,福安里,1203,3451,817,362,1179,32,1211
新北市,板橋區,聚安里,1204,1620,571,244,815,47,862
新北市,板橋區,聚安里,1205,903,324,127,451,19,470
新北市,板橋區,聚安里,1206,1232,504,194,698,25,723
新北市,板橋區,聚安里,1207,975,355,140,495,17,512
新北市,板橋區,龍安里,1208,1224,490,170,660,33,693
新北市,板橋區,龍安里,1209,1291,521,202,723,27,750
新北市,板橋區,崑崙里,1210,1828,720,281,1001,43,1044
新北市,板橋區,崑崙里,1211,1725,573,265,838,41,879
新北市,板橋區,崑崙里,1212,1085,370,163,533,23,556
新北市,板橋區,崑崙里,1213,2357,812,364,1176,56,1232
新北市,板橋區,崑崙里,1214,1560,570,252,822,27,849
新北市,板橋區,成和里,1215,2201,674,298,972,25,997
新北市,板橋區,成和里,1216,1626,613,244,857,25,882
新北市,板橋區,成和里,1217,1786,565,254,819,19,838
新北市,板橋區,溪洲里,1218,1763,673,258,931,36,967
新北市,板橋區,溪洲里,1219,1744,592,274,866,28,894
新北市,板橋區,溪洲里,1220,1645,628,240,868,33,901
新北市,板橋區,溪福里,1221,1861,634,278,912,23,935
新北市,板橋區,溪福里,1222,1596,578,215,793,27,820
新北市,板橋區,溪福里,1223,1871,668,287,955,47,1002
新北市,板橋區,溪福里,1224,1938,715,309,1024,35,1059
新北市,板橋區,溪福里,1225,1827,686,300,986,29,1015
新北市,板橋區,溪福里,1226,1359,494,203,697,26,723
新北市,板橋區,溪福里,1227,1613,600,257,857,37,894
新北市,板橋區,溪北里,1228,1566,614,246,860,33,893
新北市,板橋區,溪北里,1229,1552,147,290,437,32,469
新北市,板橋區,堂春里,1230,1885,665,313,978,24,1002
新北市,板橋區,堂春里,1231,1893,701,279,980,27,1007
新北市,中和區,中原里,1232,1630,550,254,804,41,845
新北市,中和區,中原里,1233,1775,613,331,944,47,991
新北市,中和區,中原里,1234,1844,632,283,915,21,936
新北市,中和區,連和里,1235,1019,414,204,618,23,641
新北市,中和區,連和里,1236,1138,474,199,673,22,695
新北市,中和區,連城里,1237,1878,666,273,939,36,975
新北市,中和區,連城里,1238,1980,833,271,1104,33,1137
新北市,中和區,連城里,1239,1844,690,296,986,53,1039
新北市,中和區,力行里,1240,2085,786,353,1139,15,1154
新北市,中和區,力行里,1241,1498,583,217,800,33,833
新北市,中和區,力行里,1242,1761,660,320,980,26,1006
新北市,中和區,正行里,1243,1254,461,236,697,25,722
新北市,中和區,正行里,1244,1343,528,245,773,24,797
新北市,中和區,德行里,1245,1789,619,354,973,27,1000
新北市,中和區,德行里,1246,2000,705,372,1077,42,1119
新北市,中和區,德行里,1247,1953,608,340,948,32,980
新北市,中和區,枋寮里,1248,1712,615,290,905,58,963
新北市,中和區,枋寮里,1249,1582,632,242,874,40,914
新北市,中和區,漳和里,1250,1742,630,282,912,47,959
新北市,中和區,漳和里,1251,1493,624,270,894,33,927
新北市,中和區,廟美里,1252,1352,482,220,702,37,739
新北市,中和區,廟美里,1253,1244,537,177,714,27,741
新北市,中和區,廟美里,1254,1394,541,238,779,41,820
新北市,中和區,福真里,1255,1917,570,284,854,25,879
新北市,中和區,福真里,1256,1830,637,279,916,48,964
新北市,中和區,福善里,1257,1124,416,217,633,29,662
新北市,中和區,福善里,1258,1412,472,214,686,39,725
新北市,中和區,福善里,1259,1356,483,241,724,31,755
新北市,中和區,福美里,1260,1425,539,200,739,19,758
新北市,中和區,福美里,1261,1259,520,210,730,32,762
新北市,中和區,福美里,1262,1256,485,216,701,37,738
新北市,中和區,福祥里,1263,1423,548,225,773,31,804
新北市,中和區,福祥里,1264,1221,484,201,685,32,717
新北市,中和區,福祥里,1265,1858,625,281,906,38,944
新北市,中和區,瓦?里,1266,1804,631,287,918,36,954
新北市,中和區,瓦?里,1267,1669,638,300,938,28,966
新北市,中和區,瓦?里,1268,1485,590,225,815,26,841
新北市,中和區,福和里,1269,1005,415,164,579,31,610
新北市,中和區,福和里,1270,1175,480,239,719,34,753
新北市,中和區,福和里,1271,1171,473,190,663,28,691
新北市,中和區,佳和里,1272,1746,600,254,854,35,889
新北市,中和區,佳和里,1273,1555,515,249,764,15,779
新北市,中和區,佳和里,1274,1112,405,178,583,50,633
新北市,中和區,新南里,1275,1780,685,341,1026,32,1058
新北市,中和區,新南里,1276,1918,679,358,1037,24,1061
新北市,中和區,新南里,1277,1689,500,244,744,24,768
新北市,中和區,新南里,1278,1781,685,327,1012,25,1037
新北市,中和區,南山里,1279,1419,520,247,767,39,806
新北市,中和區,南山里,1280,1344,516,198,714,22,736
新北市,中和區,南山里,1281,1804,737,342,1079,43,1122
新北市,中和區,平河里,1282,1788,635,285,920,44,964
新北市,中和區,平河里,1283,1793,694,282,976,28,1004
新北市,中和區,平河里,1284,1352,539,222,761,31,792
新北市,中和區,平河里,1285,1813,679,308,987,38,1025
新北市,中和區,平河里,1286,1288,557,240,797,19,816
新北市,中和區,信和里,1287,1186,445,209,654,36,690
新北市,中和區,信和里,1288,1237,496,172,668,11,679
新北市,中和區,信和里,1289,1406,550,214,764,41,805
新北市,中和區,仁和里,1290,1442,540,232,772,39,811
新北市,中和區,仁和里,1291,1040,438,186,624,26,650
新北市,中和區,仁和里,1292,1292,546,205,751,33,784
新北市,中和區,中正里,1293,1811,661,300,961,33,994
新北市,中和區,中正里,1294,1789,705,278,983,47,1030
新北市,中和區,建和里,1295,859,408,139,547,26,573
新北市,中和區,建和里,1296,972,470,137,607,19,626
新北市,中和區,建和里,1297,1346,537,210,747,29,776
新北市,中和區,中山里,1298,1034,421,177,598,22,620
新北市,中和區,中山里,1299,1387,546,238,784,23,807
新北市,中和區,碧河里,1300,2067,789,330,1119,65,1184
新北市,中和區,碧河里,1301,1670,522,258,780,25,805
新北市,中和區,正南里,1302,1166,465,166,631,28,659
新北市,中和區,正南里,1303,963,409,140,549,25,574
新北市,中和區,正南里,1304,1070,414,141,555,24,579
新北市,中和區,頂南里,1305,1319,548,227,775,24,799
新北市,中和區,頂南里,1306,1438,596,238,834,45,879
新北市,中和區,華新里,1307,1808,653,277,930,21,951
新北市,中和區,華新里,1308,1191,472,152,624,17,641
新北市,中和區,華新里,1309,1632,638,234,872,43,915
新北市,中和區,華新里,1310,1765,648,231,879,35,914
新北市,中和區,東南里,1311,1168,514,167,681,21,702
新北市,中和區,東南里,1312,1176,478,158,636,23,659
新北市,中和區,東南里,1313,1565,702,245,947,47,994
新北市,中和區,華南里,1314,1578,573,203,776,34,810
新北市,中和區,華南里,1315,2029,705,373,1078,27,1105
新北市,中和區,華南里,1316,905,359,141,500,25,525
新北市,中和區,忠孝里,1317,839,330,93,423,21,444
新北市,中和區,忠孝里,1318,762,295,142,437,17,454
新北市,中和區,忠孝里,1319,1420,559,207,766,36,802
新北市,中和區,忠孝里,1320,1272,494,170,664,35,699
新北市,中和區,崇南里,1321,1976,692,294,986,55,1041
新北市,中和區,崇南里,1322,1779,670,268,938,33,971
新北市,中和區,興南里,1323,1454,496,195,691,27,718
新北市,中和區,興南里,1324,1374,547,164,711,30,741
新北市,中和區,景南里,1325,1369,472,206,678,20,698
新北市,中和區,景南里,1326,1501,537,258,795,31,826
新北市,中和區,景本里,1327,920,425,151,576,27,603
新北市,中和區,景本里,1328,1050,473,156,629,27,656
新北市,中和區,橫路里,1329,321,136,49,185,12,197
新北市,中和區,內南里,1330,1474,557,193,750,39,789
新北市,中和區,內南里,1331,1461,573,216,789,52,841
新北市,中和區,內南里,1332,1621,618,233,851,31,882
新北市,中和區,壽南里,1333,1327,562,225,787,37,824
新北市,中和區,壽南里,1334,775,309,131,440,13,453
新北市,中和區,福南里,1335,1916,638,295,933,31,964
新北市,中和區,福南里,1336,1901,673,287,960,39,999
新北市,中和區,外南里,1337,4411,550,218,768,31,799
新北市,中和區,外南里,1338,1212,447,215,662,17,679
新北市,中和區,外南里,1339,1126,454,183,637,14,651
新北市,中和區,中興里,1340,1507,568,242,810,17,827
新北市,中和區,中興里,1341,1519,566,266,832,17,849
新北市,中和區,中興里,1342,1467,547,293,840,29,869
新北市,中和區,中興里,1343,1453,616,237,853,37,890
新北市,中和區,吉興里,1344,1364,552,243,795,30,825
新北市,中和區,吉興里,1345,1302,505,206,711,25,736
新北市,中和區,復興里,1346,1627,518,204,722,26,748
新北市,中和區,復興里,1347,1503,589,203,792,25,817
新北市,中和區,復興里,1348,1392,538,196,734,19,753
新北市,中和區,和興里,1349,1067,430,180,610,26,636
新北市,中和區,和興里,1350,1623,592,242,834,28,862
新北市,中和區,和興里,1351,1208,460,234,694,18,712
新北市,中和區,景平里,1352,1991,613,249,862,25,887
新北市,中和區,景平里,1353,1932,633,264,897,27,924
新北市,中和區,景平里,1354,947,403,203,606,20,626
新北市,中和區,景新里,1355,1660,658,255,913,42,955
新北市,中和區,景新里,1356,1574,539,221,760,26,786
新北市,中和區,景福里,1357,2136,709,325,1034,37,1071
新北市,中和區,景福里,1358,1462,524,207,731,49,780
新北市,中和區,景福里,1359,1548,559,206,765,53,818
新北市,中和區,景安里,1360,692,308,131,439,18,457
新北市,中和區,景安里,1361,1221,528,211,739,30,769
新北市,中和區,景安里,1362,1331,496,201,697,83,780
新北市,中和區,景安里,1363,984,33,576,609,22,631
新北市,中和區,景文里,1364,1871,638,278,916,30,946
新北市,中和區,景文里,1365,1279,555,183,738,28,766
新北市,中和區,錦和里,1366,1629,628,270,898,28,926
新北市,中和區,錦和里,1367,1482,556,272,828,20,848
新北市,中和區,錦和里,1368,1715,691,279,970,30,1000
新北市,中和區,錦昌里,1369,1952,772,277,1049,42,1091
新北市,中和區,灰?里,1370,686,270,111,381,22,403
新北市,中和區,積穗里,1371,1577,513,247,760,20,780
新北市,中和區,積穗里,1372,1158,451,210,661,20,681
新北市,中和區,積穗里,1373,1195,523,217,740,16,756
新北市,中和區,積穗里,1374,1054,457,205,662,16,678
新北市,中和區,積穗里,1375,612,267,118,385,15,400
新北市,中和區,積穗里,1376,1668,677,267,944,23,967
新北市,中和區,民享里,1377,1071,475,180,655,31,686
新北市,中和區,民享里,1378,1169,541,226,767,38,805
新北市,中和區,員山里,1379,1370,564,194,758,25,783
新北市,中和區,員山里,1380,1574,667,240,907,46,953
新北市,中和區,員山里,1381,2614,930,334,1264,13,1277
新北市,中和區,嘉穗里,1382,1477,603,249,852,23,875
新北市,中和區,嘉穗里,1383,1041,392,178,570,41,611
新北市,中和區,文元里,1384,1538,580,215,795,44,839
新北市,中和區,文元里,1385,1599,619,244,863,36,899
新北市,中和區,文元里,1386,1586,627,266,893,139,1032
新北市,中和區,嘉新里,1387,1726,733,280,1013,34,1047
新北市,中和區,嘉新里,1388,1854,758,344,1102,38,1140
新北市,中和區,民安里,1389,1472,639,223,862,43,905
新北市,中和區,民安里,1390,1430,601,240,841,35,876
新北市,中和區,民安里,1391,1488,585,272,857,30,887
新北市,中和區,安穗里,1392,1251,472,211,683,33,716
新北市,中和區,安穗里,1393,1487,589,242,831,33,864
新北市,中和區,安穗里,1394,1328,486,207,693,49,742
新北市,中和區,瑞穗里,1395,1128,453,219,672,25,697
新北市,中和區,瑞穗里,1396,1008,473,163,636,28,664
新北市,中和區,明穗里,1397,1786,688,318,1006,30,1036
新北市,中和區,明穗里,1398,2219,795,365,1160,34,1194
新北市,中和區,清穗里,1399,1322,497,199,696,29,725
新北市,中和區,清穗里,1400,1495,613,139,752,8,760
新北市,中和區,自強里,1401,1414,452,307,759,34,793
新北市,中和區,自強里,1402,1681,719,210,929,45,974
新北市,中和區,自強里,1403,1361,508,241,749,32,781
新北市,中和區,德穗里,1404,1442,557,223,780,30,810
新北市,中和區,德穗里,1405,1383,512,223,735,25,760
新北市,中和區,德穗里,1406,1264,510,192,702,31,733
新北市,中和區,民生里,1407,1810,755,278,1033,42,1075
新北市,中和區,民生里,1408,1951,659,275,934,24,958
新北市,中和區,國光里,1409,1582,577,213,790,34,824
新北市,中和區,國光里,1410,1945,783,321,1104,48,1152
新北市,中和區,壽德里,1411,1390,554,222,776,38,814
新北市,中和區,壽德里,1412,1161,462,201,663,13,676
新北市,中和區,壽德里,1413,1399,595,170,765,96,861
新北市,中和區,明德里,1414,1070,450,148,598,16,614
新北市,中和區,明德里,1415,1169,483,167,650,24,674
新北市,中和區,明德里,1416,1214,550,188,738,32,770
新北市,中和區,錦中里,1417,1398,540,250,790,39,829
新北市,中和區,錦中里,1418,1049,423,174,597,19,616
新北市,中和區,錦中里,1419,1324,561,237,798,34,832
新北市,中和區,錦盛里,1420,1765,555,263,818,22,840
新北市,中和區,錦盛里,1421,1709,600,265,865,30,895
新北市,中和區,民有里,1422,1186,496,165,661,35,696
新北市,中和區,民有里,1423,1318,577,192,769,23,792
新北市,中和區,員富里,1424,1430,529,275,804,36,840
新北市,中和區,員富里,1425,1637,501,203,704,29,733
新北市,中和區,嘉慶里,1426,1283,485,239,724,26,750
新北市,中和區,嘉慶里,1427,1310,515,216,731,31,762
新北市,中和區,嘉慶里,1428,1301,520,216,736,32,768
新北市,中和區,冠穗里,1429,1681,629,308,937,27,964
新北市,中和區,冠穗里,1430,1384,545,255,800,21,821
新北市,中和區,國華里,1431,1187,445,220,665,24,689
新北市,中和區,國華里,1432,1779,561,243,804,10,814
新北市,中和區,宜安里,1433,1712,663,277,940,36,976
新北市,中和區,安樂里,1434,1462,506,261,767,32,799
新北市,中和區,安樂里,1435,1824,640,304,944,21,965
新北市,中和區,安和里,1436,1389,502,237,739,10,749
新北市,中和區,安和里,1437,1434,579,246,825,27,852
新北市,中和區,安順里,1438,1953,724,284,1008,46,1054
新北市,中和區,安順里,1439,2002,727,367,1094,35,1129
新北市,中和區,安平里,1440,1858,706,279,985,28,1013
新北市,中和區,安平里,1441,1801,639,318,957,23,980
新北市,中和區,安平里,1442,1691,658,281,939,41,980
新北市,中和區,中安里,1443,1363,525,257,782,33,815
新北市,中和區,中安里,1444,1220,529,224,753,22,775
新北市,中和區,中安里,1445,1365,580,268,848,21,869
新北市,中和區,泰安里,1446,1178,489,188,677,18,695
新北市,中和區,泰安里,1447,830,357,135,492,18,510
新北市,中和區,泰安里,1448,1197,422,183,605,36,641
新北市,中和區,秀山里,1449,1369,565,207,772,38,810
新北市,中和區,秀山里,1450,1336,560,207,767,29,796
新北市,中和區,秀山里,1451,1377,572,249,821,37,858
新北市,中和區,秀成里,1452,1499,623,231,854,32,886
新北市,中和區,秀成里,1453,1689,705,282,987,25,1012
新北市,中和區,秀義里,1454,1323,529,237,766,34,800
新北市,中和區,秀義里,1455,1079,463,188,651,28,679
新北市,中和區,秀福里,1456,1545,602,266,868,35,903
新北市,中和區,秀福里,1457,1326,473,246,719,29,748
新北市,中和區,秀福里,1458,1443,508,259,767,28,795
新北市,中和區,秀景里,1459,1712,671,265,936,24,960
新北市,中和區,秀景里,1460,1916,722,294,1016,33,1049
新北市,中和區,秀景里,1461,863,369,151,520,21,541
新北市,中和區,秀景里,1462,1203,506,224,730,5,735
新北市,中和區,秀明里,1463,1483,538,253,791,16,807
新北市,中和區,秀明里,1464,1575,588,240,828,21,849
新北市,中和區,秀明里,1465,1432,504,185,689,39,728
新北市,中和區,秀峰里,1466,1441,555,227,782,37,819
新北市,中和區,秀峰里,1467,1269,506,219,725,34,759
新北市,中和區,秀峰里,1468,1363,566,235,801,14,815
新北市,中和區,秀士里,1469,1089,483,143,626,15,641
新北市,中和區,秀士里,1470,1171,420,191,611,21,632
新北市,中和區,秀水里,1471,1150,473,187,660,32,692
新北市,中和區,秀水里,1472,1154,494,202,696,52,748
新北市,中和區,秀水里,1473,1067,513,135,648,17,665
新北市,中和區,秀仁里,1474,1526,579,221,800,31,831
新北市,中和區,秀仁里,1475,1447,559,273,832,21,853
新北市,永和區,光復里,1476,1554,592,275,867,49,916
新北市,永和區,網溪里,1477,1065,464,159,623,20,643
新北市,永和區,復興里,1478,854,379,145,524,22,546
新北市,永和區,復興里,1479,1253,524,206,730,31,761
新北市,永和區,竹林里,1480,1733,646,325,971,29,1000
新北市,永和區,竹林里,1481,1581,596,270,866,33,899
新北市,永和區,桂林里,1482,1735,665,262,927,36,963
新北市,永和區,桂林里,1483,1563,582,249,831,17,848
新北市,永和區,上林里,1484,1650,644,308,952,35,987
新北市,永和區,上林里,1485,1454,575,230,805,26,831
新北市,永和區,福林里,1486,1568,549,266,815,32,847
新北市,永和區,福林里,1487,1444,522,220,742,35,777
新北市,永和區,勵行里,1488,1140,401,207,608,35,643
新北市,永和區,中興里,1489,1188,519,199,718,22,740
新北市,永和區,中興里,1490,1516,584,233,817,42,859
新北市,永和區,永興里,1491,1397,519,228,747,32,779
新北市,永和區,永興里,1492,1438,550,237,787,25,812
新北市,永和區,正興里,1493,1084,448,194,642,12,654
新北市,永和區,正興里,1494,941,373,162,535,21,556
新北市,永和區,豫溪里,1495,1598,684,168,852,23,875
新北市,永和區,豫溪里,1496,2842,582,277,859,20,879
新北市,永和區,光明里,1497,1261,514,253,767,25,792
新北市,永和區,光明里,1498,1449,623,278,901,27,928
新北市,永和區,福和里,1499,1511,606,245,851,40,891
新北市,永和區,福和里,1500,1470,629,267,896,30,926
新北市,永和區,福和里,1501,1580,604,291,895,25,920
新北市,永和區,得和里,1502,1438,616,257,873,32,905
新北市,永和區,得和里,1503,1305,557,248,805,23,828
新北市,永和區,得和里,1504,1046,446,193,639,23,662
新北市,永和區,永貞里,1505,1566,628,286,914,16,930
新北市,永和區,永貞里,1506,1468,582,257,839,36,875
新北市,永和區,永福里,1507,1305,579,257,836,32,868
新北市,永和區,永福里,1508,1181,482,226,708,23,731
新北市,永和區,河濱里,1509,1720,613,306,919,40,959
新北市,永和區,河濱里,1510,1103,453,221,674,32,706
新北市,永和區,秀和里,1511,1649,608,312,920,33,953
新北市,永和區,秀和里,1512,1206,489,234,723,31,754
新北市,永和區,秀和里,1513,1506,581,318,899,22,921
新北市,永和區,永元里,1514,1488,565,257,822,30,852
新北市,永和區,永元里,1515,1288,503,260,763,42,805
新北市,永和區,永元里,1516,1413,497,232,729,30,759
新北市,永和區,民權里,1517,1329,541,206,747,30,777
新北市,永和區,民權里,1518,1436,609,255,864,25,889
新北市,永和區,民權里,1519,1112,462,181,643,25,668
新北市,永和區,民族里,1520,1100,520,202,722,25,747
新北市,永和區,民族里,1521,1545,649,276,925,34,959
新北市,永和區,民族里,1522,1436,591,219,810,17,827
新北市,永和區,秀朗里,1523,1731,748,297,1045,41,1086
新北市,永和區,秀朗里,1524,1762,727,315,1042,52,1094
新北市,永和區,秀成里,1525,1320,487,234,721,29,750
新北市,永和區,秀成里,1526,1297,438,198,636,17,653
新北市,永和區,秀林里,1527,1798,342,166,508,35,543
新北市,永和區,秀林里,1528,1491,594,282,876,41,917
新北市,永和區,秀得里,1529,1223,488,218,706,10,716
新北市,永和區,秀得里,1530,1108,459,173,632,33,665
新北市,永和區,秀元里,1531,1408,564,274,838,23,861
新北市,永和區,秀元里,1532,1265,509,225,734,44,778
新北市,永和區,民生里,1533,1115,448,179,627,8,635
新北市,永和區,民生里,1534,1133,503,194,697,32,729
新北市,永和區,民生里,1535,1217,509,198,707,32,739
新北市,永和區,民本里,1536,1713,645,283,928,43,971
新北市,永和區,民本里,1537,1721,616,292,908,41,949
新北市,永和區,民富里,1538,1327,522,208,730,30,760
新北市,永和區,民富里,1539,1257,535,235,770,19,789
新北市,永和區,民樂里,1540,1348,587,246,833,23,856
新北市,永和區,民樂里,1541,1461,606,288,894,28,922
新北市,永和區,民樂里,1542,1368,546,225,771,47,818
新北市,永和區,民治里,1543,1234,504,191,695,31,726
新北市,永和區,民治里,1544,1303,509,227,736,26,762
新北市,永和區,智光里,1545,1516,593,239,832,27,859
新北市,永和區,智光里,1546,1422,607,230,837,39,876
新北市,永和區,潭安里,1547,991,416,186,602,19,621
新北市,永和區,潭安里,1548,1016,437,182,619,20,639
新北市,永和區,潭安里,1549,1146,468,204,672,21,693
新北市,永和區,潭安里,1550,1043,467,146,613,26,639
新北市,永和區,潭墘里,1551,1210,495,228,723,25,748
新北市,永和區,潭墘里,1552,1630,641,290,931,28,959
新北市,永和區,潭墘里,1553,1092,450,199,649,22,671
新北市,永和區,店街里,1554,1872,738,330,1068,46,1114
新北市,永和區,店街里,1555,1781,686,306,992,24,1016
新北市,永和區,大新里,1556,1049,441,190,631,22,653
新北市,永和區,大新里,1557,1285,545,247,792,23,815
新北市,永和區,永安里,1558,1209,467,251,718,36,754
新北市,永和區,永安里,1559,1132,452,237,689,23,712
新北市,永和區,永安里,1560,1287,544,249,793,31,824
新北市,永和區,永樂里,1561,1068,435,198,633,39,672
新北市,永和區,永樂里,1562,1098,436,236,672,33,705
新北市,永和區,水源里,1563,1222,534,202,736,33,769
新北市,永和區,水源里,1564,1157,494,180,674,41,715
新北市,永和區,水源里,1565,1168,473,258,731,34,765
新北市,永和區,協和里,1566,1283,487,230,717,37,754
新北市,永和區,協和里,1567,1372,553,229,782,27,809
新北市,永和區,雙和里,1568,1876,737,357,1094,39,1133
新北市,永和區,雙和里,1569,1576,686,265,951,53,1004
新北市,永和區,安和里,1570,1661,660,305,965,34,999
新北市,永和區,安和里,1571,1808,702,278,980,26,1006
新北市,永和區,前溪里,1572,1898,701,343,1044,51,1095
新北市,永和區,和平里,1573,1508,635,279,914,28,942
新北市,永和區,和平里,1574,1341,580,218,798,32,830
新北市,永和區,和平里,1575,1422,549,247,796,41,837
新北市,永和區,保平里,1576,1177,460,203,663,26,689
新北市,永和區,保平里,1577,1557,622,262,884,43,927
新北市,永和區,保平里,1578,1491,554,254,808,22,830
新北市,永和區,中溪里,1579,1586,601,282,883,28,911
新北市,永和區,中溪里,1580,1313,492,228,720,15,735
新北市,永和區,中溪里,1581,1636,607,297,904,38,942
新北市,永和區,保安里,1582,1598,620,282,902,27,929
新北市,永和區,保安里,1583,1609,625,323,948,23,971
新北市,永和區,保安里,1584,1375,511,302,813,38,851
新北市,永和區,保安里,1585,1648,646,346,992,46,1038
新北市,永和區,保順里,1586,1077,432,197,629,28,657
新北市,永和區,保順里,1587,1157,476,210,686,18,704
新北市,永和區,保順里,1588,1339,539,297,836,20,856
新北市,永和區,保順里,1589,1306,546,254,800,13,813
新北市,永和區,保順里,1590,1236,532,236,768,10,778
新北市,永和區,保順里,1591,1133,472,209,681,23,704
新北市,永和區,保順里,1592,1425,566,274,840,27,867
新北市,永和區,下溪里,1593,1938,735,315,1050,53,1103
新北市,永和區,下溪里,1594,1607,634,293,927,34,961
新北市,永和區,大同里,1595,853,384,117,501,32,533
新北市,永和區,新生里,1596,768,309,92,401,29,430
新北市,永和區,永成里,1597,893,329,95,424,22,446
新北市,永和區,忠義里,1598,743,305,115,420,18,438
新北市,永和區,仁愛里,1599,1155,467,211,678,36,714
新北市,永和區,仁愛里,1600,1263,532,229,761,30,791
新北市,永和區,文化里,1601,1189,496,225,721,19,740
新北市,永和區,文化里,1602,1346,519,213,732,33,765
新北市,永和區,信義里,1603,1368,508,239,747,32,779
新北市,永和區,信義里,1604,1043,424,182,606,19,625
新北市,永和區,後溪里,1605,1709,674,319,993,39,1032
新北市,永和區,上溪里,1606,879,318,154,472,13,485
新北市,永和區,上溪里,1607,904,347,174,521,20,541
新北市,永和區,頂溪里,1608,1221,525,211,736,34,770
新北市,永和區,頂溪里,1609,1018,407,194,601,34,635
新北市,永和區,河堤里,1610,1551,544,312,856,28,884
新北市,永和區,河堤里,1611,1428,558,262,820,42,862
新北市,永和區,新?里,1612,1044,432,184,616,38,654
新北市,永和區,新?里,1613,967,397,178,575,34,609
新北市,樹林區,三興里,1614,1408,496,198,694,50,744
新北市,樹林區,三興里,1615,1310,481,206,687,18,705
新北市,樹林區,三興里,1616,1534,537,185,722,38,760
新北市,樹林區,三福里,1617,1211,469,165,634,43,677
新北市,樹林區,三福里,1618,1125,446,178,624,34,658
新北市,樹林區,三福里,1619,1134,489,170,659,29,688
新北市,樹林區,三多里,1620,1897,583,253,836,63,899
新北市,樹林區,三多里,1621,1716,592,272,864,52,916
新北市,樹林區,三龍里,1622,736,299,132,431,27,458
新北市,樹林區,三龍里,1623,1137,473,204,677,18,695
新北市,樹林區,?寮里,1624,1542,535,243,778,30,808
新北市,樹林區,?寮里,1625,1470,549,223,772,43,815
新北市,樹林區,?寮里,1626,1456,469,212,681,33,714
新北市,樹林區,光興里,1627,1124,460,177,637,15,652
新北市,樹林區,光興里,1628,1235,457,175,632,20,652
新北市,樹林區,光興里,1629,1212,452,199,651,24,675
新北市,樹林區,金寮里,1630,1223,442,166,608,27,635
新北市,樹林區,金寮里,1631,1335,518,170,688,48,736
新北市,樹林區,金寮里,1632,1206,446,186,632,33,665
新北市,樹林區,潭底里,1633,1927,460,196,656,57,713
新北市,樹林區,潭底里,1634,914,341,137,478,45,523
新北市,樹林區,潭底里,1635,1456,562,240,802,42,844
新北市,樹林區,文林里,1636,1409,518,218,736,39,775
新北市,樹林區,文林里,1637,1500,616,230,846,56,902
新北市,樹林區,文林里,1638,1545,553,283,836,30,866
新北市,樹林區,保安里,1639,1483,533,234,767,18,785
新北市,樹林區,保安里,1640,1524,565,254,819,34,853
新北市,樹林區,保安里,1641,1431,540,235,775,35,810
新北市,樹林區,保安里,1642,1181,461,169,630,26,656
新北市,樹林區,圳安里,1643,1116,443,168,611,41,652
新北市,樹林區,圳安里,1644,1077,378,160,538,28,566
新北市,樹林區,圳安里,1645,1103,385,169,554,22,576
新北市,樹林區,圳福里,1646,1385,502,235,737,38,775
新北市,樹林區,圳福里,1647,1266,476,173,649,29,678
新北市,樹林區,圳福里,1648,1195,415,191,606,47,653
新北市,樹林區,圳民里,1649,1254,443,206,649,38,687
新北市,樹林區,圳民里,1650,1263,455,242,697,31,728
新北市,樹林區,圳生里,1651,1473,581,261,842,61,903
新北市,樹林區,樹德里,1652,870,351,122,473,30,503
新北市,樹林區,樹德里,1653,1338,564,214,778,44,822
新北市,樹林區,樹德里,1654,1010,384,155,539,29,568
新北市,樹林區,樹福里,1655,1658,614,315,929,50,979
新北市,樹林區,樹福里,1656,1538,612,323,935,40,975
新北市,樹林區,樹西里,1657,1405,578,259,837,51,888
新北市,樹林區,樹西里,1658,1587,572,280,852,38,890
新北市,樹林區,樹西里,1659,1566,575,286,861,31,892
新北市,樹林區,樹興里,1660,997,363,168,531,13,544
新北市,樹林區,樹興里,1661,1187,446,192,638,47,685
新北市,樹林區,樹興里,1662,1061,379,165,544,37,581
新北市,樹林區,樹人里,1663,1701,692,257,949,32,981
新北市,樹林區,樹人里,1664,1278,484,197,681,44,725
新北市,樹林區,育英里,1665,1433,603,241,844,31,875
新北市,樹林區,育英里,1666,1306,523,244,767,40,807
新北市,樹林區,樹南里,1667,1268,516,220,736,39,775
新北市,樹林區,樹南里,1668,1281,503,215,718,33,751
新北市,樹林區,樹南里,1669,1200,470,215,685,30,715
新北市,樹林區,坡內里,1670,1491,566,207,773,32,805
新北市,樹林區,樹東里,1671,1066,399,162,561,25,586
新北市,樹林區,樹北里,1672,877,393,137,530,30,560
新北市,樹林區,彭福里,1673,1616,612,219,831,48,879
新北市,樹林區,彭福里,1674,1589,522,197,719,37,756
新北市,樹林區,彭福里,1675,1367,561,200,761,34,795
新北市,樹林區,和平里,1676,1144,476,186,662,28,690
新北市,樹林區,和平里,1677,1059,428,133,561,18,579
新北市,樹林區,和平里,1678,1224,445,189,634,42,676
新北市,樹林區,彭興里,1679,1141,383,171,554,28,582
新北市,樹林區,彭興里,1680,1396,464,181,645,20,665
新北市,樹林區,彭興里,1681,1157,407,197,604,32,636
新北市,樹林區,彭興里,1682,1498,524,208,732,55,787
新北市,樹林區,彭厝里,1683,1514,549,228,777,57,834
新北市,樹林區,彭厝里,1684,1546,525,229,754,29,783
新北市,樹林區,彭厝里,1685,1392,520,230,750,35,785
新北市,樹林區,大同里,1686,1566,614,247,861,28,889
新北市,樹林區,大同里,1687,1566,579,263,842,18,860
新北市,樹林區,中華里,1688,1517,533,261,794,39,833
新北市,樹林區,中華里,1689,1481,555,253,808,18,826
新北市,樹林區,太順里,1690,1261,485,174,659,31,690
新北市,樹林區,太順里,1691,1163,439,155,594,21,615
新北市,樹林區,東昇里,1692,1661,652,296,948,47,995
新北市,樹林區,東昇里,1693,1585,595,273,868,32,900
新北市,樹林區,東昇里,1694,1018,448,152,600,17,617
新北市,樹林區,東陽里,1695,1247,468,182,650,55,705
新北市,樹林區,東陽里,1696,1390,523,177,700,55,755
新北市,樹林區,東陽里,1697,1293,515,201,716,29,745
新北市,樹林區,東陽里,1698,1301,479,183,662,31,693
新北市,樹林區,東山里,1699,1606,631,191,822,33,855
新北市,樹林區,東山里,1700,1277,470,176,646,65,711
新北市,樹林區,山佳里,1701,1219,456,190,646,43,689
新北市,樹林區,山佳里,1702,1454,540,195,735,33,768
新北市,樹林區,山佳里,1703,1314,511,169,680,21,701
新北市,樹林區,山佳里,1704,1008,466,159,625,16,641
新北市,樹林區,中山里,1705,1574,570,214,784,66,850
新北市,樹林區,中山里,1706,1364,552,219,771,30,801
新北市,樹林區,中山里,1707,1677,590,221,811,48,859
新北市,樹林區,樂山里,1708,1683,548,204,752,23,775
新北市,樹林區,柑園里,1709,1452,585,221,806,39,845
新北市,樹林區,柑園里,1710,1592,570,326,896,29,925
新北市,樹林區,柑園里,1711,1619,628,283,911,28,939
新北市,樹林區,柑園里,1712,1642,674,308,982,24,1006
新北市,樹林區,柑園里,1713,1357,484,264,748,13,761
新北市,樹林區,西園里,1714,1638,645,233,878,69,947
新北市,樹林區,南園里,1715,1592,571,274,845,35,880
新北市,樹林區,南園里,1716,1521,626,230,856,29,885
新北市,樹林區,南園里,1717,1707,691,313,1004,31,1035
新北市,樹林區,南園里,1718,1741,615,368,983,35,1018
新北市,樹林區,南園里,1719,1655,604,306,910,19,929
新北市,樹林區,南園里,1720,1775,600,282,882,34,916
新北市,樹林區,南園里,1721,1781,729,231,960,29,989
新北市,樹林區,東園里,1722,1565,509,218,727,32,759
新北市,樹林區,北園里,1723,936,351,133,484,20,504
新北市,樹林區,北園里,1724,1030,404,169,573,23,596
新北市,鶯歌區,建德里,1725,515,218,65,283,17,300
新北市,鶯歌區,東鶯里,1726,965,395,163,558,25,583
新北市,鶯歌區,北鶯里,1727,1931,720,300,1020,44,1064
新北市,鶯歌區,北鶯里,1728,1797,576,282,858,38,896
新北市,鶯歌區,西鶯里,1729,1057,434,144,578,21,599
新北市,鶯歌區,西鶯里,1730,962,347,136,483,24,507
新北市,鶯歌區,中鶯里,1731,934,387,176,563,24,587
新北市,鶯歌區,南鶯里,1732,1742,700,311,1011,57,1068
新北市,鶯歌區,南鶯里,1733,1634,588,269,857,26,883
新北市,鶯歌區,南鶯里,1734,1676,615,248,863,12,875
新北市,鶯歌區,建國里,1735,2052,743,358,1101,44,1145
新北市,鶯歌區,建國里,1736,1977,591,314,905,40,945
新北市,鶯歌區,建國里,1737,1957,716,337,1053,11,1064
新北市,鶯歌區,二甲里,1738,850,324,112,436,10,446
新北市,鶯歌區,二橋里,1739,1782,654,219,873,41,914
新北市,鶯歌區,二橋里,1740,1496,535,233,768,33,801
新北市,鶯歌區,二橋里,1741,2071,726,269,995,36,1031
新北市,鶯歌區,二橋里,1742,1753,549,215,764,29,793
新北市,鶯歌區,尖山里,1743,1737,645,232,877,29,906
新北市,鶯歌區,尖山里,1744,1669,579,226,805,45,850
新北市,鶯歌區,尖山里,1745,1842,553,261,814,36,850
新北市,鶯歌區,尖山里,1746,1454,500,214,714,37,751
新北市,鶯歌區,南靖里,1747,942,326,149,475,33,508
新北市,鶯歌區,南靖里,1748,1317,470,206,676,30,706
新北市,鶯歌區,南靖里,1749,949,356,112,468,14,482
新北市,鶯歌區,同慶里,1750,1440,584,230,814,31,845
新北市,鶯歌區,永昌里,1751,1809,660,267,927,70,997
新北市,鶯歌區,永昌里,1752,1758,677,278,955,32,987
新北市,鶯歌區,永昌里,1753,1589,593,235,828,39,867
新北市,鶯歌區,永昌里,1754,1067,430,188,618,21,639
新北市,鶯歌區,永昌里,1755,1092,442,177,619,27,646
新北市,鶯歌區,永吉里,1756,1730,712,229,941,33,974
新北市,鶯歌區,永吉里,1757,1281,528,163,691,23,714
新北市,鶯歌區,永吉里,1758,1238,556,188,744,32,776
新北市,鶯歌區,鳳祥里,1759,1568,599,226,825,44,869
新北市,鶯歌區,鳳祥里,1760,1271,498,160,658,28,686
新北市,鶯歌區,鳳祥里,1761,1183,388,129,517,18,535
新北市,鶯歌區,鳳鳴里,1762,1026,384,122,506,17,523
新北市,鶯歌區,鳳鳴里,1763,1721,604,231,835,29,864
新北市,鶯歌區,鳳鳴里,1764,1317,475,172,647,44,691
新北市,鶯歌區,鳳福里,1765,1046,435,169,604,24,628
新北市,鶯歌區,鳳福里,1766,1144,476,182,658,35,693
新北市,鶯歌區,鳳福里,1767,1336,472,175,647,48,695
新北市,鶯歌區,大湖里,1768,1479,530,176,706,17,723
新北市,鶯歌區,大湖里,1769,1736,591,263,854,49,903
新北市,鶯歌區,大湖里,1770,1389,561,205,766,40,806
新北市,鶯歌區,中湖里,1771,1956,722,254,976,63,1039
新北市,鶯歌區,中湖里,1772,1371,501,209,710,44,754
新北市,鶯歌區,中湖里,1773,1810,532,186,718,20,738
新北市,鶯歌區,東湖里,1774,227,98,29,127,1,128
新北市,土城區,祖田里,1775,1505,542,225,767,39,806
新北市,土城區,頂新里,1776,1242,499,222,721,29,750
新北市,土城區,頂新里,1777,1206,487,205,692,24,716
新北市,土城區,頂福里,1778,1474,549,228,777,40,817
新北市,土城區,頂福里,1779,1489,533,201,734,36,770
新北市,土城區,頂福里,1780,1675,603,226,829,33,862
新北市,土城區,頂埔里,1781,1499,543,244,787,37,824
新北市,土城區,頂埔里,1782,1495,554,209,763,19,782
新北市,土城區,頂埔里,1783,1411,516,195,711,49,760
新北市,土城區,沛陂里,1784,1378,472,206,678,30,708
新北市,土城區,沛陂里,1785,1256,459,193,652,17,669
新北市,土城區,沛陂里,1786,1379,526,219,745,45,790
新北市,土城區,永寧里,1787,1424,513,189,702,36,738
新北市,土城區,永寧里,1788,1455,545,208,753,35,788
新北市,土城區,永寧里,1789,1419,514,195,709,29,738
新北市,土城區,永寧里,1790,1357,552,240,792,24,816
新北市,土城區,永寧里,1791,1501,540,230,770,34,804
新北市,土城區,大安里,1792,1206,498,173,671,33,704
新北市,土城區,大安里,1793,1255,491,210,701,29,730
新北市,土城區,大安里,1794,1869,667,251,918,51,969
新北市,土城區,員仁里,1795,1292,606,107,713,20,733
新北市,土城區,員仁里,1796,1324,498,201,699,19,718
新北市,土城區,員仁里,1797,1155,415,171,586,34,620
新北市,土城區,員仁里,1798,1183,442,187,629,27,656
新北市,土城區,埤塘里,1799,2518,352,160,512,26,538
新北市,土城區,埤塘里,1800,1218,448,191,639,26,665
新北市,土城區,埤塘里,1801,1133,465,165,630,32,662
新北市,土城區,土城里,1802,894,359,137,496,12,508
新北市,土城區,土城里,1803,931,375,143,518,30,548
新北市,土城區,長風里,1804,1820,814,286,1100,56,1156
新北市,土城區,員信里,1805,1320,547,166,713,18,731
新北市,土城區,員信里,1806,1241,445,198,643,20,663
新北市,土城區,員信里,1807,1414,528,237,765,19,784
新北市,土城區,員林里,1808,1378,506,250,756,30,786
新北市,土城區,員林里,1809,1421,522,261,783,46,829
新北市,土城區,員林里,1810,1340,510,199,709,32,741
新北市,土城區,員林里,1811,1144,435,219,654,26,680
新北市,土城區,員福里,1812,1268,482,209,691,37,728
新北市,土城區,員福里,1813,1196,473,178,651,39,690
新北市,土城區,員福里,1814,1308,518,241,759,20,779
新北市,土城區,員福里,1815,1175,470,187,657,17,674
新北市,土城區,日和里,1816,1230,500,171,671,34,705
新北市,土城區,日和里,1817,1342,513,215,728,39,767
新北市,土城區,日和里,1818,1268,505,212,717,32,749
新北市,土城區,日和里,1819,1227,531,201,732,49,781
新北市,土城區,日新里,1820,1356,530,195,725,54,779
新北市,土城區,日新里,1821,1496,572,229,801,39,840
新北市,土城區,日新里,1822,1309,511,190,701,44,745
新北市,土城區,裕生里,1823,1175,459,207,666,34,700
新北市,土城區,裕生里,1824,1237,461,202,663,40,703
新北市,土城區,裕生里,1825,1256,512,191,703,23,726
新北市,土城區,裕生里,1826,1228,449,205,654,18,672
新北市,土城區,貨饒里,1827,1182,462,183,645,32,677
新北市,土城區,貨饒里,1828,1558,582,269,851,23,874
新北市,土城區,貨饒里,1829,1160,443,206,649,21,670
新北市,土城區,瑞興里,1830,1357,516,232,748,20,768
新北市,土城區,瑞興里,1831,1464,528,242,770,42,812
新北市,土城區,復興里,1832,1335,474,207,681,22,703
新北市,土城區,復興里,1833,1346,515,195,710,45,755
新北市,土城區,復興里,1834,1435,339,504,843,24,867
新北市,土城區,廣福里,1835,1639,587,286,873,35,908
新北市,土城區,廣福里,1836,1728,622,342,964,23,987
新北市,土城區,廣福里,1837,1665,501,255,756,6,762
新北市,土城區,學成里,1838,1333,549,232,781,32,813
新北市,土城區,學成里,1839,1567,619,283,902,34,936
新北市,土城區,埤林里,1840,1576,573,259,832,36,868
新北市,土城區,埤林里,1841,1458,542,259,801,34,835
新北市,土城區,埤林里,1842,1517,577,257,834,37,871
新北市,土城區,埤林里,1843,1489,585,273,858,23,881
新北市,土城區,埤林里,1844,1463,535,314,849,17,866
新北市,土城區,廣興里,1845,1584,619,278,897,15,912
新北市,土城區,廣興里,1846,1464,517,269,786,21,807
新北市,土城區,樂利里,1847,1598,584,276,860,38,898
新北市,土城區,樂利里,1848,1500,502,262,764,40,804
新北市,土城區,樂利里,1849,1542,554,264,818,28,846
新北市,土城區,學府里,1850,1619,596,321,917,42,959
新北市,土城區,學府里,1851,1521,555,218,773,22,795
新北市,土城區,明德里,1852,1691,561,337,898,27,925
新北市,土城區,明德里,1853,1657,554,298,852,38,890
新北市,土城區,明德里,1854,1772,626,380,1006,25,1031
新北市,土城區,學士里,1855,1423,558,239,797,16,813
新北市,土城區,學士里,1856,1321,515,260,775,34,809
新北市,土城區,學士里,1857,1429,560,275,835,40,875
新北市,土城區,柑林里,1858,1445,521,236,757,23,780
新北市,土城區,柑林里,1859,1520,604,261,865,25,890
新北市,土城區,中正里,1860,1484,467,226,693,9,702
新北市,土城區,中正里,1861,1362,478,228,706,20,726
新北市,土城區,青雲里,1862,1262,488,191,679,22,701
新北市,土城區,青雲里,1863,1343,511,238,749,27,776
新北市,土城區,清和里,1864,1337,422,216,638,22,660
新北市,土城區,清和里,1865,1325,443,163,606,19,625
新北市,土城區,清和里,1866,1390,492,190,682,30,712
新北市,土城區,清和里,1867,1534,531,262,793,38,831
新北市,土城區,清化里,1868,1484,533,208,741,50,791
新北市,土城區,清溪里,1869,1532,550,248,798,0,798
新北市,土城區,清溪里,1870,1507,587,232,819,35,854
新北市,土城區,清溪里,1871,1550,575,269,844,31,875
新北市,土城區,清溪里,1872,1567,611,230,841,25,866
新北市,土城區,青山里,1873,1367,525,239,764,18,782
新北市,土城區,青山里,1874,1293,460,183,643,52,695
新北市,土城區,清水里,1875,1402,532,233,765,26,791
新北市,土城區,清水里,1876,1379,497,231,728,35,763
新北市,土城區,清水里,1877,1471,524,231,755,27,782
新北市,土城區,清水里,1878,1410,533,201,734,21,755
新北市,土城區,清水里,1879,1542,559,256,815,21,836
新北市,土城區,永豐里,1880,1238,456,195,651,32,683
新北市,土城區,永豐里,1881,1301,386,193,579,21,600
新北市,土城區,永豐里,1882,1311,564,253,817,21,838
新北市,土城區,永富里,1883,1511,538,208,746,20,766
新北市,土城區,永富里,1884,1531,569,213,782,36,818
新北市,土城區,永富里,1885,1638,558,267,825,33,858
新北市,土城區,廷寮里,1886,1335,539,221,760,30,790
新北市,土城區,廷寮里,1887,1459,574,209,783,23,806
新北市,土城區,廷寮里,1888,1489,534,255,789,17,806
新北市,土城區,金城里,1889,1774,647,285,932,42,974
新北市,土城區,金城里,1890,1792,642,303,945,36,981
新北市,土城區,金城里,1891,1798,714,277,991,44,1035
新北市,土城區,?廷里,1892,1312,495,175,670,34,704
新北市,土城區,?廷里,1893,1301,472,169,641,39,680
新北市,土城區,?廷里,1894,1254,447,177,624,39,663
新北市,土城區,?廷里,1895,1215,450,182,632,24,656
新北市,土城區,?廷里,1896,1448,546,226,772,27,799
新北市,土城區,延吉里,1897,1321,500,160,660,40,700
新北市,土城區,延吉里,1898,1150,383,178,561,40,601
新北市,土城區,延吉里,1899,1425,470,201,671,35,706
新北市,土城區,延壽里,1900,1366,562,207,769,47,816
新北市,土城區,延壽里,1901,1292,505,218,723,31,754
新北市,土城區,延壽里,1902,1317,516,169,685,35,720
新北市,土城區,延祿里,1903,1324,510,209,719,35,754
新北市,土城區,延祿里,1904,1189,420,178,598,36,634
新北市,土城區,延祿里,1905,1223,488,185,673,44,717
新北市,土城區,平和里,1906,1550,578,236,814,24,838
新北市,土城區,平和里,1907,1606,585,296,881,43,924
新北市,土城區,平和里,1908,1509,557,237,794,20,814
新北市,土城區,平和里,1909,1529,547,251,798,37,835
新北市,土城區,安和里,1910,1458,530,201,731,40,771
新北市,土城區,安和里,1911,1468,518,276,794,43,837
新北市,土城區,安和里,1912,1495,505,262,767,38,805
新北市,土城區,延和里,1913,1303,510,206,716,32,748
新北市,土城區,延和里,1914,1365,504,232,736,31,767
新北市,土城區,延和里,1915,1476,531,237,768,52,820
新北市,土城區,延和里,1916,1519,567,260,827,21,848
新北市,三峽區,三峽里,1917,274,132,39,171,15,186
新北市,三峽區,秀川里,1918,583,228,80,308,15,323
新北市,三峽區,八張里,1919,1765,552,247,799,18,817
新北市,三峽區,八張里,1920,1714,582,277,859,47,906
新北市,三峽區,中埔里,1921,1355,508,186,694,20,714
新北市,三峽區,中埔里,1922,1329,523,204,727,28,755
新北市,三峽區,弘道里,1923,1059,392,158,550,13,563
新北市,三峽區,永?里,1924,1364,501,244,745,40,785
新北市,三峽區,永?里,1925,1098,425,190,615,31,646
新北市,三峽區,永?里,1926,1296,483,193,676,42,718
新北市,三峽區,永?里,1927,1240,438,209,647,20,667
新北市,三峽區,永?里,1928,1531,522,265,787,27,814
新北市,三峽區,鳶山里,1929,1444,497,200,697,28,725
新北市,三峽區,鳶山里,1930,1347,480,189,669,66,735
新北市,三峽區,鳶山里,1931,1455,527,222,749,43,792
新北市,三峽區,鳶山里,1932,1556,507,208,715,23,738
新北市,三峽區,鳶山里,1933,1390,421,174,595,28,623
新北市,三峽區,鳶山里,1934,1532,565,223,788,32,820
新北市,三峽區,龍埔里,1935,1377,491,153,644,31,675
新北市,三峽區,龍埔里,1936,1731,821,50,871,28,899
新北市,三峽區,龍埔里,1937,1705,596,248,844,23,867
新北市,三峽區,龍埔里,1938,1590,567,286,853,28,881
新北市,三峽區,龍埔里,1939,1650,670,252,922,28,950
新北市,三峽區,龍恩里,1940,1441,526,257,783,16,799
新北市,三峽區,龍恩里,1941,1404,558,236,794,23,817
新北市,三峽區,龍恩里,1942,1295,499,246,745,21,766
新北市,三峽區,龍恩里,1943,1348,456,189,645,28,673
新北市,三峽區,龍學里,1944,1579,590,276,866,8,874
新北市,三峽區,龍學里,1945,1435,523,226,749,23,772
新北市,三峽區,龍學里,1946,1659,664,280,944,26,970
新北市,三峽區,龍學里,1947,1512,596,301,897,21,918
新北市,三峽區,龍學里,1948,1463,586,244,830,23,853
新北市,三峽區,龍學里,1949,1465,577,263,840,21,861
新北市,三峽區,龍學里,1950,1463,587,251,838,20,858
新北市,三峽區,龍學里,1951,1443,607,200,807,28,835
新北市,三峽區,礁溪里,1952,1634,568,226,794,39,833
新北市,三峽區,礁溪里,1953,1716,654,248,902,28,930
新北市,三峽區,礁溪里,1954,1675,614,234,848,24,872
新北市,三峽區,安溪里,1955,1649,513,207,720,31,751
新北市,三峽區,安溪里,1956,1489,548,204,752,35,787
新北市,三峽區,安溪里,1957,1771,572,273,845,24,869
新北市,三峽區,安溪里,1958,1726,602,323,925,21,946
新北市,三峽區,介壽里,1959,1363,512,90,602,33,635
新北市,三峽區,介壽里,1960,1624,624,250,874,21,895
新北市,三峽區,介壽里,1961,1352,513,232,745,20,765
新北市,三峽區,介壽里,1962,1608,459,205,664,17,681
新北市,三峽區,中正里,1963,1458,538,217,755,29,784
新北市,三峽區,中正里,1964,1641,539,236,775,29,804
新北市,三峽區,中正里,1965,1530,531,210,741,73,814
新北市,三峽區,大埔里,1966,1389,466,139,605,35,640
新北市,三峽區,大埔里,1967,1315,452,179,631,38,669
新北市,三峽區,大埔里,1968,934,431,107,538,32,570
新北市,三峽區,嘉添里,1969,1270,444,164,608,32,640
新北市,三峽區,嘉添里,1970,929,322,97,419,41,460
新北市,三峽區,添福里,1971,1035,394,136,530,15,545
新北市,三峽區,金圳里,1972,502,178,54,232,21,253
新北市,三峽區,五寮里,1973,836,307,78,385,30,415
新北市,三峽區,插角里,1974,669,222,61,283,46,329
新北市,三峽區,有木里,1975,733,284,90,374,63,437
新北市,三峽區,二鬮里,1976,1560,662,224,886,50,936
新北市,三峽區,二鬮里,1977,1638,597,215,812,37,849
新北市,三峽區,溪南里,1978,1394,549,149,698,26,724
新北市,三峽區,溪北里,1979,771,303,120,423,23,446
新北市,三峽區,溪北里,1980,1367,497,179,676,32,708
新北市,三峽區,溪東里,1981,1241,452,147,599,48,647
新北市,三峽區,溪東里,1982,1520,538,188,726,23,749
新北市,三峽區,成福里,1983,873,400,128,528,30,558
新北市,三峽區,竹崙里,1984,768,258,72,330,43,373
新北市,三峽區,竹崙里,1985,1097,387,120,507,26,533
新北市,三峽區,安坑里,1986,1322,419,125,544,49,593
新北市,新店區,新店里,1987,1603,620,257,877,26,903
新北市,新店區,張南里,1988,1921,442,599,1041,40,1081
新北市,新店區,國校里,1989,1082,412,173,585,13,598
新北市,新店區,國校里,1990,1235,478,216,694,29,723
新北市,新店區,文中里,1991,1568,667,232,899,22,921
新北市,新店區,廣明里,1992,771,305,152,457,15,472
新北市,新店區,文明里,1993,1256,471,228,699,20,719
新北市,新店區,文明里,1994,1008,405,163,568,36,604
新北市,新店區,中興里,1995,1515,609,250,859,23,882
新北市,新店區,中興里,1996,1637,714,278,992,32,1024
新北市,新店區,中興里,1997,1549,587,292,879,25,904
新北市,新店區,新生里,1998,2011,853,373,1226,39,1265
新北市,新店區,新生里,1999,1554,622,239,861,49,910
新北市,新店區,新生里,2000,1770,646,308,954,39,993
新北市,新店區,新德里,2001,1316,514,231,745,38,783
新北市,新店區,新德里,2002,1126,459,155,614,33,647
新北市,新店區,張北里,2003,1460,560,211,771,35,806
新北市,新店區,張北里,2004,1584,632,271,903,47,950
新北市,新店區,張北里,2005,1449,565,245,810,26,836
新北市,新店區,張北里,2006,1520,669,271,940,22,962
新北市,新店區,張北里,2007,1821,717,330,1047,24,1071
新北市,新店區,五?里,2008,1956,712,378,1090,26,1116
新北市,新店區,五?里,2009,1665,663,286,949,33,982
新北市,新店區,五?里,2010,1588,633,313,946,24,970
新北市,新店區,五?里,2011,1519,568,270,838,22,860
新北市,新店區,長春里,2012,1185,461,266,727,29,756
新北市,新店區,長春里,2013,1095,429,259,688,16,704
新北市,新店區,新安里,2014,1106,490,175,665,34,699
新北市,新店區,新安里,2015,2700,246,138,384,15,399
新北市,新店區,新安里,2016,995,435,157,592,16,608
新北市,新店區,新安里,2017,1168,488,181,669,24,693
新北市,新店區,忠誠里,2018,1123,522,202,724,39,763
新北市,新店區,忠誠里,2019,1085,461,218,679,30,709
新北市,新店區,中正里,2020,1412,601,253,854,34,888
新北市,新店區,中正里,2021,1659,693,249,942,32,974
新北市,新店區,中正里,2022,1198,514,213,727,37,764
新北市,新店區,中正里,2023,1376,535,187,722,29,751
新北市,新店區,中華里,2024,1300,511,193,704,26,730
新北市,新店區,中華里,2025,1238,512,193,705,25,730
新北市,新店區,中華里,2026,1388,531,215,746,20,766
新北市,新店區,仁愛里,2027,933,379,181,560,27,587
新北市,新店區,仁愛里,2028,908,408,156,564,19,583
新北市,新店區,建國里,2029,1582,640,234,874,40,914
新北市,新店區,建國里,2030,1247,537,217,754,26,780
新北市,新店區,百忍里,2031,971,402,176,578,27,605
新北市,新店區,百忍里,2032,1145,488,198,686,25,711
新北市,新店區,百忍里,2033,1392,566,242,808,30,838
新北市,新店區,百和里,2034,1452,641,234,875,43,918
新北市,新店區,百和里,2035,1440,561,240,801,36,837
新北市,新店區,福德里,2036,1786,690,287,977,48,1025
新北市,新店區,福德里,2037,1825,714,297,1011,39,1050
新北市,新店區,百福里,2038,1477,636,257,893,19,912
新北市,新店區,百福里,2039,1750,677,326,1003,31,1034
新北市,新店區,福民里,2040,1792,720,273,993,28,1021
新北市,新店區,福民里,2041,1979,779,307,1086,37,1123
新北市,新店區,中山里,2042,826,337,149,486,20,506
新北市,新店區,中山里,2043,1924,787,324,1111,34,1145
新北市,新店區,中山里,2044,1383,586,265,851,20,871
新北市,新店區,和平里,2045,830,302,103,405,26,431
新北市,新店區,中央里,2046,1759,718,313,1031,26,1057
新北市,新店區,中央里,2047,1957,800,347,1147,40,1187
新北市,新店區,中央里,2048,1481,599,293,892,15,907
新北市,新店區,國豐里,2049,1552,600,278,878,43,921
新北市,新店區,國豐里,2050,1467,566,242,808,43,851
新北市,新店區,明德里,2051,1371,543,223,766,40,806
新北市,新店區,明德里,2052,991,418,168,586,16,602
新北市,新店區,明德里,2053,1231,491,234,725,26,751
新北市,新店區,大豐里,2054,1701,678,294,972,27,999
新北市,新店區,大豐里,2055,1707,763,307,1070,41,1111
新北市,新店區,大同里,2056,1773,675,307,982,31,1013
新北市,新店區,大同里,2057,1866,658,306,964,32,996
新北市,新店區,江陵里,2058,1735,677,326,1003,29,1032
新北市,新店區,江陵里,2059,1632,679,342,1021,34,1055
新北市,新店區,江陵里,2060,1591,622,289,911,43,954
新北市,新店區,復興里,2061,1495,559,215,774,46,820
新北市,新店區,復興里,2062,1511,579,201,780,24,804
新北市,新店區,寶興里,2063,1260,502,206,708,31,739
新北市,新店區,寶興里,2064,1948,766,349,1115,42,1157
新北市,新店區,寶興里,2065,1582,465,477,942,43,985
新北市,新店區,寶福里,2066,1315,523,206,729,26,755
新北市,新店區,寶福里,2067,1562,569,273,842,36,878
新北市,新店區,寶福里,2068,1982,798,365,1163,23,1186
新北市,新店區,寶福里,2069,1518,605,271,876,33,909
新北市,新店區,寶安里,2070,1735,680,299,979,20,999
新北市,新店區,寶安里,2071,1716,664,270,934,34,968
新北市,新店區,寶安里,2072,1580,622,278,900,36,936
新北市,新店區,信義里,2073,1358,544,271,815,35,850
新北市,新店區,信義里,2074,1610,669,284,953,49,1002
新北市,新店區,信義里,2075,1383,552,224,776,16,792
新北市,新店區,信義里,2076,1596,644,267,911,30,941
新北市,新店區,忠孝里,2077,1360,513,175,688,35,723
新北市,新店區,忠孝里,2078,1160,456,148,604,14,618
新北市,新店區,大鵬里,2079,1236,600,197,797,23,820
新北市,新店區,大鵬里,2080,1234,548,229,777,23,800
新北市,新店區,太平里,2081,1579,617,265,882,33,915
新北市,新店區,太平里,2082,1241,492,178,670,40,710
新北市,新店區,美城里,2083,1275,516,195,711,18,729
新北市,新店區,美城里,2084,1214,428,185,613,34,647
新北市,新店區,頂城里,2085,1578,557,187,744,46,790
新北市,新店區,下城里,2086,1442,493,277,770,31,801
新北市,新店區,下城里,2087,1475,535,183,718,55,773
新北市,新店區,柴埕里,2088,1580,614,279,893,39,932
新北市,新店區,柴埕里,2089,1585,618,248,866,21,887
新北市,新店區,柴埕里,2090,1586,587,267,854,52,906
新北市,新店區,柴埕里,2091,1931,728,302,1030,44,1074
新北市,新店區,柴埕里,2092,1239,469,195,664,22,686
新北市,新店區,安和里,2093,1892,734,282,1016,35,1051
新北市,新店區,安和里,2094,1529,480,303,783,34,817
新北市,新店區,安和里,2095,1358,567,203,770,23,793
新北市,新店區,安和里,2096,1905,665,302,967,26,993
新北市,新店區,永安里,2097,1885,698,279,977,41,1018
新北市,新店區,永安里,2098,1345,528,168,696,43,739
新北市,新店區,永安里,2099,1387,560,209,769,37,806
新北市,新店區,新和里,2100,1960,726,325,1051,29,1080
新北市,新店區,新和里,2101,1837,696,280,976,54,1030
新北市,新店區,永平里,2102,1662,628,290,918,33,951
新北市,新店區,永平里,2103,1617,661,286,947,48,995
新北市,新店區,永平里,2104,1704,671,285,956,34,990
新北市,新店區,公崙里,2105,1835,687,262,949,43,992
新北市,新店區,公崙里,2106,2009,734,319,1053,36,1089
新北市,新店區,公崙里,2107,1450,566,207,773,39,812
新北市,新店區,公崙里,2108,1726,668,262,930,30,960
新北市,新店區,公崙里,2109,1797,650,283,933,42,975
新北市,新店區,公崙里,2110,1739,652,280,932,35,967
新北市,新店區,安昌里,2111,1523,601,232,833,27,860
新北市,新店區,安昌里,2112,1642,622,272,894,14,908
新北市,新店區,安昌里,2113,1644,618,306,924,12,936
新北市,新店區,德安里,2114,1662,598,240,838,30,868
新北市,新店區,德安里,2115,2067,792,360,1152,32,1184
新北市,新店區,德安里,2116,1870,595,263,858,29,887
新北市,新店區,達觀里,2117,1982,725,317,1042,37,1079
新北市,新店區,達觀里,2118,1546,803,53,856,26,882
新北市,新店區,明城里,2119,1712,706,293,999,39,1038
新北市,新店區,明城里,2120,1423,593,256,849,34,883
新北市,新店區,小城里,2121,1666,719,262,981,38,1019
新北市,新店區,小城里,2122,1769,733,332,1065,42,1107
新北市,新店區,雙城里,2123,1079,377,139,516,30,546
新北市,新店區,雙城里,2124,1140,467,154,621,19,640
新北市,新店區,雙城里,2125,1825,676,278,954,52,1006
新北市,新店區,雙城里,2126,1178,482,204,686,29,715
新北市,新店區,香坡里,2127,1463,524,246,770,31,801
新北市,新店區,香坡里,2128,1152,442,192,634,26,660
新北市,新店區,香坡里,2129,2008,653,272,925,22,947
新北市,新店區,香坡里,2130,2120,668,282,950,23,973
新北市,新店區,香坡里,2131,1153,466,216,682,17,699
新北市,新店區,香坡里,2132,1573,564,247,811,19,830
新北市,新店區,日興里,2133,1992,704,225,929,47,976
新北市,新店區,日興里,2134,1668,573,225,798,26,824
新北市,新店區,日興里,2135,1617,572,195,767,32,799
新北市,新店區,玫瑰里,2136,2013,728,294,1022,55,1077
新北市,新店區,玫瑰里,2137,1791,730,289,1019,32,1051
新北市,新店區,玫瑰里,2138,1624,654,251,905,24,929
新北市,新店區,吉祥里,2139,1178,497,198,695,23,718
新北市,新店區,吉祥里,2140,1277,521,217,738,17,755
新北市,新店區,吉祥里,2141,1879,708,335,1043,26,1069
新北市,新店區,塗潭里,2142,939,360,93,453,25,478
新北市,新店區,華城里,2143,960,340,188,528,20,548
新北市,新店區,華城里,2144,1434,558,296,854,31,885
新北市,新店區,青潭里,2145,1838,644,289,933,32,965
新北市,新店區,青潭里,2146,1453,538,244,782,35,817
新北市,新店區,青潭里,2147,1549,589,213,802,27,829
新北市,新店區,美潭里,2148,1860,754,313,1067,23,1090
新北市,新店區,美潭里,2149,1743,657,239,896,31,927
新北市,新店區,美潭里,2150,1122,494,212,706,33,739
新北市,新店區,員潭里,2151,1468,610,175,785,31,816
新北市,新店區,員潭里,2152,1763,671,279,950,27,977
新北市,新店區,員潭里,2153,1344,503,193,696,22,718
新北市,新店區,雙坑里,2154,753,315,73,388,22,410
新北市,新店區,粗坑里,2155,602,223,105,328,11,339
新北市,新店區,粗坑里,2156,2237,698,427,1125,51,1176
新北市,新店區,屈尺里,2157,1096,446,151,597,19,616
新北市,新店區,屈尺里,2158,1143,371,141,512,26,538
新北市,新店區,龜山里,2159,1569,507,281,788,43,831
新北市,新店區,廣興里,2160,1284,513,148,661,55,716
新北市,新店區,直潭里,2161,439,107,50,157,6,163
新北市,新店區,直潭里,2162,750,275,135,410,26,436
新北市,深坑區,萬順里,2163,1142,406,178,584,22,606
新北市,深坑區,萬順里,2164,1139,457,195,652,25,677
新北市,深坑區,萬福里,2165,1065,379,159,538,40,578
新北市,深坑區,萬福里,2166,1400,467,209,676,47,723
新北市,深坑區,土庫里,2167,1330,448,199,647,40,687
新北市,深坑區,土庫里,2168,1380,473,202,675,26,701
新北市,深坑區,深坑里,2169,1496,469,231,700,20,720
新北市,深坑區,深坑里,2170,1508,573,242,815,47,862
新北市,深坑區,埔新里,2171,1624,634,270,904,31,935
新北市,深坑區,埔新里,2172,2165,796,344,1140,32,1172
新北市,深坑區,埔新里,2173,1790,715,319,1034,31,1065
新北市,深坑區,昇高里,2174,782,290,100,390,18,408
新北市,深坑區,昇高里,2175,1164,464,205,669,14,683
新北市,深坑區,賴仲里,2176,1344,517,238,755,49,804
新北市,深坑區,賴仲里,2177,739,306,123,429,25,454
新北市,深坑區,阿柔里,2178,556,234,86,320,22,342
新北市,石碇區,石碇里,2179,391,165,66,231,14,245
新北市,石碇區,潭邊里,2180,789,276,96,372,32,404
新北市,石碇區,烏塗里,2181,662,202,48,250,27,277
新北市,石碇區,彭山里,2182,310,115,34,149,10,159
新北市,石碇區,豐田里,2183,280,106,32,138,11,149
新北市,石碇區,豐田里,2184,93,30,5,35,3,38
新北市,石碇區,隆盛里,2185,683,216,69,285,26,311
新北市,石碇區,豐林里,2186,323,138,62,200,9,209
新北市,石碇區,中民里,2187,726,218,64,282,9,291
新北市,石碇區,永定里,2188,591,225,72,297,18,315
新北市,石碇區,光明里,2189,282,136,43,179,14,193
新北市,石碇區,永安里,2190,788,283,91,374,10,384
新北市,石碇區,格頭里,2191,943,391,137,528,29,557
新北市,坪林區,坪林里,2192,1248,484,147,631,39,670
新北市,坪林區,水德里,2193,612,199,63,262,30,292
新北市,坪林區,大林里,2194,1141,461,124,585,63,648
新北市,坪林區,石??里,2195,417,127,50,177,10,187
新北市,坪林區,粗窟里,2196,595,241,66,307,27,334
新北市,坪林區,粗窟里,2197,248,116,21,137,19,156
新北市,坪林區,上德里,2198,338,118,42,160,7,167
新北市,坪林區,上德里,2199,478,158,44,202,14,216
新北市,坪林區,漁光里,2200,390,105,42,147,12,159
新北市,坪林區,漁光里,2201,424,158,39,197,12,209
新北市,烏來區,忠治里,2202,1568,695,225,920,34,954
新北市,烏來區,烏來里,2203,1198,421,172,593,11,604
新北市,烏來區,烏來里,2204,1169,451,131,582,24,606
新北市,烏來區,孝義里,2205,228,94,30,124,2,126
新北市,烏來區,信賢里,2206,486,220,42,262,16,278
新北市,烏來區,福山里,2207,615,237,72,309,13,322
新北市,平溪區,薯榔里,2208,384,147,40,187,8,195
新北市,平溪區,菁桐里,2209,232,78,23,101,3,104
新北市,平溪區,白石里,2210,249,103,29,132,10,142
新北市,平溪區,石底里,2211,458,185,53,238,18,256
新北市,平溪區,平溪里,2212,232,98,17,115,13,128
新北市,平溪區,嶺腳里,2213,635,196,61,257,10,267
新北市,平溪區,東勢里,2214,427,184,35,219,32,251
新北市,平溪區,十分里,2215,862,287,69,356,27,383
新北市,平溪區,望古里,2216,147,53,19,72,2,74
新北市,平溪區,南山里,2217,365,116,12,128,16,144
新北市,平溪區,新寮里,2218,153,49,13,62,8,70
新北市,平溪區,平湖里,2219,177,86,14,100,9,109
新北市,瑞芳區,龍潭里,2220,725,309,90,399,23,422
新北市,瑞芳區,龍興里,2221,1074,411,166,577,32,609
新北市,瑞芳區,龍興里,2222,825,312,103,415,17,432
新北市,瑞芳區,龍鎮里,2223,1242,436,201,637,40,677
新北市,瑞芳區,龍安里,2224,598,232,80,312,16,328
新北市,瑞芳區,龍川里,2225,872,329,116,445,23,468
新北市,瑞芳區,龍川里,2226,760,257,92,349,21,370
新北市,瑞芳區,龍山里,2227,1330,428,171,599,29,628
新北市,瑞芳區,爪?里,2228,1683,535,217,752,40,792
新北市,瑞芳區,爪?里,2229,980,355,127,482,38,520
新北市,瑞芳區,爪?里,2230,946,338,132,470,33,503
新北市,瑞芳區,新峰里,2231,1375,497,144,641,26,667
新北市,瑞芳區,新峰里,2232,1671,587,211,798,28,826
新北市,瑞芳區,東和里,2233,978,316,97,413,28,441
新北市,瑞芳區,東和里,2234,645,228,67,295,20,315
新北市,瑞芳區,柑坪里,2235,1089,376,144,520,40,560
新北市,瑞芳區,弓橋里,2236,286,80,34,114,9,123
新北市,瑞芳區,猴硐里,2237,461,169,52,221,18,239
新北市,瑞芳區,光復里,2238,274,92,24,116,21,137
新北市,瑞芳區,碩仁里,2239,155,66,24,90,6,96
新北市,瑞芳區,吉慶里,2240,817,308,118,426,24,450
新北市,瑞芳區,吉慶里,2241,884,311,130,441,24,465
新北市,瑞芳區,吉安里,2242,1333,417,159,576,39,615
新北市,瑞芳區,吉安里,2243,607,180,77,257,7,264
新北市,瑞芳區,吉安里,2244,1045,385,144,529,25,554
新北市,瑞芳區,上天里,2245,673,245,92,337,31,368
新北市,瑞芳區,上天里,2246,618,186,60,246,10,256
新北市,瑞芳區,傑魚里,2247,1063,345,134,479,20,499
新北市,瑞芳區,傑魚里,2248,860,314,122,436,33,469
新北市,瑞芳區,基山里,2249,432,99,42,141,3,144
新北市,瑞芳區,永慶里,2250,445,143,25,168,11,179
新北市,瑞芳區,崇文里,2251,318,107,24,131,9,140
新北市,瑞芳區,福住里,2252,159,60,12,72,5,77
新北市,瑞芳區,頌德里,2253,337,105,30,135,13,148
新北市,瑞芳區,瓜山里,2254,180,65,24,89,10,99
新北市,瑞芳區,銅山里,2255,187,61,12,73,8,81
新北市,瑞芳區,新山里,2256,369,135,37,172,18,190
新北市,瑞芳區,石山里,2257,335,121,45,166,21,187
新北市,瑞芳區,?洞里,2258,470,141,53,194,13,207
新北市,瑞芳區,?新里,2259,297,88,21,109,6,115
新北市,瑞芳區,南雅里,2260,267,142,32,174,4,178
新北市,瑞芳區,鼻頭里,2261,876,215,38,253,11,264
新北市,瑞芳區,海濱里,2262,1241,359,100,459,20,479
新北市,瑞芳區,瑞濱里,2263,998,371,122,493,35,528
新北市,瑞芳區,瑞濱里,2264,948,370,94,464,39,503
新北市,瑞芳區,深澳里,2265,1308,398,98,496,25,521
新北市,雙溪區,雙溪里,2266,455,159,43,202,15,217
新北市,雙溪區,新基里,2267,286,113,24,137,12,149
新北市,雙溪區,新基里,2268,496,208,54,262,15,277
新北市,雙溪區,三港里,2269,383,132,26,158,9,167
新北市,雙溪區,牡丹里,2270,887,286,75,361,24,385
新北市,雙溪區,牡丹里,2271,652,197,55,252,28,280
新北市,雙溪區,三貂里,2272,333,125,32,157,11,168
新北市,雙溪區,平林里,2273,642,234,66,300,21,321
新北市,雙溪區,平林里,2274,282,79,47,126,11,137
新北市,雙溪區,上林里,2275,621,181,63,244,28,272
新北市,雙溪區,外柑里,2276,422,124,41,165,9,174
新北市,雙溪區,長源里,2277,369,99,23,122,13,135
新北市,雙溪區,共和里,2278,120,43,19,62,4,66
新北市,雙溪區,共和里,2279,271,94,30,124,12,136
新北市,雙溪區,魚行里,2280,362,150,51,201,12,213
新北市,雙溪區,魚行里,2281,371,131,36,167,26,193
新北市,雙溪區,泰平里,2282,1047,467,113,580,31,611
新北市,貢寮區,貢寮里,2283,876,315,87,402,37,439
新北市,貢寮區,龍崗里,2284,433,149,58,207,14,221
新北市,貢寮區,吉林里,2285,516,164,45,209,16,225
新北市,貢寮區,雙玉里,2286,373,100,27,127,26,153
新北市,貢寮區,雙玉里,2287,313,106,32,138,13,151
新北市,貢寮區,福連里,2288,485,186,44,230,14,244
新北市,貢寮區,福連里,2289,415,137,47,184,27,211
新北市,貢寮區,福隆里,2290,812,266,75,341,17,358
新北市,貢寮區,福隆里,2291,861,292,108,400,17,417
新北市,貢寮區,龍門里,2292,676,170,69,239,35,274
新北市,貢寮區,真理里,2293,1091,295,114,409,20,429
新北市,貢寮區,真理里,2294,955,263,87,350,39,389
新北市,貢寮區,仁里里,2295,769,233,79,312,12,324
新北市,貢寮區,仁里里,2296,962,312,126,438,35,473
新北市,貢寮區,美豐里,2297,390,148,34,182,8,190
新北市,貢寮區,美豐里,2298,349,127,28,155,8,163
新北市,貢寮區,和美里,2299,508,155,46,201,13,214
新北市,貢寮區,和美里,2300,495,115,42,157,13,170
新北市,金山區,和平里,2301,481,184,55,239,23,262
新北市,金山區,大同里,2302,715,253,94,347,33,380
新北市,金山區,豐漁里,2303,481,163,30,193,21,214
新北市,金山區,磺港里,2304,1792,633,168,801,41,842
新北市,金山區,美田里,2305,1781,644,221,865,48,913
新北市,金山區,美田里,2306,2010,742,283,1025,47,1072
新北市,金山區,金美里,2307,1572,521,199,720,51,771
新北市,金山區,金美里,2308,1777,612,246,858,51,909
新北市,金山區,金美里,2309,1631,534,198,732,49,781
新北市,金山區,五湖里,2310,828,309,104,413,25,438
新北市,金山區,五湖里,2311,888,326,122,448,20,468
新北市,金山區,重和里,2312,1211,413,159,572,41,613
新北市,金山區,兩湖里,2313,416,179,45,224,16,240
新北市,金山區,六股里,2314,682,281,90,371,29,400
新北市,金山區,三界里,2315,644,239,68,307,43,350
新北市,金山區,清泉里,2316,830,311,73,384,27,411
新北市,金山區,西湖里,2317,188,72,20,92,9,101
新北市,金山區,萬壽里,2318,469,186,52,238,24,262
新北市,金山區,永興里,2319,582,153,40,193,28,221
新北市,萬里區,萬里里,2320,1286,502,164,666,33,699
新北市,萬里區,萬里里,2321,1576,602,221,823,39,862
新北市,萬里區,萬里里,2322,1447,520,161,681,23,704
新北市,萬里區,北基里,2323,1466,492,126,618,52,670
新北市,萬里區,北基里,2324,1369,443,120,563,26,589
新北市,萬里區,龜吼里,2325,1215,329,106,435,42,477
新北市,萬里區,龜吼里,2326,1317,515,147,662,30,692
新北市,萬里區,野柳里,2327,1676,572,153,725,33,758
新北市,萬里區,野柳里,2328,1550,518,159,677,64,741
新北市,萬里區,大鵬里,2329,945,413,131,544,37,581
新北市,萬里區,大鵬里,2330,1760,589,314,903,59,962
新北市,萬里區,磺潭里,2331,570,225,47,272,18,290
新北市,萬里區,雙興里,2332,952,342,103,445,33,478
新北市,萬里區,溪底里,2333,674,293,63,356,41,397
新北市,萬里區,崁?里,2334,405,140,55,195,17,212
新北市,萬里區,中幅里,2335,1089,400,109,509,42,551
新北市,汐止區,仁德里,2336,1595,583,236,819,51,870
新北市,汐止區,義民里,2337,1262,471,204,675,34,709
新北市,汐止區,禮門里,2338,917,336,153,489,52,541
新北市,汐止區,智慧里,2339,1929,686,355,1041,33,1074
新北市,汐止區,智慧里,2340,2227,743,408,1151,35,1186
新北市,汐止區,大同里,2341,1143,406,191,597,50,647
新北市,汐止區,大同里,2342,1367,496,230,726,19,745
新北市,汐止區,信望里,2343,322,105,55,160,17,177
新北市,汐止區,新昌里,2344,1460,530,268,798,4,802
新北市,汐止區,新昌里,2345,1719,558,291,849,39,888
新北市,汐止區,新昌里,2346,1661,607,242,849,42,891
新北市,汐止區,福安里,2347,1590,563,296,859,43,902
新北市,汐止區,福安里,2348,1599,582,267,849,33,882
新北市,汐止區,福安里,2349,1749,650,294,944,27,971
新北市,汐止區,秀峰里,2350,1809,208,126,334,22,356
新北市,汐止區,秀峰里,2351,1601,505,251,756,25,781
新北市,汐止區,秀峰里,2352,1387,488,200,688,51,739
新北市,汐止區,秀山里,2353,1779,615,413,1028,55,1083
新北市,汐止區,秀山里,2354,2074,776,341,1117,44,1161
新北市,汐止區,復興里,2355,2072,730,349,1079,38,1117
新北市,汐止區,復興里,2356,2120,784,403,1187,52,1239
新北市,汐止區,復興里,2357,1952,687,357,1044,37,1081
新北市,汐止區,自強里,2358,1654,576,259,835,46,881
新北市,汐止區,自強里,2359,1444,529,206,735,32,767
新北市,汐止區,自強里,2360,1627,608,325,933,32,965
新北市,汐止區,文化里,2361,1751,603,256,859,47,906
新北市,汐止區,文化里,2362,2066,683,366,1049,35,1084
新北市,汐止區,白雲里,2363,1941,577,261,838,36,874
新北市,汐止區,白雲里,2364,1906,567,322,889,30,919
新北市,汐止區,茄苳里,2365,1363,493,183,676,42,718
新北市,汐止區,茄苳里,2366,1368,473,204,677,28,705
新北市,汐止區,茄苳里,2367,1233,413,172,585,33,618
新北市,汐止區,崇德里,2368,1554,554,249,803,23,826
新北市,汐止區,崇德里,2369,1700,579,278,857,26,883
新北市,汐止區,崇德里,2370,1124,394,225,619,13,632
新北市,汐止區,城中里,2371,1900,712,332,1044,44,1088
新北市,汐止區,城中里,2372,2050,708,339,1047,53,1100
新北市,汐止區,橋東里,2373,1244,416,213,629,38,667
新北市,汐止區,橋東里,2374,1320,462,190,652,21,673
新北市,汐止區,建成里,2375,1473,522,274,796,39,835
新北市,汐止區,建成里,2376,1802,661,285,946,45,991
新北市,汐止區,建成里,2377,1266,512,200,712,27,739
新北市,汐止區,長安里,2378,1481,503,198,701,49,750
新北市,汐止區,保安里,2379,1497,478,251,729,50,779
新北市,汐止區,東山里,2380,556,224,77,301,18,319
新北市,汐止區,保長里,2381,1913,628,293,921,41,962
新北市,汐止區,保長里,2382,2027,678,311,989,30,1019
新北市,汐止區,保新里,2383,1927,602,302,904,39,943
新北市,汐止區,保新里,2384,696,271,89,360,28,388
新北市,汐止區,鄉長里,2385,2127,678,331,1009,44,1053
新北市,汐止區,江北里,2386,1642,505,259,764,43,807
新北市,汐止區,江北里,2387,1912,661,286,947,52,999
新北市,汐止區,江北里,2388,1893,587,272,859,25,884
新北市,汐止區,拱北里,2389,1466,466,201,667,52,719
新北市,汐止區,拱北里,2390,1538,546,220,766,28,794
新北市,汐止區,拱北里,2391,1550,500,240,740,45,785
新北市,汐止區,烘內里,2392,1456,523,187,710,42,752
新北市,汐止區,八連里,2393,947,417,125,542,34,576
新北市,汐止區,長青里,2394,923,326,180,506,19,525
新北市,汐止區,北峰里,2395,2043,711,273,984,47,1031
新北市,汐止區,北峰里,2396,2012,636,271,907,58,965
新北市,汐止區,金龍里,2397,1471,491,184,675,25,700
新北市,汐止區,金龍里,2398,1603,536,250,786,29,815
新北市,汐止區,金龍里,2399,1530,556,225,781,44,825
新北市,汐止區,樟樹里,2400,1988,626,234,860,25,885
新北市,汐止區,忠孝里,2401,2198,698,363,1061,33,1094
新北市,汐止區,忠孝里,2402,1712,597,239,836,38,874
新北市,汐止區,忠孝里,2403,1806,649,315,964,44,1008
新北市,汐止區,忠孝里,2404,1576,583,192,775,40,815
新北市,汐止區,厚德里,2405,1511,576,203,779,19,798
新北市,汐止區,厚德里,2406,1691,555,252,807,30,837
新北市,汐止區,厚德里,2407,1636,603,237,840,31,871
新北市,汐止區,厚德里,2408,1676,589,253,842,32,874
新北市,汐止區,山光里,2409,1264,466,181,647,18,665
新北市,汐止區,山光里,2410,1165,429,165,594,19,613
新北市,汐止區,中興里,2411,1765,608,252,860,33,893
新北市,汐止區,中興里,2412,1815,672,120,792,30,822
新北市,汐止區,中興里,2413,1778,573,271,844,48,892
新北市,汐止區,中興里,2414,1580,576,257,833,44,877
新北市,汐止區,福德里,2415,1516,526,244,770,38,808
新北市,汐止區,福德里,2416,1425,480,202,682,28,710
新北市,汐止區,興福里,2417,1388,507,226,733,32,765
新北市,汐止區,興福里,2418,1436,547,200,747,42,789
新北市,汐止區,康福里,2419,1591,513,293,806,34,840
新北市,汐止區,康福里,2420,1639,543,248,791,24,815
新北市,汐止區,康福里,2421,1394,446,242,688,21,709
新北市,汐止區,湖光里,2422,2035,609,357,966,32,998
新北市,汐止區,湖光里,2423,1895,694,261,955,41,996
新北市,汐止區,湖光里,2424,1374,500,271,771,18,789
新北市,汐止區,湖蓮里,2425,1061,358,240,598,29,627
新北市,汐止區,湖蓮里,2426,1312,525,279,804,26,830
新北市,汐止區,湖興里,2427,1548,577,247,824,29,853
新北市,汐止區,湖興里,2428,1350,511,248,759,15,774
新北市,汐止區,湖興里,2429,1499,504,287,791,27,818
新北市,汐止區,湖興里,2430,1366,508,252,760,31,791
新北市,汐止區,北山里,2431,1335,501,227,728,37,765
新北市,汐止區,北山里,2432,1324,543,234,777,35,812
新北市,汐止區,北山里,2433,1286,519,228,747,39,786
新北市,汐止區,北山里,2434,1155,393,209,602,35,637
新北市,汐止區,忠山里,2435,1682,696,321,1017,30,1047
新北市,汐止區,忠山里,2436,1494,639,248,887,40,927
新北市,汐止區,環河里,2437,1166,473,190,663,43,706
新北市,汐止區,橫科里,2438,2184,780,360,1140,73,1213
新北市,汐止區,橫科里,2439,2031,760,298,1058,62,1120
新北市,汐止區,福山里,2440,1759,649,286,935,42,977
新北市,汐止區,福山里,2441,1577,566,307,873,32,905
新北市,汐止區,宜興里,2442,1364,506,216,722,25,747
新北市,汐止區,宜興里,2443,1401,553,223,776,46,822
新北市,汐止區,東勢里,2444,1173,453,221,674,26,700
新北市,汐止區,東勢里,2445,993,378,190,568,4,572
新北市,汐止區,東勢里,2446,1587,553,263,816,29,845
臺中市,大甲區,朝陽里,1,1356,580,200,780,39,819
臺中市,大甲區,大甲里,2,1059,461,181,642,25,667
臺中市,大甲區,順天里,3,694,315,119,434,14,448
臺中市,大甲區,順天里,4,874,388,128,516,19,535
臺中市,大甲區,孔門里,5,763,310,100,410,20,430
臺中市,大甲區,平安里,6,856,398,130,528,24,552
臺中市,大甲區,平安里,7,1249,333,381,714,33,747
臺中市,大甲區,庄美里,8,922,390,126,516,18,534
臺中市,大甲區,庄美里,9,1189,504,184,688,27,715
臺中市,大甲區,新美里,10,1065,482,151,633,50,683
臺中市,大甲區,新美里,11,1252,589,172,761,44,805
臺中市,大甲區,新美里,12,1057,440,144,584,48,632
臺中市,大甲區,岷山里,13,1031,467,131,598,29,627
臺中市,大甲區,岷山里,14,1060,476,167,643,29,672
臺中市,大甲區,中山里,15,1311,548,186,734,34,768
臺中市,大甲區,中山里,16,1424,612,170,782,38,820
臺中市,大甲區,中山里,17,1670,704,235,939,51,990
臺中市,大甲區,南陽里,18,812,345,112,457,28,485
臺中市,大甲區,薰風里,19,863,434,104,538,26,564
臺中市,大甲區,義和里,20,1598,690,223,913,37,950
臺中市,大甲區,義和里,21,1588,680,204,884,26,910
臺中市,大甲區,武陵里,22,1197,504,150,654,48,702
臺中市,大甲區,文曲里,23,1106,433,130,563,55,618
臺中市,大甲區,武曲里,24,903,413,123,536,36,572
臺中市,大甲區,武曲里,25,869,398,109,507,30,537
臺中市,大甲區,文武里,26,1350,582,218,800,29,829
臺中市,大甲區,文武里,27,1144,500,150,650,39,689
臺中市,大甲區,文武里,28,1208,566,155,721,25,746
臺中市,大甲區,文武里,29,1567,581,265,846,47,893
臺中市,大甲區,奉化里,30,1246,542,224,766,42,808
臺中市,大甲區,奉化里,31,767,350,104,454,20,474
臺中市,大甲區,德化里,32,790,363,101,464,24,488
臺中市,大甲區,德化里,33,972,445,142,587,28,615
臺中市,大甲區,江南里,34,1388,580,174,754,16,770
臺中市,大甲區,頂店里,35,1331,518,175,693,28,721
臺中市,大甲區,頂店里,36,1167,533,167,700,26,726
臺中市,大甲區,頂店里,37,1934,735,372,1107,33,1140
臺中市,大甲區,太白里,38,1263,472,148,620,41,661
臺中市,大甲區,孟春里,39,1390,572,194,766,36,802
臺中市,大甲區,孟春里,40,1186,456,123,579,27,606
臺中市,大甲區,孟春里,41,1397,591,181,772,31,803
臺中市,大甲區,幸福里,42,1173,421,124,545,16,561
臺中市,大甲區,幸福里,43,1398,547,187,734,39,773
臺中市,大甲區,日南里,44,1228,431,182,613,28,641
臺中市,大甲區,日南里,45,1258,501,157,658,24,682
臺中市,大甲區,日南里,46,1435,603,170,773,32,805
臺中市,大甲區,日南里,47,1532,591,218,809,37,846
臺中市,大甲區,龍泉里,48,652,265,89,354,26,380
臺中市,大甲區,龍泉里,49,870,315,103,418,27,445
臺中市,大甲區,西岐里,50,891,346,107,453,28,481
臺中市,大甲區,西岐里,51,784,351,86,437,31,468
臺中市,大甲區,銅安里,52,1368,526,149,675,74,749
臺中市,大甲區,福德里,53,1126,415,140,555,45,600
臺中市,大甲區,建興里,54,1486,500,184,684,54,738
臺中市,大安區,南埔里,55,1068,419,103,522,48,570
臺中市,大安區,南庄里,56,1050,449,126,575,42,617
臺中市,大安區,中庄里,57,1246,540,173,713,58,771
臺中市,大安區,中庄里,58,1397,568,169,737,45,782
臺中市,大安區,東安里,59,1227,546,166,712,54,766
臺中市,大安區,福興里,60,1170,503,132,635,57,692
臺中市,大安區,龜?里,61,914,445,127,572,24,596
臺中市,大安區,龜?里,62,667,255,64,319,28,347
臺中市,大安區,頂安里,63,890,338,113,451,36,487
臺中市,大安區,永安里,64,1289,544,147,691,45,736
臺中市,大安區,永安里,65,455,172,56,228,15,243
臺中市,大安區,福住里,66,1028,466,107,573,25,598
臺中市,大安區,海墘里,67,1446,615,199,814,57,871
臺中市,大安區,西安里,68,688,333,87,420,28,448
臺中市,大安區,西安里,69,1062,470,141,611,39,650
臺中市,大安區,松雅里,70,923,432,148,580,25,605
臺中市,外埔區,永豐里,71,1059,436,128,564,37,601
臺中市,外埔區,六分里,72,1013,452,136,588,22,610
臺中市,外埔區,六分里,73,1150,528,156,684,35,719
臺中市,外埔區,大同里,74,1855,880,259,1139,42,1181
臺中市,外埔區,大同里,75,1327,598,163,761,40,801
臺中市,外埔區,大同里,76,1453,666,181,847,40,887
臺中市,外埔區,大東里,77,1653,693,187,880,50,930
臺中市,外埔區,大東里,78,1615,663,175,838,38,876
臺中市,外埔區,大東里,79,1470,614,178,792,29,821
臺中市,外埔區,大東里,80,1559,695,206,901,42,943
臺中市,外埔區,三崁里,81,1902,791,215,1006,65,1071
臺中市,外埔區,水美里,82,1138,531,168,699,35,734
臺中市,外埔區,水美里,83,1065,493,142,635,48,683
臺中市,外埔區,水美里,84,1243,559,193,752,29,781
臺中市,外埔區,鐵山里,85,962,364,133,497,33,530
臺中市,外埔區,鐵山里,86,1169,469,158,627,34,661
臺中市,外埔區,中山里,87,1216,602,161,763,31,794
臺中市,外埔區,馬鳴里,88,1391,593,155,748,47,795
臺中市,外埔區,土城里,89,1616,678,183,861,55,916
臺中市,外埔區,?子里,90,1203,423,141,564,35,599
臺中市,清水區,鰲峰里,91,1076,410,158,568,22,590
臺中市,清水區,靈泉里,92,953,419,172,591,34,625
臺中市,清水區,清水里,93,914,382,145,527,45,572
臺中市,清水區,清水里,94,1143,515,179,694,38,732
臺中市,清水區,文昌里,95,680,266,132,398,30,428
臺中市,清水區,南寧里,96,904,407,123,530,32,562
臺中市,清水區,南寧里,97,893,407,139,546,37,583
臺中市,清水區,西寧里,98,1577,669,218,887,32,919
臺中市,清水區,北寧里,99,690,302,85,387,30,417
臺中市,清水區,中興里,100,403,177,60,237,13,250
臺中市,清水區,西社里,101,1413,581,218,799,48,847
臺中市,清水區,西社里,102,777,326,105,431,29,460
臺中市,清水區,南社里,103,1313,570,195,765,35,800
臺中市,清水區,南社里,104,1439,617,222,839,53,892
臺中市,清水區,南社里,105,1265,493,176,669,29,698
臺中市,清水區,南社里,106,1277,568,198,766,40,806
臺中市,清水區,南社里,107,1276,556,184,740,40,780
臺中市,清水區,南社里,108,1376,604,236,840,27,867
臺中市,清水區,南社里,109,1291,593,210,803,23,826
臺中市,清水區,裕嘉里,110,1510,638,240,878,47,925
臺中市,清水區,臨江里,111,1524,638,217,855,54,909
臺中市,清水區,秀水里,112,1474,623,147,770,36,806
臺中市,清水區,秀水里,113,1507,618,206,824,41,865
臺中市,清水區,秀水里,114,1321,598,200,798,63,861
臺中市,清水區,武鹿里,115,1157,436,150,586,29,615
臺中市,清水區,武鹿里,116,1255,528,185,713,45,758
臺中市,清水區,武鹿里,117,881,364,119,483,25,508
臺中市,清水區,海濱里,118,1083,464,143,607,50,657
臺中市,清水區,海濱里,119,951,423,138,561,10,571
臺中市,清水區,?榔里,120,1424,558,188,746,46,792
臺中市,清水區,?榔里,121,1233,475,159,634,43,677
臺中市,清水區,?榔里,122,1288,431,167,598,35,633
臺中市,清水區,?榔里,123,1200,528,145,673,41,714
臺中市,清水區,中社里,124,1609,736,180,916,48,964
臺中市,清水區,中社里,125,1136,508,198,706,21,727
臺中市,清水區,高西里,126,1302,553,133,686,61,747
臺中市,清水區,高南里,127,1373,531,182,713,83,796
臺中市,清水區,高東里,128,1257,446,158,604,52,656
臺中市,清水區,高北里,129,1184,445,154,599,26,625
臺中市,清水區,高美里,130,1322,537,153,690,60,750
臺中市,清水區,國姓里,131,1193,452,145,597,41,638
臺中市,清水區,國姓里,132,927,403,120,523,27,550
臺中市,清水區,菁埔里,133,1073,446,165,611,58,669
臺中市,清水區,菁埔里,134,1163,502,177,679,50,729
臺中市,清水區,頂湳里,135,855,338,96,434,43,477
臺中市,清水區,頂湳里,136,902,352,105,457,46,503
臺中市,清水區,田寮里,137,1415,560,217,777,40,817
臺中市,清水區,田寮里,138,1066,429,127,556,31,587
臺中市,清水區,橋頭里,139,1391,551,167,718,63,781
臺中市,清水區,橋頭里,140,1449,567,169,736,29,765
臺中市,清水區,橋頭里,141,1377,612,186,798,38,836
臺中市,清水區,橋頭里,142,1423,621,202,823,33,856
臺中市,清水區,橋頭里,143,1624,669,237,906,36,942
臺中市,清水區,下湳里,144,1358,529,170,699,59,758
臺中市,清水區,下湳里,145,1464,619,183,802,57,859
臺中市,清水區,東山里,146,1211,519,169,688,64,752
臺中市,清水區,吳厝里,147,1456,592,175,767,31,798
臺中市,清水區,楊厝里,148,1162,546,129,675,52,727
臺中市,清水區,海風里,149,1368,675,161,836,143,979
臺中市,梧棲區,頂寮里,150,1541,604,229,833,36,869
臺中市,梧棲區,頂寮里,151,1581,581,222,803,83,886
臺中市,梧棲區,下寮里,152,1083,422,174,596,43,639
臺中市,梧棲區,下寮里,153,876,364,136,500,29,529
臺中市,梧棲區,中正里,154,1043,429,152,581,42,623
臺中市,梧棲區,中正里,155,1502,534,223,757,27,784
臺中市,梧棲區,中正里,156,1384,576,193,769,38,807
臺中市,梧棲區,中和里,157,517,244,83,327,23,350
臺中市,梧棲區,文化里,158,1169,525,166,691,61,752
臺中市,梧棲區,安仁里,159,863,360,136,496,28,524
臺中市,梧棲區,草湳里,160,1277,440,161,601,43,644
臺中市,梧棲區,草湳里,161,1742,669,241,910,38,948
臺中市,梧棲區,草湳里,162,1342,527,219,746,47,793
臺中市,梧棲區,草湳里,163,1767,724,246,970,53,1023
臺中市,梧棲區,南簡里,164,1542,528,212,740,50,790
臺中市,梧棲區,南簡里,165,1636,701,164,865,32,897
臺中市,梧棲區,南簡里,166,1796,669,241,910,48,958
臺中市,梧棲區,福德里,167,1450,566,191,757,47,804
臺中市,梧棲區,福德里,168,1548,578,192,770,85,855
臺中市,梧棲區,福德里,169,1366,561,216,777,30,807
臺中市,梧棲區,大庄里,170,955,440,158,598,24,622
臺中市,梧棲區,大庄里,171,1305,519,163,682,36,718
臺中市,梧棲區,大庄里,172,1239,505,194,699,36,735
臺中市,梧棲區,大庄里,173,1079,489,142,631,38,669
臺中市,梧棲區,大庄里,174,1220,500,157,657,33,690
臺中市,梧棲區,大庄里,175,1544,665,211,876,54,930
臺中市,梧棲區,大村里,176,1460,598,241,839,46,885
臺中市,梧棲區,大村里,177,1292,554,203,757,33,790
臺中市,梧棲區,大村里,178,1300,525,174,699,41,740
臺中市,梧棲區,大村里,179,1555,594,205,799,41,840
臺中市,梧棲區,興農里,180,1031,397,152,549,29,578
臺中市,梧棲區,興農里,181,1277,555,190,745,37,782
臺中市,梧棲區,永寧里,182,1037,389,157,546,36,582
臺中市,梧棲區,永寧里,183,1187,493,173,666,50,716
臺中市,梧棲區,永安里,184,1399,568,163,731,45,776
臺中市,梧棲區,永安里,185,1135,479,134,613,38,651
臺中市,沙鹿區,居仁里,186,1380,507,220,727,27,754
臺中市,沙鹿區,洛泉里,187,852,366,122,488,33,521
臺中市,沙鹿區,洛泉里,188,1176,535,167,702,28,730
臺中市,沙鹿區,沙鹿里,189,958,434,159,593,53,646
臺中市,沙鹿區,美仁里,190,488,233,81,314,22,336
臺中市,沙鹿區,興仁里,191,1177,459,200,659,35,694
臺中市,沙鹿區,興仁里,192,1285,516,191,707,35,742
臺中市,沙鹿區,興安里,193,1736,638,238,876,61,937
臺中市,沙鹿區,興安里,194,1628,695,267,962,39,1001
臺中市,沙鹿區,斗抵里,195,1469,568,198,766,33,799
臺中市,沙鹿區,斗抵里,196,1423,625,205,830,43,873
臺中市,沙鹿區,斗抵里,197,1444,636,181,817,46,863
臺中市,沙鹿區,鹿峰里,198,1469,604,205,809,57,866
臺中市,沙鹿區,鹿峰里,199,1902,746,311,1057,44,1101
臺中市,沙鹿區,鹿峰里,200,1675,682,266,948,43,991
臺中市,沙鹿區,鹿寮里,201,1098,466,141,607,29,636
臺中市,沙鹿區,鹿寮里,202,1539,633,251,884,59,943
臺中市,沙鹿區,鹿寮里,203,1329,504,282,786,27,813
臺中市,沙鹿區,鹿寮里,204,1255,501,186,687,31,718
臺中市,沙鹿區,鹿寮里,205,1507,598,262,860,49,909
臺中市,沙鹿區,竹林里,206,1463,590,218,808,63,871
臺中市,沙鹿區,竹林里,207,1279,500,155,655,56,711
臺中市,沙鹿區,竹林里,208,1024,408,118,526,26,552
臺中市,沙鹿區,竹林里,209,1388,540,159,699,60,759
臺中市,沙鹿區,竹林里,210,1074,451,181,632,19,651
臺中市,沙鹿區,竹林里,211,1072,459,171,630,25,655
臺中市,沙鹿區,犁分里,212,1107,507,128,635,53,688
臺中市,沙鹿區,福興里,213,1947,704,257,961,33,994
臺中市,沙鹿區,福興里,214,1682,671,200,871,40,911
臺中市,沙鹿區,北勢里,215,1633,674,237,911,45,956
臺中市,沙鹿區,北勢里,216,1533,692,195,887,29,916
臺中市,沙鹿區,北勢里,217,1605,577,201,778,21,799
臺中市,沙鹿區,晉江里,218,1694,660,118,778,29,807
臺中市,沙鹿區,六路里,219,1628,600,238,838,40,878
臺中市,沙鹿區,六路里,220,1665,687,278,965,21,986
臺中市,沙鹿區,六路里,221,1651,647,229,876,36,912
臺中市,沙鹿區,南勢里,222,1108,520,145,665,24,689
臺中市,沙鹿區,南勢里,223,1142,499,172,671,34,705
臺中市,沙鹿區,南勢里,224,1039,450,131,581,23,604
臺中市,沙鹿區,埔子里,225,1840,725,257,982,37,1019
臺中市,沙鹿區,埔子里,226,1872,733,269,1002,37,1039
臺中市,沙鹿區,埔子里,227,1558,574,216,790,47,837
臺中市,沙鹿區,三鹿里,228,1739,639,235,874,32,906
臺中市,沙鹿區,三鹿里,229,1672,590,224,814,29,843
臺中市,沙鹿區,三鹿里,230,1634,637,232,869,40,909
臺中市,沙鹿區,三鹿里,231,1616,575,220,795,34,829
臺中市,沙鹿區,公明里,232,1593,632,241,873,35,908
臺中市,沙鹿區,公明里,233,981,409,111,520,19,539
臺中市,沙鹿區,公明里,234,1740,763,235,998,51,1049
臺中市,沙鹿區,清泉里,235,1247,549,179,728,41,769
臺中市,沙鹿區,清泉里,236,1047,484,126,610,22,632
臺中市,沙鹿區,西勢里,237,1119,475,141,616,48,664
臺中市,沙鹿區,西勢里,238,1025,433,117,550,23,573
臺中市,龍井區,竹坑里,239,1758,738,262,1000,62,1062
臺中市,龍井區,竹坑里,240,1275,544,157,701,42,743
臺中市,龍井區,龍東里,241,1379,535,137,672,24,696
臺中市,龍井區,龍東里,242,1403,537,170,707,44,751
臺中市,龍井區,龍西里,243,974,410,129,539,33,572
臺中市,龍井區,龍西里,244,901,398,118,516,32,548
臺中市,龍井區,田中里,245,1779,674,244,918,71,989
臺中市,龍井區,田中里,246,1609,661,251,912,49,961
臺中市,龍井區,福田里,247,1038,405,122,527,22,549
臺中市,龍井區,麗水里,248,1328,569,195,764,52,816
臺中市,龍井區,麗水里,249,921,407,131,538,36,574
臺中市,龍井區,龍津里,250,1609,588,208,796,45,841
臺中市,龍井區,龍津里,251,1227,457,136,593,27,620
臺中市,龍井區,龍津里,252,1278,550,134,684,46,730
臺中市,龍井區,龍津里,253,914,312,105,417,20,437
臺中市,龍井區,三德里,254,1678,581,207,788,34,822
臺中市,龍井區,三德里,255,1233,456,152,608,40,648
臺中市,龍井區,忠和里,256,1520,608,203,811,42,853
臺中市,龍井區,忠和里,257,1905,753,224,977,25,1002
臺中市,龍井區,忠和里,258,1520,633,205,838,79,917
臺中市,龍井區,山腳里,259,1385,533,166,699,51,750
臺中市,龍井區,山腳里,260,1212,476,180,656,33,689
臺中市,龍井區,山腳里,261,1432,593,207,800,27,827
臺中市,龍井區,山腳里,262,1663,672,201,873,36,909
臺中市,龍井區,龍泉里,263,1422,543,181,724,39,763
臺中市,龍井區,龍泉里,264,1616,562,216,778,39,817
臺中市,龍井區,龍泉里,265,1422,622,184,806,45,851
臺中市,龍井區,龍泉里,266,1165,491,185,676,20,696
臺中市,龍井區,龍泉里,267,1624,622,257,879,21,900
臺中市,龍井區,龍崗里,268,1613,667,210,877,33,910
臺中市,龍井區,龍崗里,269,943,492,77,569,27,596
臺中市,龍井區,新庄里,270,1595,630,191,821,47,868
臺中市,龍井區,新庄里,271,1508,641,209,850,39,889
臺中市,龍井區,新庄里,272,1479,603,187,790,29,819
臺中市,龍井區,新庄里,273,1509,610,225,835,47,882
臺中市,龍井區,南寮里,274,1582,691,228,919,59,978
臺中市,龍井區,東海里,275,1725,672,262,934,45,979
臺中市,龍井區,東海里,276,1616,690,220,910,26,936
臺中市,龍井區,東海里,277,1657,689,272,961,32,993
臺中市,龍井區,東海里,278,1774,641,350,991,43,1034
臺中市,龍井區,東海里,279,1701,640,352,992,49,1041
臺中市,龍井區,新東里,280,1121,465,177,642,24,666
臺中市,龍井區,新東里,281,987,428,154,582,40,622
臺中市,龍井區,新東里,282,1206,478,204,682,33,715
臺中市,龍井區,新東里,283,1378,592,228,820,29,849
臺中市,大肚區,王田里,284,1415,599,170,769,42,811
臺中市,大肚區,王田里,285,1392,530,176,706,42,748
臺中市,大肚區,王田里,286,1520,670,184,854,68,922
臺中市,大肚區,中和里,287,862,399,133,532,51,583
臺中市,大肚區,福山里,288,1256,572,176,748,33,781
臺中市,大肚區,福山里,289,1292,530,175,705,43,748
臺中市,大肚區,福山里,290,1010,447,133,580,38,618
臺中市,大肚區,營埔里,291,1485,621,226,847,71,918
臺中市,大肚區,社腳里,292,1190,567,164,731,38,769
臺中市,大肚區,社腳里,293,1250,529,164,693,53,746
臺中市,大肚區,新興里,294,1310,546,188,734,46,780
臺中市,大肚區,新興里,295,1294,524,166,690,49,739
臺中市,大肚區,大東里,296,1734,809,237,1046,52,1098
臺中市,大肚區,大東里,297,1316,537,157,694,57,751
臺中市,大肚區,大肚里,298,854,348,121,469,41,510
臺中市,大肚區,大肚里,299,1273,585,211,796,25,821
臺中市,大肚區,永和里,300,851,405,114,519,18,537
臺中市,大肚區,磺溪里,301,1629,703,181,884,35,919
臺中市,大肚區,永順里,302,1709,688,205,893,65,958
臺中市,大肚區,成功里,303,953,378,111,489,32,521
臺中市,大肚區,山陽里,304,1336,600,176,776,38,814
臺中市,大肚區,頂街里,305,2113,802,267,1069,76,1145
臺中市,大肚區,頂街里,306,1730,711,238,949,74,1023
臺中市,大肚區,頂街里,307,1692,676,258,934,21,955
臺中市,大肚區,頂街里,308,1747,776,200,976,38,1014
臺中市,大肚區,瑞井里,309,1672,700,202,902,58,960
臺中市,大肚區,瑞井里,310,1675,627,245,872,43,915
臺中市,大肚區,瑞井里,311,1673,724,198,922,41,963
臺中市,大肚區,蔗?里,312,1636,710,236,946,36,982
臺中市,大肚區,蔗?里,313,1753,677,219,896,61,957
臺中市,大肚區,蔗?里,314,1343,540,157,697,27,724
臺中市,大肚區,自強里,315,1822,750,234,984,52,1036
臺中市,大肚區,自強里,316,1670,761,240,1001,34,1035
臺中市,烏日區,烏日里,317,1480,648,232,880,53,933
臺中市,烏日區,烏日里,318,1841,778,291,1069,64,1133
臺中市,烏日區,烏日里,319,1751,679,271,950,49,999
臺中市,烏日區,烏日里,320,1547,676,219,895,56,951
臺中市,烏日區,烏日里,321,1836,773,257,1030,38,1068
臺中市,烏日區,湖日里,322,1239,542,212,754,77,831
臺中市,烏日區,湖日里,323,1295,510,190,700,46,746
臺中市,烏日區,三和里,324,1263,489,204,693,23,716
臺中市,烏日區,三和里,325,1622,600,277,877,37,914
臺中市,烏日區,三和里,326,1822,750,215,965,75,1040
臺中市,烏日區,榮泉里,327,1966,758,282,1040,66,1106
臺中市,烏日區,榮泉里,328,1615,677,234,911,44,955
臺中市,烏日區,榮泉里,329,1232,503,219,722,35,757
臺中市,烏日區,學田里,330,1347,553,162,715,34,749
臺中市,烏日區,學田里,331,1165,441,155,596,32,628
臺中市,烏日區,九德里,332,1664,696,259,955,46,1001
臺中市,烏日區,九德里,333,1230,555,181,736,38,774
臺中市,烏日區,九德里,334,1574,722,210,932,67,999
臺中市,烏日區,九德里,335,1452,631,258,889,37,926
臺中市,烏日區,九德里,336,1879,747,232,979,41,1020
臺中市,烏日區,九德里,337,1601,649,246,895,32,927
臺中市,烏日區,九德里,338,1546,667,253,920,37,957
臺中市,烏日區,九德里,339,1866,606,259,865,46,911
臺中市,烏日區,仁德里,340,1938,830,274,1104,61,1165
臺中市,烏日區,仁德里,341,1759,705,267,972,55,1027
臺中市,烏日區,仁德里,342,2061,661,407,1068,68,1136
臺中市,烏日區,仁德里,343,1691,740,241,981,31,1012
臺中市,烏日區,前竹里,344,1039,495,148,643,36,679
臺中市,烏日區,前竹里,345,1221,560,163,723,35,758
臺中市,烏日區,五光里,346,1650,704,247,951,57,1008
臺中市,烏日區,光明里,347,937,433,133,566,37,603
臺中市,烏日區,光明里,348,1220,513,191,704,36,740
臺中市,烏日區,東園里,349,2139,782,268,1050,98,1148
臺中市,烏日區,溪埧里,350,1371,630,200,830,61,891
臺中市,烏日區,溪埧里,351,1277,530,169,699,54,753
臺中市,烏日區,溪埧里,352,1708,654,240,894,52,946
臺中市,烏日區,螺潭里,353,2048,869,237,1106,51,1157
臺中市,烏日區,北里里,354,1632,645,209,854,57,911
臺中市,烏日區,南里里,355,1327,561,186,747,62,809
臺中市,烏日區,溪尾里,356,854,360,89,449,59,508
臺中市,后里區,廣福里,357,852,389,116,505,40,545
臺中市,后里區,廣福里,358,1135,472,121,593,57,650
臺中市,后里區,仁里里,359,1079,427,133,560,19,579
臺中市,后里區,義里里,360,1539,644,212,856,63,919
臺中市,后里區,義里里,361,1591,623,252,875,52,927
臺中市,后里區,義德里,362,1376,505,176,681,41,722
臺中市,后里區,義德里,363,1298,190,532,722,26,748
臺中市,后里區,后里里,364,1428,603,202,805,63,868
臺中市,后里區,后里里,365,1178,498,245,743,43,786
臺中市,后里區,后里里,366,1095,468,149,617,41,658
臺中市,后里區,厚里里,367,963,389,140,529,25,554
臺中市,后里區,厚里里,368,1163,468,167,635,40,675
臺中市,后里區,墩東里,369,1018,440,144,584,37,621
臺中市,后里區,墩東里,370,854,393,123,516,40,556
臺中市,后里區,墩東里,371,1485,580,186,766,49,815
臺中市,后里區,墩東里,372,1355,630,199,829,34,863
臺中市,后里區,墩西里,373,840,314,115,429,37,466
臺中市,后里區,墩西里,374,1146,490,146,636,50,686
臺中市,后里區,墩南里,375,1669,744,225,969,61,1030
臺中市,后里區,墩南里,376,1673,756,226,982,62,1044
臺中市,后里區,墩北里,377,1493,637,207,844,30,874
臺中市,后里區,墩北里,378,1052,451,157,608,52,660
臺中市,后里區,墩北里,379,909,366,123,489,21,510
臺中市,后里區,中和里,380,1091,462,148,610,64,674
臺中市,后里區,中和里,381,1342,619,194,813,17,830
臺中市,后里區,舊社里,382,1138,468,145,613,37,650
臺中市,后里區,舊社里,383,977,446,117,563,27,590
臺中市,后里區,聯合里,384,1584,595,156,751,30,781
臺中市,后里區,太平里,385,915,400,92,492,38,530
臺中市,后里區,太平里,386,1225,510,171,681,60,741
臺中市,后里區,眉山里,387,1552,617,210,827,37,864
臺中市,后里區,眉山里,388,1600,677,192,869,29,898
臺中市,后里區,月眉里,389,942,397,122,519,31,550
臺中市,后里區,月眉里,390,943,364,130,494,34,528
臺中市,后里區,公館里,391,1055,408,128,536,26,562
臺中市,后里區,公館里,392,1067,437,144,581,52,633
臺中市,后里區,泰安里,393,1340,531,139,670,45,715
臺中市,豐原區,豐原里,394,983,404,130,534,30,564
臺中市,豐原區,豐原里,395,1309,588,197,785,37,822
臺中市,豐原區,豐榮里,396,1116,468,195,663,33,696
臺中市,豐原區,頂街里,397,945,437,148,585,27,612
臺中市,豐原區,中山里,398,850,355,155,510,47,557
臺中市,豐原區,下街里,399,760,349,121,470,26,496
臺中市,豐原區,中陽里,400,1617,701,243,944,11,955
臺中市,豐原區,中陽里,401,1677,641,218,859,46,905
臺中市,豐原區,中陽里,402,1771,816,277,1093,39,1132
臺中市,豐原區,大湳里,403,1145,479,132,611,59,670
臺中市,豐原區,大湳里,404,1362,540,217,757,26,783
臺中市,豐原區,北湳里,405,1389,605,207,812,32,844
臺中市,豐原區,北湳里,406,1530,674,227,901,46,947
臺中市,豐原區,東湳里,407,1471,632,196,828,57,885
臺中市,豐原區,東湳里,408,1410,619,186,805,60,865
臺中市,豐原區,東湳里,409,1162,487,153,640,39,679
臺中市,豐原區,西湳里,410,1656,701,216,917,39,956
臺中市,豐原區,西湳里,411,1838,777,229,1006,38,1044
臺中市,豐原區,西湳里,412,1666,651,228,879,56,935
臺中市,豐原區,西湳里,413,1821,764,266,1030,66,1096
臺中市,豐原區,西湳里,414,1821,859,301,1160,57,1217
臺中市,豐原區,豐西里,415,1647,688,224,912,39,951
臺中市,豐原區,圳寮里,416,1256,578,229,807,40,847
臺中市,豐原區,豐圳里,417,1552,690,256,946,55,1001
臺中市,豐原區,豐圳里,418,1793,771,270,1041,29,1070
臺中市,豐原區,富春里,419,759,373,132,505,36,541
臺中市,豐原區,葫蘆里,420,642,288,115,403,21,424
臺中市,豐原區,西安里,421,1528,664,268,932,28,960
臺中市,豐原區,西安里,422,1788,825,268,1093,49,1142
臺中市,豐原區,西安里,423,1663,742,301,1043,48,1091
臺中市,豐原區,西勢里,424,1260,605,215,820,55,875
臺中市,豐原區,西勢里,425,902,373,135,508,31,539
臺中市,豐原區,中興里,426,1357,568,168,736,29,765
臺中市,豐原區,中興里,427,1592,685,239,924,56,980
臺中市,豐原區,社皮里,428,1873,801,250,1051,50,1101
臺中市,豐原區,社皮里,429,1867,803,264,1067,35,1102
臺中市,豐原區,社皮里,430,1823,712,304,1016,45,1061
臺中市,豐原區,社皮里,431,1962,724,279,1003,42,1045
臺中市,豐原區,社皮里,432,2313,973,381,1354,67,1421
臺中市,豐原區,三村里,433,1510,675,221,896,44,940
臺中市,豐原區,三村里,434,1824,781,275,1056,47,1103
臺中市,豐原區,三村里,435,1363,577,221,798,35,833
臺中市,豐原區,三村里,436,1535,719,217,936,47,983
臺中市,豐原區,東勢里,437,1457,605,271,876,43,919
臺中市,豐原區,民生里,438,1184,516,192,708,29,737
臺中市,豐原區,田心里,439,2299,753,316,1069,48,1117
臺中市,豐原區,田心里,440,1940,858,247,1105,50,1155
臺中市,豐原區,田心里,441,2067,818,317,1135,44,1179
臺中市,豐原區,豐田里,442,2038,698,390,1088,74,1162
臺中市,豐原區,豐田里,443,1835,730,299,1029,37,1066
臺中市,豐原區,豐田里,444,1979,820,260,1080,68,1148
臺中市,豐原區,豐田里,445,2014,820,256,1076,67,1143
臺中市,豐原區,豐田里,446,2257,947,305,1252,81,1333
臺中市,豐原區,鎌村里,447,1406,638,203,841,52,893
臺中市,豐原區,鎌村里,448,1418,614,225,839,31,870
臺中市,豐原區,鎌村里,449,1772,828,231,1059,60,1119
臺中市,豐原區,陽明里,450,1202,527,211,738,45,783
臺中市,豐原區,陽明里,451,1447,660,212,872,30,902
臺中市,豐原區,南陽里,452,1758,777,244,1021,66,1087
臺中市,豐原區,南陽里,453,1546,710,236,946,53,999
臺中市,豐原區,南陽里,454,1815,824,263,1087,47,1134
臺中市,豐原區,南陽里,455,1932,789,338,1127,45,1172
臺中市,豐原區,南陽里,456,1770,804,290,1094,40,1134
臺中市,豐原區,南陽里,457,1560,633,215,848,22,870
臺中市,豐原區,北陽里,458,1810,752,270,1022,45,1067
臺中市,豐原區,北陽里,459,1653,693,316,1009,40,1049
臺中市,豐原區,北陽里,460,1444,604,216,820,43,863
臺中市,豐原區,北陽里,461,1318,590,210,800,39,839
臺中市,豐原區,北陽里,462,1566,618,275,893,68,961
臺中市,豐原區,北陽里,463,1748,696,277,973,50,1023
臺中市,豐原區,北陽里,464,1772,664,271,935,74,1009
臺中市,豐原區,北陽里,465,1721,737,222,959,56,1015
臺中市,豐原區,東陽里,466,1578,706,208,914,37,951
臺中市,豐原區,南村里,467,1859,704,314,1018,69,1087
臺中市,豐原區,南村里,468,1479,597,254,851,37,888
臺中市,豐原區,南村里,469,1889,820,271,1091,46,1137
臺中市,豐原區,南田里,470,1803,749,245,994,44,1038
臺中市,豐原區,南田里,471,1421,560,215,775,49,824
臺中市,豐原區,南嵩里,472,1585,721,223,944,61,1005
臺中市,豐原區,南嵩里,473,1774,822,241,1063,67,1130
臺中市,豐原區,翁明里,474,2132,934,274,1208,59,1267
臺中市,豐原區,翁子里,475,1515,679,188,867,42,909
臺中市,豐原區,翁子里,476,1359,564,174,738,24,762
臺中市,豐原區,翁社里,477,948,424,138,562,44,606
臺中市,豐原區,翁社里,478,1134,497,165,662,52,714
臺中市,豐原區,朴子里,479,1114,517,171,688,63,751
臺中市,豐原區,朴子里,480,1050,457,149,606,37,643
臺中市,豐原區,朴子里,481,1182,537,181,718,57,775
臺中市,神岡區,神岡里,482,1684,728,242,970,49,1019
臺中市,神岡區,神岡里,483,1559,686,208,894,34,928
臺中市,神岡區,庄前里,484,1095,470,148,618,21,639
臺中市,神岡區,庄前里,485,1044,506,164,670,39,709
臺中市,神岡區,北庄里,486,1310,616,192,808,49,857
臺中市,神岡區,北庄里,487,1294,576,204,780,45,825
臺中市,神岡區,庄後里,488,1143,498,160,658,43,701
臺中市,神岡區,庄後里,489,1022,456,155,611,29,640
臺中市,神岡區,圳前里,490,1269,527,161,688,38,726
臺中市,神岡區,圳前里,491,1085,420,107,527,22,549
臺中市,神岡區,圳堵里,492,942,419,145,564,35,599
臺中市,神岡區,圳堵里,493,1154,498,167,665,26,691
臺中市,神岡區,新庄里,494,1390,568,177,745,50,795
臺中市,神岡區,新庄里,495,1372,642,182,824,43,867
臺中市,神岡區,新庄里,496,1328,546,160,706,37,743
臺中市,神岡區,山皮里,497,1038,434,152,586,21,607
臺中市,神岡區,社口里,498,1452,609,186,795,33,828
臺中市,神岡區,社口里,499,1551,704,218,922,37,959
臺中市,神岡區,社口里,500,1567,624,195,819,50,869
臺中市,神岡區,社口里,501,1449,608,213,821,22,843
臺中市,神岡區,社口里,502,1246,504,141,645,31,676
臺中市,神岡區,社南里,503,1431,635,188,823,36,859
臺中市,神岡區,社南里,504,1163,502,177,679,56,735
臺中市,神岡區,社南里,505,1402,620,240,860,43,903
臺中市,神岡區,社南里,506,1271,546,193,739,34,773
臺中市,神岡區,三角里,507,1198,556,144,700,52,752
臺中市,神岡區,三角里,508,1312,611,163,774,40,814
臺中市,神岡區,大社里,509,1590,655,217,872,45,917
臺中市,神岡區,大社里,510,1324,540,178,718,27,745
臺中市,神岡區,大社里,511,1415,545,221,766,26,792
臺中市,神岡區,岸裡里,512,1483,723,217,940,25,965
臺中市,神岡區,岸裡里,513,1402,585,154,739,38,777
臺中市,神岡區,豐洲里,514,1275,494,177,671,45,716
臺中市,神岡區,豐洲里,515,1288,502,171,673,34,707
臺中市,神岡區,豐洲里,516,1080,454,130,584,34,618
臺中市,神岡區,豐洲里,517,1344,649,101,750,17,767
臺中市,神岡區,豐洲里,518,1061,475,164,639,32,671
臺中市,神岡區,豐洲里,519,1176,522,197,719,32,751
臺中市,神岡區,神洲里,520,1244,545,182,727,54,781
臺中市,神岡區,神洲里,521,1318,640,177,817,40,857
臺中市,神岡區,溪洲里,522,1471,431,180,611,43,654
臺中市,神岡區,溪洲里,523,1323,637,188,825,59,884
臺中市,大雅區,上雅里,524,2027,859,263,1122,52,1174
臺中市,大雅區,上雅里,525,1967,725,283,1008,34,1042
臺中市,大雅區,上雅里,526,1912,717,292,1009,36,1045
臺中市,大雅區,大雅里,527,1537,650,262,912,32,944
臺中市,大雅區,大雅里,528,1439,649,230,879,28,907
臺中市,大雅區,大雅里,529,1402,580,234,814,25,839
臺中市,大雅區,文雅里,530,2013,755,300,1055,33,1088
臺中市,大雅區,文雅里,531,1917,782,279,1061,59,1120
臺中市,大雅區,文雅里,532,2011,783,293,1076,49,1125
臺中市,大雅區,三和里,533,1887,831,243,1074,46,1120
臺中市,大雅區,三和里,534,1480,609,258,867,45,912
臺中市,大雅區,三和里,535,1816,771,256,1027,52,1079
臺中市,大雅區,二和里,536,1898,684,259,943,36,979
臺中市,大雅區,二和里,537,2008,851,255,1106,44,1150
臺中市,大雅區,二和里,538,1976,834,280,1114,44,1158
臺中市,大雅區,四德里,539,1673,691,265,956,27,983
臺中市,大雅區,四德里,540,1409,639,216,855,30,885
臺中市,大雅區,四德里,541,1382,211,603,814,17,831
臺中市,大雅區,西寶里,542,1635,704,184,888,47,935
臺中市,大雅區,西寶里,543,1565,655,222,877,52,929
臺中市,大雅區,西寶里,544,1528,628,189,817,41,858
臺中市,大雅區,上楓里,545,1963,813,234,1047,33,1080
臺中市,大雅區,上楓里,546,2073,792,282,1074,37,1111
臺中市,大雅區,上楓里,547,1984,803,271,1074,30,1104
臺中市,大雅區,大楓里,548,1688,701,221,922,31,953
臺中市,大雅區,大楓里,549,1387,586,184,770,32,802
臺中市,大雅區,大楓里,550,1701,743,240,983,55,1038
臺中市,大雅區,雅楓里,551,1721,727,217,944,41,985
臺中市,大雅區,雅楓里,552,1879,665,195,860,45,905
臺中市,大雅區,員林里,553,1568,744,221,965,42,1007
臺中市,大雅區,員林里,554,1761,669,279,948,36,984
臺中市,大雅區,員林里,555,1752,779,252,1031,42,1073
臺中市,大雅區,員林里,556,1264,544,187,731,30,761
臺中市,大雅區,員林里,557,1302,614,172,786,32,818
臺中市,大雅區,員林里,558,1449,580,209,789,48,837
臺中市,大雅區,六寶里,559,1621,702,235,937,63,1000
臺中市,大雅區,六寶里,560,1647,686,193,879,49,928
臺中市,大雅區,六寶里,561,1441,593,193,786,39,825
臺中市,大雅區,六寶里,562,1460,601,207,808,24,832
臺中市,大雅區,秀山里,563,1832,829,242,1071,58,1129
臺中市,大雅區,秀山里,564,1371,627,201,828,45,873
臺中市,大雅區,橫山里,565,1418,577,184,761,13,774
臺中市,大雅區,橫山里,566,1473,642,222,864,37,901
臺中市,大雅區,橫山里,567,1335,548,199,747,38,785
臺中市,大雅區,忠義里,568,1733,759,188,947,50,997
臺中市,大雅區,忠義里,569,1884,707,193,900,57,957
臺中市,潭子區,潭秀里,570,1306,581,201,782,27,809
臺中市,潭子區,潭北里,571,1128,494,170,664,34,698
臺中市,潭子區,潭北里,572,1159,526,174,700,50,750
臺中市,潭子區,潭陽里,573,1630,709,234,943,66,1009
臺中市,潭子區,潭陽里,574,1532,656,195,851,37,888
臺中市,潭子區,潭陽里,575,1677,624,237,861,30,891
臺中市,潭子區,潭陽里,576,1744,671,224,895,34,929
臺中市,潭子區,潭陽里,577,1795,724,268,992,46,1038
臺中市,潭子區,潭陽里,578,1171,479,173,652,31,683
臺中市,潭子區,潭陽里,579,1427,581,210,791,26,817
臺中市,潭子區,福仁里,580,1709,699,229,928,63,991
臺中市,潭子區,福仁里,581,1723,709,237,946,45,991
臺中市,潭子區,福仁里,582,1782,714,221,935,46,981
臺中市,潭子區,福仁里,583,1407,555,187,742,28,770
臺中市,潭子區,福仁里,584,1771,746,286,1032,32,1064
臺中市,潭子區,福仁里,585,1795,784,241,1025,61,1086
臺中市,潭子區,頭家里,586,1612,731,252,983,35,1018
臺中市,潭子區,頭家里,587,1894,747,292,1039,27,1066
臺中市,潭子區,頭家里,588,1689,670,268,938,38,976
臺中市,潭子區,頭家東里,589,1525,582,210,792,35,827
臺中市,潭子區,頭家東里,590,1622,654,229,883,36,919
臺中市,潭子區,頭家東里,591,1200,610,66,676,49,725
臺中市,潭子區,家興里,592,1355,544,192,736,17,753
臺中市,潭子區,家興里,593,1777,682,275,957,26,983
臺中市,潭子區,家興里,594,1923,776,284,1060,36,1096
臺中市,潭子區,家興里,595,1674,678,201,879,43,922
臺中市,潭子區,家福里,596,1451,636,248,884,24,908
臺中市,潭子區,家福里,597,1486,623,217,840,42,882
臺中市,潭子區,家福里,598,1511,625,218,843,39,882
臺中市,潭子區,甘蔗里,599,1666,737,221,958,40,998
臺中市,潭子區,甘蔗里,600,1750,693,250,943,48,991
臺中市,潭子區,甘蔗里,601,1437,603,186,789,29,818
臺中市,潭子區,甘蔗里,602,1735,708,254,962,34,996
臺中市,潭子區,甘蔗里,603,1612,642,249,891,25,916
臺中市,潭子區,甘蔗里,604,1143,486,201,687,21,708
臺中市,潭子區,東寶里,605,2096,866,267,1133,39,1172
臺中市,潭子區,東寶里,606,1549,664,239,903,38,941
臺中市,潭子區,東寶里,607,1573,712,213,925,29,954
臺中市,潭子區,東寶里,608,1585,659,182,841,36,877
臺中市,潭子區,東寶里,609,1572,625,224,849,23,872
臺中市,潭子區,東寶里,610,1738,751,265,1016,42,1058
臺中市,潭子區,東寶里,611,1883,753,251,1004,51,1055
臺中市,潭子區,大富里,612,1401,647,198,845,33,878
臺中市,潭子區,大富里,613,1352,601,201,802,33,835
臺中市,潭子區,大豐里,614,2085,923,260,1183,59,1242
臺中市,潭子區,大豐里,615,2047,889,286,1175,67,1242
臺中市,潭子區,大豐里,616,1673,655,250,905,19,924
臺中市,潭子區,栗林里,617,1874,760,284,1044,73,1117
臺中市,潭子區,栗林里,618,1051,463,155,618,22,640
臺中市,潭子區,栗林里,619,1674,631,245,876,17,893
臺中市,潭子區,嘉仁里,620,1831,773,251,1024,61,1085
臺中市,潭子區,嘉仁里,621,2003,799,281,1080,45,1125
臺中市,潭子區,新田里,622,1535,700,184,884,36,920
臺中市,潭子區,聚興里,623,2286,841,259,1100,78,1178
臺中市,潭子區,聚興里,624,1861,758,206,964,41,1005
臺中市,西屯區,西安里,625,1638,642,397,1039,37,1076
臺中市,西屯區,西安里,626,1335,498,227,725,26,751
臺中市,西屯區,西安里,627,1776,712,322,1034,23,1057
臺中市,西屯區,至善里,628,1351,520,248,768,20,788
臺中市,西屯區,至善里,629,1338,540,250,790,30,820
臺中市,西屯區,至善里,630,1582,614,304,918,30,948
臺中市,西屯區,西平里,631,1710,659,240,899,29,928
臺中市,西屯區,西平里,632,1595,570,261,831,32,863
臺中市,西屯區,西平里,633,1585,665,216,881,50,931
臺中市,西屯區,西墩里,634,1749,676,272,948,41,989
臺中市,西屯區,西墩里,635,1877,756,290,1046,41,1087
臺中市,西屯區,西墩里,636,1697,591,306,897,28,925
臺中市,西屯區,潮洋里,637,1480,622,258,880,30,910
臺中市,西屯區,潮洋里,638,1483,601,317,918,55,973
臺中市,西屯區,潮洋里,639,2484,602,271,873,30,903
臺中市,西屯區,龍潭里,640,781,387,109,496,32,528
臺中市,西屯區,惠來里,641,1477,620,246,866,40,906
臺中市,西屯區,惠來里,642,1784,664,317,981,23,1004
臺中市,西屯區,惠來里,643,1686,662,287,949,35,984
臺中市,西屯區,惠來里,644,1692,614,318,932,34,966
臺中市,西屯區,惠來里,645,1659,610,260,870,29,899
臺中市,西屯區,惠來里,646,1648,639,289,928,35,963
臺中市,西屯區,惠來里,647,1536,598,311,909,32,941
臺中市,西屯區,惠來里,648,1666,692,285,977,30,1007
臺中市,西屯區,上石里,649,1428,545,264,809,46,855
臺中市,西屯區,上石里,650,1810,660,294,954,35,989
臺中市,西屯區,上石里,651,1574,616,274,890,15,905
臺中市,西屯區,上安里,652,1650,650,278,928,29,957
臺中市,西屯區,上安里,653,1681,637,299,936,39,975
臺中市,西屯區,上安里,654,1656,585,315,900,36,936
臺中市,西屯區,上德里,655,1243,547,184,731,40,771
臺中市,西屯區,上德里,656,1471,614,288,902,39,941
臺中市,西屯區,上德里,657,1431,595,292,887,20,907
臺中市,西屯區,逢甲里,658,1714,652,298,950,30,980
臺中市,西屯區,逢甲里,659,1424,594,207,801,41,842
臺中市,西屯區,逢甲里,660,1176,512,163,675,29,704
臺中市,西屯區,逢福里,661,1456,613,241,854,35,889
臺中市,西屯區,逢福里,662,1451,599,288,887,25,912
臺中市,西屯區,逢福里,663,1063,461,222,683,19,702
臺中市,西屯區,逢福里,664,1357,583,190,773,37,810
臺中市,西屯區,鵬程里,665,1355,621,178,799,46,845
臺中市,西屯區,鵬程里,666,1384,633,200,833,25,858
臺中市,西屯區,何厝里,667,1613,660,278,938,31,969
臺中市,西屯區,何厝里,668,1562,637,239,876,42,918
臺中市,西屯區,何明里,669,1219,537,233,770,37,807
臺中市,西屯區,何明里,670,1235,439,232,671,29,700
臺中市,西屯區,何明里,671,1131,452,200,652,30,682
臺中市,西屯區,何南里,672,1494,627,284,911,28,939
臺中市,西屯區,何南里,673,1325,486,291,777,15,792
臺中市,西屯區,何南里,674,1386,527,269,796,32,828
臺中市,西屯區,何成里,675,1816,688,341,1029,45,1074
臺中市,西屯區,何成里,676,1734,636,291,927,27,954
臺中市,西屯區,何成里,677,1777,693,337,1030,39,1069
臺中市,西屯區,何成里,678,1818,625,317,942,51,993
臺中市,西屯區,何安里,679,1699,640,274,914,53,967
臺中市,西屯區,何安里,680,1715,635,245,880,33,913
臺中市,西屯區,何安里,681,1654,599,281,880,27,907
臺中市,西屯區,何仁里,682,1636,619,273,892,14,906
臺中市,西屯區,何仁里,683,1298,501,212,713,28,741
臺中市,西屯區,何仁里,684,1391,592,224,816,29,845
臺中市,西屯區,何仁里,685,1853,740,310,1050,50,1100
臺中市,西屯區,何德里,686,1820,691,280,971,45,1016
臺中市,西屯區,何德里,687,1809,716,301,1017,38,1055
臺中市,西屯區,何福里,688,1352,579,240,819,27,846
臺中市,西屯區,何福里,689,1521,613,229,842,51,893
臺中市,西屯區,何福里,690,1486,626,251,877,36,913
臺中市,西屯區,何源里,691,1674,675,291,966,31,997
臺中市,西屯區,何源里,692,1610,672,300,972,47,1019
臺中市,西屯區,何源里,693,1695,631,227,858,58,916
臺中市,西屯區,何源里,694,1684,610,295,905,39,944
臺中市,西屯區,大河里,695,1221,529,200,729,30,759
臺中市,西屯區,大河里,696,1252,602,194,796,54,850
臺中市,西屯區,大河里,697,1301,549,229,778,38,816
臺中市,西屯區,大石里,698,1049,516,129,645,27,672
臺中市,西屯區,大石里,699,1113,515,129,644,36,680
臺中市,西屯區,大福里,700,1557,644,183,827,28,855
臺中市,西屯區,大福里,701,1640,641,234,875,43,918
臺中市,西屯區,大鵬里,702,1402,678,207,885,50,935
臺中市,西屯區,大鵬里,703,1717,647,215,862,47,909
臺中市,西屯區,大鵬里,704,1688,653,263,916,44,960
臺中市,西屯區,港尾里,705,1168,519,169,688,34,722
臺中市,西屯區,港尾里,706,1729,683,234,917,40,957
臺中市,西屯區,港尾里,707,2007,728,307,1035,51,1086
臺中市,西屯區,廣福里,708,1296,547,209,756,49,805
臺中市,西屯區,廣福里,709,1068,405,144,549,27,576
臺中市,西屯區,林厝里,710,1707,833,211,1044,69,1113
臺中市,西屯區,林厝里,711,1636,668,279,947,34,981
臺中市,西屯區,永安里,712,1761,617,232,849,41,890
臺中市,西屯區,永安里,713,1314,532,230,762,30,792
臺中市,西屯區,永安里,714,1233,525,237,762,33,795
臺中市,西屯區,永安里,715,1549,611,219,830,34,864
臺中市,西屯區,永安里,716,1639,626,242,868,36,904
臺中市,西屯區,永安里,717,1486,576,192,768,47,815
臺中市,西屯區,永安里,718,1806,620,345,965,21,986
臺中市,西屯區,永安里,719,1451,501,277,778,13,791
臺中市,西屯區,福安里,720,1302,564,200,764,20,784
臺中市,西屯區,福安里,721,1353,551,254,805,41,846
臺中市,西屯區,福雅里,722,2162,849,367,1216,48,1264
臺中市,西屯區,福雅里,723,1520,573,254,827,39,866
臺中市,西屯區,福雅里,724,1935,744,307,1051,31,1082
臺中市,西屯區,福林里,725,1847,687,333,1020,39,1059
臺中市,西屯區,福林里,726,1738,648,234,882,33,915
臺中市,西屯區,福林里,727,1640,669,304,973,37,1010
臺中市,西屯區,福林里,728,1908,704,357,1061,41,1102
臺中市,西屯區,福瑞里,729,1402,527,272,799,20,819
臺中市,西屯區,福瑞里,730,1515,539,262,801,24,825
臺中市,西屯區,福聯里,731,1541,504,226,730,31,761
臺中市,西屯區,福聯里,732,1502,515,288,803,31,834
臺中市,西屯區,福和里,733,1526,611,273,884,30,914
臺中市,西屯區,福和里,734,1425,575,257,832,46,878
臺中市,西屯區,福和里,735,1334,567,244,811,23,834
臺中市,西屯區,福中里,736,1649,682,293,975,37,1012
臺中市,西屯區,福中里,737,1566,597,270,867,25,892
臺中市,西屯區,福恩里,738,1629,646,324,970,28,998
臺中市,西屯區,福恩里,739,1628,627,297,924,42,966
臺中市,西屯區,福恩里,740,1442,584,294,878,17,895
臺中市,西屯區,協和里,741,1206,452,185,637,36,673
臺中市,西屯區,協和里,742,1086,482,162,644,43,687
臺中市,西屯區,協和里,743,1088,490,158,648,35,683
臺中市,西屯區,協和里,744,1140,467,195,662,26,688
臺中市,南屯區,南屯里,745,1321,589,200,789,38,827
臺中市,南屯區,南屯里,746,1346,548,264,812,33,845
臺中市,南屯區,南屯里,747,1428,624,237,861,38,899
臺中市,南屯區,南屯里,748,1442,601,244,845,20,865
臺中市,南屯區,南屯里,749,1408,576,302,878,32,910
臺中市,南屯區,南屯里,750,1404,577,268,845,19,864
臺中市,南屯區,豐樂里,751,1354,590,256,846,21,867
臺中市,南屯區,豐樂里,752,1332,545,262,807,34,841
臺中市,南屯區,豐樂里,753,1463,602,293,895,29,924
臺中市,南屯區,豐樂里,754,1413,535,276,811,43,854
臺中市,南屯區,豐樂里,755,1218,514,258,772,20,792
臺中市,南屯區,豐樂里,756,1308,559,216,775,33,808
臺中市,南屯區,豐樂里,757,1527,660,275,935,34,969
臺中市,南屯區,豐樂里,758,1294,445,349,794,32,826
臺中市,南屯區,楓樹里,759,1516,578,214,792,24,816
臺中市,南屯區,楓樹里,760,1529,650,262,912,33,945
臺中市,南屯區,楓樹里,761,1397,607,219,826,38,864
臺中市,南屯區,楓樹里,762,1406,589,194,783,19,802
臺中市,南屯區,中和里,763,1497,613,196,809,30,839
臺中市,南屯區,中和里,764,1424,557,219,776,50,826
臺中市,南屯區,中和里,765,1488,521,224,745,30,775
臺中市,南屯區,鎮平里,766,608,269,109,378,30,408
臺中市,南屯區,鎮平里,767,813,378,125,503,34,537
臺中市,南屯區,春社里,768,1190,512,183,695,45,740
臺中市,南屯區,春社里,769,1174,503,164,667,21,688
臺中市,南屯區,春社里,770,1224,539,178,717,14,731
臺中市,南屯區,春社里,771,1466,544,170,714,38,752
臺中市,南屯區,春社里,772,1333,429,124,553,20,573
臺中市,南屯區,春安里,773,814,348,144,492,29,521
臺中市,南屯區,文山里,774,1436,588,169,757,42,799
臺中市,南屯區,文山里,775,1515,608,262,870,35,905
臺中市,南屯區,文山里,776,1545,544,238,782,16,798
臺中市,南屯區,文山里,777,1383,564,219,783,41,824
臺中市,南屯區,文山里,778,1433,611,228,839,28,867
臺中市,南屯區,文山里,779,1134,394,199,593,29,622
臺中市,南屯區,文山里,780,1216,512,216,728,34,762
臺中市,南屯區,寶山里,781,1271,494,190,684,52,736
臺中市,南屯區,寶山里,782,1203,446,204,650,22,672
臺中市,南屯區,寶山里,783,1268,518,206,724,26,750
臺中市,南屯區,寶山里,784,1390,610,198,808,26,834
臺中市,南屯區,新生里,785,1397,553,228,781,40,821
臺中市,南屯區,永定里,786,1607,613,263,876,52,928
臺中市,南屯區,永定里,787,1582,687,229,916,39,955
臺中市,南屯區,永定里,788,1611,692,245,937,32,969
臺中市,南屯區,三厝里,789,1322,577,238,815,28,843
臺中市,南屯區,三厝里,790,1321,576,254,830,29,859
臺中市,南屯區,三厝里,791,1360,595,228,823,30,853
臺中市,南屯區,三厝里,792,1361,580,250,830,13,843
臺中市,南屯區,三厝里,793,1257,520,251,771,24,795
臺中市,南屯區,三義里,794,1207,532,231,763,21,784
臺中市,南屯區,三義里,795,1282,521,275,796,25,821
臺中市,南屯區,三義里,796,1248,520,261,781,38,819
臺中市,南屯區,三義里,797,1304,566,253,819,36,855
臺中市,南屯區,三義里,798,1214,480,240,720,25,745
臺中市,南屯區,三和里,799,1102,464,223,687,25,712
臺中市,南屯區,三和里,800,1630,710,317,1027,30,1057
臺中市,南屯區,三和里,801,1333,526,281,807,25,832
臺中市,南屯區,三和里,802,1292,522,276,798,20,818
臺中市,南屯區,三和里,803,1272,505,247,752,35,787
臺中市,南屯區,三和里,804,1345,551,244,795,23,818
臺中市,南屯區,黎明里,805,981,484,186,670,21,691
臺中市,南屯區,黎明里,806,1097,488,179,667,36,703
臺中市,南屯區,黎明里,807,991,466,158,624,26,650
臺中市,南屯區,黎明里,808,1170,521,183,704,22,726
臺中市,南屯區,溝墘里,809,1171,487,242,729,22,751
臺中市,南屯區,溝墘里,810,1349,519,206,725,40,765
臺中市,南屯區,溝墘里,811,1368,572,267,839,33,872
臺中市,南屯區,溝墘里,812,1263,601,202,803,21,824
臺中市,南屯區,大業里,813,1547,609,311,920,41,961
臺中市,南屯區,大業里,814,1649,629,321,950,44,994
臺中市,南屯區,大業里,815,1629,619,284,903,33,936
臺中市,南屯區,大業里,816,1580,538,285,823,32,855
臺中市,南屯區,惠中里,817,1444,645,278,923,25,948
臺中市,南屯區,惠中里,818,1413,572,253,825,21,846
臺中市,南屯區,惠中里,819,1377,548,232,780,33,813
臺中市,南屯區,惠中里,820,1527,574,335,909,23,932
臺中市,南屯區,惠中里,821,1335,539,277,816,31,847
臺中市,南屯區,田心里,822,1544,691,325,1016,25,1041
臺中市,南屯區,田心里,823,1482,549,387,936,35,971
臺中市,南屯區,田心里,824,1488,656,239,895,39,934
臺中市,南屯區,田心里,825,1538,537,247,784,34,818
臺中市,南屯區,向心里,826,1674,695,315,1010,49,1059
臺中市,南屯區,向心里,827,1996,560,283,843,22,865
臺中市,南屯區,向心里,828,1514,630,258,888,37,925
臺中市,南屯區,文心里,829,1217,528,213,741,44,785
臺中市,南屯區,文心里,830,1347,521,253,774,34,808
臺中市,南屯區,文心里,831,1109,485,183,668,29,697
臺中市,南屯區,同心里,832,1546,599,289,888,18,906
臺中市,南屯區,同心里,833,1408,604,274,878,30,908
臺中市,南屯區,同心里,834,1057,481,114,595,24,619
臺中市,南屯區,同心里,835,1133,458,190,648,47,695
臺中市,南屯區,大同里,836,1278,515,256,771,29,800
臺中市,南屯區,大同里,837,1144,503,216,719,37,756
臺中市,南屯區,大同里,838,1140,415,262,677,26,703
臺中市,南屯區,大同里,839,1171,492,224,716,25,741
臺中市,南屯區,大興里,840,1303,573,242,815,24,839
臺中市,南屯區,大興里,841,1402,560,222,782,22,804
臺中市,南屯區,大興里,842,1571,625,249,874,43,917
臺中市,南屯區,大誠里,843,1139,482,237,719,21,740
臺中市,南屯區,大誠里,844,1216,537,224,761,26,787
臺中市,南屯區,大誠里,845,1162,515,199,714,28,742
臺中市,北屯區,北屯里,846,1670,701,306,1007,43,1050
臺中市,北屯區,北屯里,847,1706,651,245,896,40,936
臺中市,北屯區,北京里,848,1507,584,235,819,55,874
臺中市,北屯區,北京里,849,1652,672,278,950,38,988
臺中市,北屯區,北興里,850,1107,430,175,605,25,630
臺中市,北屯區,北興里,851,2151,815,287,1102,64,1166
臺中市,北屯區,三光里,852,1612,690,266,956,25,981
臺中市,北屯區,三光里,853,1743,711,271,982,22,1004
臺中市,北屯區,三光里,854,2099,766,319,1085,23,1108
臺中市,北屯區,三光里,855,1595,657,247,904,24,928
臺中市,北屯區,三和里,856,1923,617,271,888,33,921
臺中市,北屯區,三和里,857,1641,664,204,868,40,908
臺中市,北屯區,三和里,858,1157,528,214,742,22,764
臺中市,北屯區,三和里,859,1041,455,177,632,33,665
臺中市,北屯區,東光里,860,1563,593,225,818,29,847
臺中市,北屯區,東光里,861,1559,639,181,820,28,848
臺中市,北屯區,東光里,862,1411,543,181,724,17,741
臺中市,北屯區,水景里,863,1761,692,310,1002,34,1036
臺中市,北屯區,水景里,864,1361,597,220,817,55,872
臺中市,北屯區,水景里,865,1852,862,165,1027,34,1061
臺中市,北屯區,水景里,866,1928,809,297,1106,31,1137
臺中市,北屯區,水景里,867,1492,678,263,941,24,965
臺中市,北屯區,水景里,868,1998,755,290,1045,61,1106
臺中市,北屯區,水景里,869,1272,588,214,802,29,831
臺中市,北屯區,水景里,870,1317,570,226,796,25,821
臺中市,北屯區,軍功里,871,1327,513,164,677,41,718
臺中市,北屯區,軍功里,872,1280,521,170,691,19,710
臺中市,北屯區,軍功里,873,1865,684,266,950,44,994
臺中市,北屯區,軍功里,874,1230,531,220,751,38,789
臺中市,北屯區,軍功里,875,1356,504,214,718,35,753
臺中市,北屯區,軍功里,876,1732,695,264,959,33,992
臺中市,北屯區,軍功里,877,1586,629,274,903,32,935
臺中市,北屯區,軍功里,878,1441,542,257,799,23,822
臺中市,北屯區,和平里,879,2045,780,283,1063,57,1120
臺中市,北屯區,和平里,880,1914,682,280,962,48,1010
臺中市,北屯區,和平里,881,1918,788,280,1068,35,1103
臺中市,北屯區,和平里,882,2079,743,319,1062,22,1084
臺中市,北屯區,和平里,883,2040,822,344,1166,41,1207
臺中市,北屯區,?子里,884,2027,652,309,961,47,1008
臺中市,北屯區,?子里,885,1402,585,176,761,31,792
臺中市,北屯區,?子里,886,1826,756,284,1040,35,1075
臺中市,北屯區,?子里,887,2162,740,317,1057,40,1097
臺中市,北屯區,?子里,888,2332,715,384,1099,24,1123
臺中市,北屯區,民政里,889,985,436,113,549,33,582
臺中市,北屯區,東山里,890,2037,568,476,1044,36,1080
臺中市,北屯區,大坑里,891,1032,563,136,699,36,735
臺中市,北屯區,大坑里,892,1062,433,160,593,31,624
臺中市,北屯區,民德里,893,909,382,113,495,30,525
臺中市,北屯區,舊社里,894,1445,609,226,835,45,880
臺中市,北屯區,舊社里,895,1842,698,257,955,35,990
臺中市,北屯區,舊社里,896,1187,489,202,691,30,721
臺中市,北屯區,舊社里,897,1456,633,211,844,31,875
臺中市,北屯區,松茂里,898,1866,738,307,1045,46,1091
臺中市,北屯區,松茂里,899,1667,624,243,867,38,905
臺中市,北屯區,松茂里,900,1683,690,289,979,25,1004
臺中市,北屯區,松強里,901,1642,616,287,903,25,928
臺中市,北屯區,松強里,902,1475,646,232,878,16,894
臺中市,北屯區,松強里,903,1644,667,237,904,17,921
臺中市,北屯區,松強里,904,1603,636,297,933,26,959
臺中市,北屯區,松勇里,905,1949,820,300,1120,43,1163
臺中市,北屯區,松勇里,906,1790,796,307,1103,36,1139
臺中市,北屯區,松勇里,907,1440,569,258,827,28,855
臺中市,北屯區,松安里,908,1601,685,263,948,42,990
臺中市,北屯區,松安里,909,1527,599,231,830,35,865
臺中市,北屯區,松安里,910,1675,599,256,855,38,893
臺中市,北屯區,松和里,911,1579,569,204,773,38,811
臺中市,北屯區,松和里,912,1524,631,226,857,40,897
臺中市,北屯區,松和里,913,1677,646,244,890,38,928
臺中市,北屯區,松和里,914,1599,617,260,877,33,910
臺中市,北屯區,松竹里,915,1458,543,293,836,51,887
臺中市,北屯區,松竹里,916,1571,622,299,921,32,953
臺中市,北屯區,松竹里,917,1579,638,283,921,26,947
臺中市,北屯區,松竹里,918,1849,728,332,1060,35,1095
臺中市,北屯區,松竹里,919,1682,644,306,950,22,972
臺中市,北屯區,平興里,920,1760,666,267,933,34,967
臺中市,北屯區,平興里,921,1699,677,271,948,46,994
臺中市,北屯區,平興里,922,1626,695,295,990,37,1027
臺中市,北屯區,平興里,923,1491,605,285,890,12,902
臺中市,北屯區,平田里,924,1640,646,269,915,34,949
臺中市,北屯區,平田里,925,2052,764,328,1092,51,1143
臺中市,北屯區,平田里,926,1875,736,315,1051,34,1085
臺中市,北屯區,平昌里,927,1559,603,254,857,38,895
臺中市,北屯區,平昌里,928,1480,601,244,845,39,884
臺中市,北屯區,平昌里,929,1397,570,223,793,47,840
臺中市,北屯區,平安里,930,1889,770,293,1063,39,1102
臺中市,北屯區,平安里,931,1728,652,309,961,31,992
臺中市,北屯區,平安里,932,1592,610,254,864,37,901
臺中市,北屯區,平順里,933,1656,625,264,889,38,927
臺中市,北屯區,平順里,934,1524,564,237,801,30,831
臺中市,北屯區,平心里,935,1502,618,244,862,25,887
臺中市,北屯區,平心里,936,1772,695,267,962,33,995
臺中市,北屯區,平心里,937,1461,588,255,843,39,882
臺中市,北屯區,平福里,938,1769,662,268,930,21,951
臺中市,北屯區,平福里,939,1894,713,370,1083,52,1135
臺中市,北屯區,平德里,940,2033,722,313,1035,41,1076
臺中市,北屯區,平德里,941,1947,706,336,1042,30,1072
臺中市,北屯區,平德里,942,2188,839,394,1233,43,1276
臺中市,北屯區,平和里,943,1661,652,314,966,42,1008
臺中市,北屯區,平和里,944,1667,663,273,936,32,968
臺中市,北屯區,平和里,945,1728,658,301,959,26,985
臺中市,北屯區,平陽里,946,1688,665,267,932,26,958
臺中市,北屯區,平陽里,947,1475,567,254,821,24,845
臺中市,北屯區,平陽里,948,1681,715,322,1037,29,1066
臺中市,北屯區,仁和里,949,2078,858,337,1195,45,1240
臺中市,北屯區,仁和里,950,2059,806,324,1130,42,1172
臺中市,北屯區,仁和里,951,1792,699,330,1029,35,1064
臺中市,北屯區,仁和里,952,2974,712,316,1028,31,1059
臺中市,北屯區,仁愛里,953,1072,439,160,599,36,635
臺中市,北屯區,仁美里,954,2099,891,346,1237,45,1282
臺中市,北屯區,仁美里,955,1823,817,319,1136,47,1183
臺中市,北屯區,仁美里,956,2022,863,322,1185,63,1248
臺中市,北屯區,仁美里,957,1992,810,310,1120,31,1151
臺中市,北屯區,四民里,958,1585,688,250,938,44,982
臺中市,北屯區,同榮里,959,1565,683,251,934,28,962
臺中市,北屯區,同榮里,960,1780,679,226,905,43,948
臺中市,北屯區,同榮里,961,1874,814,329,1143,49,1192
臺中市,北屯區,后庄里,962,1755,795,263,1058,28,1086
臺中市,北屯區,后庄里,963,1497,722,293,1015,33,1048
臺中市,北屯區,后庄里,964,1567,678,265,943,44,987
臺中市,北屯區,后庄里,965,1624,667,225,892,29,921
臺中市,北屯區,后庄里,966,1614,708,250,958,30,988
臺中市,北屯區,后庄里,967,1595,612,269,881,35,916
臺中市,北屯區,新平里,968,1782,689,228,917,42,959
臺中市,北屯區,新平里,969,1357,519,174,693,23,716
臺中市,北屯區,新平里,970,1071,441,144,585,40,625
臺中市,北屯區,陳平里,971,1372,542,199,741,26,767
臺中市,北屯區,陳平里,972,1415,603,214,817,34,851
臺中市,北屯區,陳平里,973,1789,733,321,1054,51,1105
臺中市,北屯區,忠平里,974,1907,863,280,1143,50,1193
臺中市,北屯區,忠平里,975,2008,839,308,1147,41,1188
臺中市,北屯區,大德里,976,1541,625,215,840,46,886
臺中市,北屯區,大德里,977,1669,726,255,981,30,1011
臺中市,北屯區,大德里,978,1685,712,248,960,34,994
臺中市,北屯區,水湳里,979,1785,847,170,1017,41,1058
臺中市,北屯區,水湳里,980,1596,710,232,942,35,977
臺中市,北屯區,水湳里,981,1731,712,293,1005,41,1046
臺中市,北屯區,水湳里,982,1496,600,189,789,63,852
臺中市,北區,中正里,983,1437,545,225,770,29,799
臺中市,北區,六合里,984,1708,633,285,918,0,918
臺中市,北區,光大里,985,1051,380,150,530,29,559
臺中市,北區,光大里,986,996,416,146,562,33,595
臺中市,北區,文莊里,987,1504,647,194,841,34,875
臺中市,北區,文莊里,988,975,403,173,576,31,607
臺中市,北區,文莊里,989,886,367,141,508,24,532
臺中市,北區,大湖里,990,1276,410,170,580,32,612
臺中市,北區,大湖里,991,938,353,150,503,18,521
臺中市,北區,五常里,992,1404,539,192,731,41,772
臺中市,北區,錦平里,993,996,390,164,554,15,569
臺中市,北區,錦平里,994,869,324,149,473,35,508
臺中市,北區,新北里,995,704,313,119,432,21,453
臺中市,北區,新北里,996,979,389,137,526,21,547
臺中市,北區,新興里,997,773,299,101,400,14,414
臺中市,北區,新興里,998,759,325,122,447,23,470
臺中市,北區,樂英里,999,1438,622,172,794,48,842
臺中市,北區,樂英里,1000,1212,492,130,622,28,650
臺中市,北區,錦村里,1001,1731,695,283,978,28,1006
臺中市,北區,錦村里,1002,1445,673,218,891,27,918
臺中市,北區,建成里,1003,1855,733,262,995,41,1036
臺中市,北區,建成里,1004,1728,625,221,846,31,877
臺中市,北區,建成里,1005,1878,667,262,929,49,978
臺中市,北區,建德里,1006,1793,664,217,881,48,929
臺中市,北區,建德里,1007,1555,634,224,858,51,909
臺中市,北區,錦洲里,1008,1761,623,256,879,22,901
臺中市,北區,錦洲里,1009,1579,643,209,852,31,883
臺中市,北區,錦祥里,1010,2192,847,300,1147,53,1200
臺中市,北區,錦祥里,1011,1560,619,281,900,34,934
臺中市,北區,金華里,1012,1476,591,240,831,31,862
臺中市,北區,金華里,1013,1006,428,164,592,33,625
臺中市,北區,金龍里,1014,1403,605,185,790,28,818
臺中市,北區,金龍里,1015,1446,578,199,777,16,793
臺中市,北區,金龍里,1016,1460,571,224,795,33,828
臺中市,北區,邱厝里,1017,1233,492,217,709,23,732
臺中市,北區,邱厝里,1018,1027,448,207,655,28,683
臺中市,北區,建興里,1019,1207,477,217,694,19,713
臺中市,北區,建興里,1020,1167,493,207,700,22,722
臺中市,北區,建興里,1021,1150,439,209,648,27,675
臺中市,北區,建興里,1022,1061,425,178,603,24,627
臺中市,北區,建興里,1023,1005,418,182,600,25,625
臺中市,北區,頂厝里,1024,1250,470,227,697,27,724
臺中市,北區,頂厝里,1025,1448,590,251,841,40,881
臺中市,北區,頂厝里,1026,1379,540,246,786,41,827
臺中市,北區,崇德里,1027,1652,660,266,926,38,964
臺中市,北區,崇德里,1028,1867,651,338,989,35,1024
臺中市,北區,賴厝里,1029,2078,405,158,563,22,585
臺中市,北區,賴厝里,1030,1562,675,251,926,33,959
臺中市,北區,賴厝里,1031,1430,560,246,806,19,825
臺中市,北區,賴福里,1032,2018,792,356,1148,45,1193
臺中市,北區,賴福里,1033,1710,625,232,857,23,880
臺中市,北區,賴興里,1034,1432,567,198,765,22,787
臺中市,北區,賴興里,1035,1157,478,200,678,31,709
臺中市,北區,賴興里,1036,1188,474,225,699,31,730
臺中市,北區,賴旺里,1037,1419,588,199,787,25,812
臺中市,北區,賴旺里,1038,1653,605,281,886,26,912
臺中市,北區,賴旺里,1039,1233,488,216,704,30,734
臺中市,北區,賴明里,1040,1243,490,222,712,21,733
臺中市,北區,賴明里,1041,1219,446,197,643,12,655
臺中市,北區,賴明里,1042,1272,484,228,712,45,757
臺中市,北區,梅川里,1043,1285,501,250,751,14,765
臺中市,北區,梅川里,1044,1780,694,323,1017,35,1052
臺中市,北區,賴村里,1045,1461,540,219,759,22,781
臺中市,北區,賴村里,1046,1310,585,187,772,35,807
臺中市,北區,賴村里,1047,1669,591,309,900,25,925
臺中市,北區,育德里,1048,1932,754,340,1094,35,1129
臺中市,北區,育德里,1049,1682,655,272,927,23,950
臺中市,北區,淡溝里,1050,1891,657,347,1004,21,1025
臺中市,北區,淡溝里,1051,1882,745,280,1025,44,1069
臺中市,北區,淡溝里,1052,1159,458,191,649,19,668
臺中市,北區,健行里,1053,1553,586,274,860,43,903
臺中市,北區,健行里,1054,1607,584,281,865,28,893
臺中市,北區,健行里,1055,1773,632,332,964,36,1000
臺中市,北區,健行里,1056,1524,610,224,834,42,876
臺中市,北區,明德里,1057,1613,673,284,957,52,1009
臺中市,北區,明德里,1058,1877,738,330,1068,45,1113
臺中市,北區,明德里,1059,1792,721,286,1007,29,1036
臺中市,北區,明新里,1060,1392,600,194,794,35,829
臺中市,北區,明新里,1061,1297,516,206,722,28,750
臺中市,北區,長青里,1062,1556,617,333,950,26,976
臺中市,北區,長青里,1063,1497,554,254,808,34,842
臺中市,北區,長青里,1064,1550,607,229,836,33,869
臺中市,北區,長青里,1065,1434,508,268,776,32,808
臺中市,北區,立人里,1066,1793,679,323,1002,41,1043
臺中市,北區,立人里,1067,1866,686,334,1020,33,1053
臺中市,北區,中達里,1068,1346,583,194,777,28,805
臺中市,北區,中達里,1069,1267,513,191,704,31,735
臺中市,中區,綠川里,1070,1652,691,275,966,61,1027
臺中市,中區,繼光里,1071,1531,611,230,841,21,862
臺中市,中區,公園里,1072,1431,604,108,712,35,747
臺中市,中區,光復里,1073,1060,430,155,585,30,615
臺中市,中區,光復里,1074,982,393,139,532,21,553
臺中市,中區,大墩里,1075,1191,480,173,653,51,704
臺中市,中區,大墩里,1076,855,338,138,476,20,496
臺中市,中區,柳川里,1077,1135,389,124,513,34,547
臺中市,中區,柳川里,1078,705,324,96,420,11,431
臺中市,中區,大誠里,1079,1009,435,150,585,29,614
臺中市,中區,大誠里,1080,1304,511,172,683,51,734
臺中市,中區,中華里,1081,1841,658,232,890,26,916
臺中市,西區,三民里,1082,1400,378,129,507,18,525
臺中市,西區,三民里,1083,861,380,170,550,17,567
臺中市,西區,利民里,1084,1416,570,245,815,30,845
臺中市,西區,民生里,1085,1020,422,188,610,35,645
臺中市,西區,民生里,1086,778,341,147,488,26,514
臺中市,西區,廣民里,1087,1465,600,225,825,26,851
臺中市,西區,平和里,1088,1017,436,173,609,13,622
臺中市,西區,平和里,1089,868,348,161,509,21,530
臺中市,西區,東昇里,1090,1251,545,243,788,27,815
臺中市,西區,東昇里,1091,1044,455,204,659,29,688
臺中市,西區,公民里,1092,1487,548,281,829,29,858
臺中市,西區,公民里,1093,1573,613,281,894,41,935
臺中市,西區,公民里,1094,1731,720,311,1031,26,1057
臺中市,西區,藍興里,1095,1209,531,183,714,30,744
臺中市,西區,藍興里,1096,1564,604,277,881,25,906
臺中市,西區,藍興里,1097,1175,463,241,704,33,737
臺中市,西區,公?里,1098,1505,555,297,852,26,878
臺中市,西區,公?里,1099,1418,563,273,836,32,868
臺中市,西區,公?里,1100,1497,521,167,688,19,707
臺中市,西區,公?里,1101,1260,540,220,760,20,780
臺中市,西區,安龍里,1102,1399,561,258,819,37,856
臺中市,西區,安龍里,1103,1447,563,252,815,35,850
臺中市,西區,吉龍里,1104,1683,645,309,954,30,984
臺中市,西區,吉龍里,1105,1585,632,288,920,35,955
臺中市,西區,吉龍里,1106,1557,607,338,945,26,971
臺中市,西區,吉龍里,1107,1663,607,260,867,43,910
臺中市,西區,土庫里,1108,1921,688,393,1081,43,1124
臺中市,西區,土庫里,1109,1952,705,330,1035,23,1058
臺中市,西區,土庫里,1110,1708,683,302,985,31,1016
臺中市,西區,大忠里,1111,1131,473,231,704,16,720
臺中市,西區,大忠里,1112,1916,777,253,1030,33,1063
臺中市,西區,大忠里,1113,1275,538,237,775,15,790
臺中市,西區,民龍里,1114,1822,655,264,919,49,968
臺中市,西區,民龍里,1115,1374,522,248,770,38,808
臺中市,西區,和龍里,1116,1129,470,156,626,36,662
臺中市,西區,和龍里,1117,1201,436,201,637,42,679
臺中市,西區,後龍里,1118,1639,637,244,881,48,929
臺中市,西區,後龍里,1119,1863,726,321,1047,45,1092
臺中市,西區,?龍里,1120,1287,576,207,783,42,825
臺中市,西區,?龍里,1121,1504,610,271,881,40,921
臺中市,西區,昇平里,1122,1308,510,240,750,21,771
臺中市,西區,昇平里,1123,1433,569,245,814,36,850
臺中市,西區,昇平里,1124,1450,547,256,803,27,830
臺中市,西區,昇平里,1125,1465,603,286,889,32,921
臺中市,西區,中興里,1126,1818,670,283,953,45,998
臺中市,西區,中興里,1127,1782,699,304,1003,44,1047
臺中市,西區,公益里,1128,1428,587,271,858,31,889
臺中市,西區,公益里,1129,1366,472,204,676,25,701
臺中市,西區,公德里,1130,1498,571,256,827,31,858
臺中市,西區,公德里,1131,1350,556,247,803,30,833
臺中市,西區,公德里,1132,1339,547,250,797,24,821
臺中市,西區,公正里,1133,1613,644,289,933,32,965
臺中市,西區,公正里,1134,1454,531,289,820,37,857
臺中市,西區,公正里,1135,1597,652,306,958,30,988
臺中市,西區,公正里,1136,1411,583,288,871,30,901
臺中市,西區,公平里,1137,1493,580,273,853,43,896
臺中市,西區,公平里,1138,1600,699,248,947,37,984
臺中市,西區,公平里,1139,1710,623,320,943,36,979
臺中市,西區,忠明里,1140,1139,445,215,660,21,681
臺中市,西區,忠明里,1141,1105,461,200,661,21,682
臺中市,西區,忠明里,1142,1498,604,234,838,29,867
臺中市,西區,忠明里,1143,1921,681,271,952,38,990
臺中市,西區,忠誠里,1144,1340,521,230,751,31,782
臺中市,西區,忠誠里,1145,1536,658,276,934,28,962
臺中市,西區,忠誠里,1146,1361,529,229,758,49,807
臺中市,西區,忠誠里,1147,1430,605,269,874,24,898
臺中市,東區,新庄里,1148,1138,309,129,438,21,459
臺中市,東區,新庄里,1149,984,430,140,570,16,586
臺中市,東區,新庄里,1150,877,376,114,490,34,524
臺中市,東區,振興里,1151,1070,467,184,651,33,684
臺中市,東區,振興里,1152,1106,459,184,643,44,687
臺中市,東區,振興里,1153,953,410,133,543,39,582
臺中市,東區,東橋里,1154,1195,540,187,727,27,754
臺中市,東區,東橋里,1155,1251,523,169,692,35,727
臺中市,東區,東橋里,1156,1190,509,178,687,34,721
臺中市,東區,東興里,1157,1394,629,110,739,55,794
臺中市,東區,東興里,1158,1443,619,235,854,46,900
臺中市,東區,泉源里,1159,762,337,100,437,35,472
臺中市,東區,泉源里,1160,1140,516,195,711,32,743
臺中市,東區,干城里,1161,1211,523,179,702,49,751
臺中市,東區,干城里,1162,755,332,134,466,20,486
臺中市,東區,旱溪里,1163,1491,595,215,810,41,851
臺中市,東區,旱溪里,1164,1000,434,125,559,23,582
臺中市,東區,樂成里,1165,1114,471,180,651,37,688
臺中市,東區,樂成里,1166,1101,461,162,623,22,645
臺中市,東區,東門里,1167,1169,537,164,701,45,746
臺中市,東區,東門里,1168,1283,584,190,774,41,815
臺中市,東區,東門里,1169,1168,526,194,720,25,745
臺中市,東區,東門里,1170,1386,573,190,763,32,795
臺中市,東區,東門里,1171,1557,607,287,894,34,928
臺中市,東區,十甲里,1172,1380,571,203,774,44,818
臺中市,東區,十甲里,1173,1674,713,255,968,38,1006
臺中市,東區,十甲里,1174,1604,671,286,957,44,1001
臺中市,東區,東英里,1175,1815,741,316,1057,41,1098
臺中市,東區,東英里,1176,1700,671,254,925,43,968
臺中市,東區,東英里,1177,1592,645,247,892,27,919
臺中市,東區,東英里,1178,1850,716,261,977,46,1023
臺中市,東區,東南里,1179,1252,557,173,730,39,769
臺中市,東區,東南里,1180,1250,516,241,757,38,795
臺中市,東區,東南里,1181,1241,541,178,719,31,750
臺中市,東區,東勢里,1182,1318,465,204,669,41,710
臺中市,東區,東勢里,1183,1288,527,171,698,42,740
臺中市,東區,合作里,1184,1442,631,233,864,47,911
臺中市,東區,合作里,1185,1202,482,189,671,47,718
臺中市,東區,合作里,1186,1452,620,177,797,59,856
臺中市,東區,富仁里,1187,1480,581,224,805,34,839
臺中市,東區,富仁里,1188,1736,724,220,944,46,990
臺中市,東區,富仁里,1189,867,335,134,469,26,495
臺中市,東區,富台里,1190,1693,670,189,859,43,902
臺中市,東區,東信里,1191,1538,670,231,901,53,954
臺中市,東區,東信里,1192,1593,666,282,948,53,1001
臺中市,東區,東信里,1193,1481,565,228,793,21,814
臺中市,東區,東信里,1194,1414,611,242,853,32,885
臺中市,東區,東信里,1195,1297,538,199,737,29,766
臺中市,東區,東信里,1196,1394,593,211,804,37,841
臺中市,南區,長春里,1197,937,398,155,553,25,578
臺中市,南區,長春里,1198,1001,450,171,621,34,655
臺中市,南區,長榮里,1199,1249,571,215,786,38,824
臺中市,南區,長榮里,1200,1202,589,197,786,36,822
臺中市,南區,城隍里,1201,1130,495,200,695,28,723
臺中市,南區,城隍里,1202,1239,560,190,750,37,787
臺中市,南區,城隍里,1203,1238,498,200,698,34,732
臺中市,南區,國光里,1204,1272,540,212,752,37,789
臺中市,南區,國光里,1205,1273,547,210,757,24,781
臺中市,南區,國光里,1206,1317,540,215,755,53,808
臺中市,南區,南門里,1207,1160,546,221,767,30,797
臺中市,南區,南門里,1208,1205,510,240,750,46,796
臺中市,南區,南門里,1209,1111,469,187,656,33,689
臺中市,南區,德義里,1210,1407,668,282,950,26,976
臺中市,南區,德義里,1211,1419,587,237,824,31,855
臺中市,南區,積善里,1212,1157,517,187,704,34,738
臺中市,南區,積善里,1213,1415,557,239,796,46,842
臺中市,南區,江川里,1214,1289,593,210,803,46,849
臺中市,南區,江川里,1215,1454,608,242,850,29,879
臺中市,南區,新榮里,1216,1491,596,244,840,39,879
臺中市,南區,新榮里,1217,1394,582,219,801,33,834
臺中市,南區,新榮里,1218,1430,566,254,820,38,858
臺中市,南區,福興里,1219,1342,591,222,813,34,847
臺中市,南區,福興里,1220,1304,614,227,841,43,884
臺中市,南區,福興里,1221,1190,520,221,741,33,774
臺中市,南區,福平里,1222,1273,546,168,714,47,761
臺中市,南區,福平里,1223,1387,604,253,857,46,903
臺中市,南區,福平里,1224,1356,560,222,782,39,821
臺中市,南區,福平里,1225,1304,572,216,788,39,827
臺中市,南區,福順里,1226,1256,560,237,797,24,821
臺中市,南區,福順里,1227,1364,571,274,845,24,869
臺中市,南區,福順里,1228,1361,563,232,795,57,852
臺中市,南區,福順里,1229,1407,582,271,853,22,875
臺中市,南區,和平里,1230,1308,562,205,767,37,804
臺中市,南區,和平里,1231,1250,500,225,725,25,750
臺中市,南區,和平里,1232,1284,490,221,711,29,740
臺中市,南區,平和里,1233,1175,512,208,720,43,763
臺中市,南區,平和里,1234,1158,540,187,727,43,770
臺中市,南區,平和里,1235,1168,460,226,686,35,721
臺中市,南區,南和里,1236,1626,710,288,998,40,1038
臺中市,南區,南和里,1237,2115,601,281,882,28,910
臺中市,南區,南和里,1238,1805,693,296,989,27,1016
臺中市,南區,南和里,1239,1695,657,269,926,28,954
臺中市,南區,永興里,1240,1643,701,314,1015,36,1051
臺中市,南區,永興里,1241,1423,600,257,857,36,893
臺中市,南區,永興里,1242,1542,632,255,887,43,930
臺中市,南區,永興里,1243,1533,604,304,908,27,935
臺中市,南區,永興里,1244,1531,649,292,941,49,990
臺中市,南區,永和里,1245,1392,605,183,788,24,812
臺中市,南區,永和里,1246,1592,614,271,885,28,913
臺中市,南區,永和里,1247,1431,596,264,860,39,899
臺中市,南區,樹義里,1248,1799,665,289,954,33,987
臺中市,南區,樹義里,1249,1708,760,285,1045,47,1092
臺中市,南區,樹義里,1250,1700,687,266,953,43,996
臺中市,南區,樹義里,1251,1751,796,267,1063,28,1091
臺中市,南區,樹義里,1252,2109,830,375,1205,64,1269
臺中市,南區,樹義里,1253,1697,678,303,981,36,1017
臺中市,南區,工學里,1254,1456,540,288,828,34,862
臺中市,南區,工學里,1255,1726,785,326,1111,42,1153
臺中市,南區,工學里,1256,1723,723,319,1042,39,1081
臺中市,南區,工學里,1257,1569,656,283,939,35,974
臺中市,南區,樹德里,1258,1274,563,217,780,20,800
臺中市,南區,樹德里,1259,1390,630,269,899,27,926
臺中市,南區,樹德里,1260,1295,553,274,827,24,851
臺中市,南區,樹德里,1261,1312,586,199,785,33,818
臺中市,南區,樹德里,1262,1417,634,247,881,26,907
臺中市,南區,樹德里,1263,1230,577,238,815,42,857
臺中市,南區,西川里,1264,1308,553,209,762,32,794
臺中市,南區,西川里,1265,1467,567,267,834,52,886
臺中市,南區,西川里,1266,1399,567,236,803,30,833
臺中市,南區,崇倫里,1267,1207,519,173,692,41,733
臺中市,南區,崇倫里,1268,1317,530,239,769,31,800
臺中市,南區,崇倫里,1269,1563,584,303,887,30,917
臺中市,南區,崇倫里,1270,1221,513,230,743,28,771
臺中市,太平區,太平里,1271,1821,715,228,943,58,1001
臺中市,太平區,太平里,1272,1680,637,208,845,43,888
臺中市,太平區,太平里,1273,1947,801,261,1062,69,1131
臺中市,太平區,長億里,1274,1910,853,246,1099,48,1147
臺中市,太平區,長億里,1275,1894,719,254,973,44,1017
臺中市,太平區,長億里,1276,1953,697,283,980,51,1031
臺中市,太平區,永成里,1277,1846,761,249,1010,54,1064
臺中市,太平區,永成里,1278,1493,673,185,858,35,893
臺中市,太平區,永成里,1279,1605,673,194,867,34,901
臺中市,太平區,永成里,1280,1619,745,207,952,33,985
臺中市,太平區,中平里,1281,2011,802,263,1065,48,1113
臺中市,太平區,中平里,1282,2056,831,270,1101,27,1128
臺中市,太平區,中政里,1283,1876,733,253,986,43,1029
臺中市,太平區,中政里,1284,1815,718,229,947,43,990
臺中市,太平區,平安里,1285,1281,557,148,705,29,734
臺中市,太平區,平安里,1286,1004,477,145,622,31,653
臺中市,太平區,中興里,1287,1886,804,279,1083,50,1133
臺中市,太平區,中興里,1288,1431,624,182,806,59,865
臺中市,太平區,永平里,1289,1930,720,286,1006,52,1058
臺中市,太平區,永平里,1290,2164,821,243,1064,61,1125
臺中市,太平區,東平里,1291,2048,812,259,1071,53,1124
臺中市,太平區,東平里,1292,2035,813,238,1051,45,1096
臺中市,太平區,成功里,1293,1685,637,243,880,55,935
臺中市,太平區,成功里,1294,2185,764,277,1041,44,1085
臺中市,太平區,東和里,1295,1176,482,145,627,20,647
臺中市,太平區,東和里,1296,1597,612,230,842,26,868
臺中市,太平區,建國里,1297,1378,521,167,688,68,756
臺中市,太平區,建國里,1298,1546,654,183,837,48,885
臺中市,太平區,建興里,1299,1890,683,246,929,41,970
臺中市,太平區,建興里,1300,1053,445,116,561,35,596
臺中市,太平區,坪林里,1301,1582,679,216,895,67,962
臺中市,太平區,坪林里,1302,1699,721,265,986,29,1015
臺中市,太平區,大興里,1303,1493,548,211,759,53,812
臺中市,太平區,大興里,1304,1063,403,141,544,41,585
臺中市,太平區,勤益里,1305,1117,478,159,637,38,675
臺中市,太平區,勤益里,1306,1084,474,150,624,35,659
臺中市,太平區,光華里,1307,1776,665,140,805,31,836
臺中市,太平區,光華里,1308,1729,667,226,893,40,933
臺中市,太平區,光華里,1309,1658,607,197,804,38,842
臺中市,太平區,光明里,1310,2010,775,225,1000,53,1053
臺中市,太平區,光明里,1311,1752,664,233,897,42,939
臺中市,太平區,中山里,1312,1654,716,231,947,50,997
臺中市,太平區,中山里,1313,1951,544,200,744,26,770
臺中市,太平區,豐年里,1314,2170,946,345,1291,54,1345
臺中市,太平區,豐年里,1315,2231,950,338,1288,56,1344
臺中市,太平區,宜欣里,1316,1623,690,226,916,36,952
臺中市,太平區,宜欣里,1317,1548,579,174,753,26,779
臺中市,太平區,宜欣里,1318,1442,607,186,793,50,843
臺中市,太平區,宜欣里,1319,1501,558,172,730,28,758
臺中市,太平區,宜佳里,1320,2025,671,306,977,31,1008
臺中市,太平區,宜佳里,1321,1885,692,284,976,35,1011
臺中市,太平區,宜佳里,1322,2155,742,291,1033,35,1068
臺中市,太平區,宜昌里,1323,1775,673,217,890,34,924
臺中市,太平區,宜昌里,1324,2021,637,235,872,59,931
臺中市,太平區,新坪里,1325,2075,874,278,1152,63,1215
臺中市,太平區,新坪里,1326,1723,597,264,861,42,903
臺中市,太平區,新坪里,1327,2049,786,318,1104,38,1142
臺中市,太平區,新坪里,1328,1415,565,205,770,15,785
臺中市,太平區,新吉里,1329,1778,718,263,981,41,1022
臺中市,太平區,新吉里,1330,1706,646,228,874,37,911
臺中市,太平區,新吉里,1331,2090,792,320,1112,41,1153
臺中市,太平區,新城里,1332,2093,735,256,991,47,1038
臺中市,太平區,新城里,1333,1688,634,169,803,35,838
臺中市,太平區,新城里,1334,1488,516,211,727,29,756
臺中市,太平區,新光里,1335,1667,718,222,940,41,981
臺中市,太平區,新光里,1336,1793,937,227,1164,40,1204
臺中市,太平區,新光里,1337,1903,751,310,1061,33,1094
臺中市,太平區,新光里,1338,1834,746,252,998,28,1026
臺中市,太平區,新興里,1339,1526,624,192,816,28,844
臺中市,太平區,新興里,1340,1483,606,298,904,26,930
臺中市,太平區,新興里,1341,1694,640,296,936,24,960
臺中市,太平區,新高里,1342,1952,654,277,931,33,964
臺中市,太平區,新高里,1343,1995,770,290,1060,39,1099
臺中市,太平區,新高里,1344,1311,513,230,743,17,760
臺中市,太平區,新高里,1345,1537,634,340,974,43,1017
臺中市,太平區,新福里,1346,1974,675,264,939,44,983
臺中市,太平區,新福里,1347,1828,706,303,1009,35,1044
臺中市,太平區,新福里,1348,2191,726,332,1058,47,1105
臺中市,太平區,頭汴里,1349,1825,728,178,906,53,959
臺中市,太平區,聖和里,1350,1559,613,172,785,11,796
臺中市,太平區,東汴里,1351,1225,505,143,648,44,692
臺中市,太平區,興隆里,1352,1678,690,183,873,58,931
臺中市,太平區,興隆里,1353,1501,578,198,776,35,811
臺中市,太平區,福隆里,1354,1450,625,266,891,33,924
臺中市,太平區,福隆里,1355,2126,794,258,1052,67,1119
臺中市,太平區,黃竹里,1356,699,337,77,414,37,451
臺中市,太平區,光隆里,1357,1428,539,185,724,31,755
臺中市,太平區,光隆里,1358,1666,657,254,911,63,974
臺中市,太平區,永隆里,1359,1241,508,181,689,40,729
臺中市,太平區,永隆里,1360,1266,560,161,721,51,772
臺中市,太平區,德隆里,1361,1166,504,134,638,31,669
臺中市,太平區,德隆里,1362,1790,762,251,1013,25,1038
臺中市,太平區,德隆里,1363,1754,594,180,774,39,813
臺中市,大里區,東湖里,1364,1614,610,208,818,32,850
臺中市,大里區,東湖里,1365,1599,593,216,809,27,836
臺中市,大里區,東湖里,1366,1715,604,229,833,42,875
臺中市,大里區,東湖里,1367,1264,548,178,726,22,748
臺中市,大里區,東湖里,1368,1416,534,203,737,26,763
臺中市,大里區,東湖里,1369,1188,468,168,636,28,664
臺中市,大里區,東湖里,1370,1359,564,171,735,24,759
臺中市,大里區,西湖里,1371,1457,590,213,803,42,845
臺中市,大里區,西湖里,1372,1403,579,211,790,43,833
臺中市,大里區,大里里,1373,1697,687,231,918,47,965
臺中市,大里區,大里里,1374,1811,755,262,1017,64,1081
臺中市,大里區,新里里,1375,1830,804,144,948,39,987
臺中市,大里區,新里里,1376,2228,699,234,933,29,962
臺中市,大里區,新里里,1377,1997,832,276,1108,41,1149
臺中市,大里區,新里里,1378,2033,902,361,1263,36,1299
臺中市,大里區,新里里,1379,1835,772,316,1088,28,1116
臺中市,大里區,國光里,1380,1268,510,208,718,24,742
臺中市,大里區,國光里,1381,1645,684,233,917,38,955
臺中市,大里區,國光里,1382,1561,661,273,934,24,958
臺中市,大里區,國光里,1383,1301,624,207,831,22,853
臺中市,大里區,樹王里,1384,1621,628,224,852,47,899
臺中市,大里區,樹王里,1385,1797,670,252,922,52,974
臺中市,大里區,祥興里,1386,1230,480,179,659,29,688
臺中市,大里區,祥興里,1387,1488,604,189,793,33,826
臺中市,大里區,祥興里,1388,1459,523,228,751,48,799
臺中市,大里區,祥興里,1389,1647,673,239,912,33,945
臺中市,大里區,祥興里,1390,1100,479,174,653,40,693
臺中市,大里區,內新里,1391,1410,560,205,765,49,814
臺中市,大里區,內新里,1392,1807,683,234,917,42,959
臺中市,大里區,內新里,1393,1331,523,100,623,54,677
臺中市,大里區,內新里,1394,1801,683,270,953,21,974
臺中市,大里區,內新里,1395,1909,713,235,948,28,976
臺中市,大里區,中新里,1396,1699,616,206,822,38,860
臺中市,大里區,中新里,1397,1627,670,243,913,37,950
臺中市,大里區,中新里,1398,1912,712,312,1024,23,1047
臺中市,大里區,東昇里,1399,1753,674,222,896,50,946
臺中市,大里區,東昇里,1400,1602,648,225,873,27,900
臺中市,大里區,大元里,1401,1144,438,177,615,46,661
臺中市,大里區,大元里,1402,1655,700,228,928,49,977
臺中市,大里區,大元里,1403,1438,553,153,706,39,745
臺中市,大里區,夏田里,1404,1000,401,152,553,45,598
臺中市,大里區,仁化里,1405,1711,696,248,944,38,982
臺中市,大里區,仁化里,1406,1698,720,217,937,11,948
臺中市,大里區,仁化里,1407,1914,751,265,1016,61,1077
臺中市,大里區,仁化里,1408,1465,596,233,829,26,855
臺中市,大里區,仁化里,1409,1581,640,216,856,48,904
臺中市,大里區,仁德里,1410,1509,670,199,869,36,905
臺中市,大里區,仁德里,1411,1570,632,196,828,28,856
臺中市,大里區,仁德里,1412,1425,551,243,794,35,829
臺中市,大里區,仁德里,1413,1384,570,211,781,42,823
臺中市,大里區,健民里,1414,1204,454,136,590,24,614
臺中市,大里區,健民里,1415,1761,647,227,874,26,900
臺中市,大里區,健民里,1416,1473,531,167,698,29,727
臺中市,大里區,塗城里,1417,1675,683,224,907,39,946
臺中市,大里區,塗城里,1418,1755,721,231,952,42,994
臺中市,大里區,塗城里,1419,1593,676,219,895,66,961
臺中市,大里區,塗城里,1420,1799,723,218,941,61,1002
臺中市,大里區,塗城里,1421,1606,643,225,868,41,909
臺中市,大里區,東興里,1422,1875,711,295,1006,28,1034
臺中市,大里區,東興里,1423,1670,663,268,931,32,963
臺中市,大里區,東興里,1424,1898,709,282,991,50,1041
臺中市,大里區,東興里,1425,1679,632,237,869,34,903
臺中市,大里區,大明里,1426,1373,542,186,728,29,757
臺中市,大里區,大明里,1427,1299,546,180,726,27,753
臺中市,大里區,大明里,1428,1430,564,221,785,34,819
臺中市,大里區,永隆里,1429,1805,818,296,1114,31,1145
臺中市,大里區,永隆里,1430,1806,806,353,1159,25,1184
臺中市,大里區,永隆里,1431,1826,835,319,1154,39,1193
臺中市,大里區,永隆里,1432,1805,866,277,1143,38,1181
臺中市,大里區,永隆里,1433,1907,796,324,1120,33,1153
臺中市,大里區,日新里,1434,1103,518,160,678,24,702
臺中市,大里區,日新里,1435,1419,565,193,758,41,799
臺中市,大里區,日新里,1436,1434,635,153,788,37,825
臺中市,大里區,西榮里,1437,1875,708,222,930,44,974
臺中市,大里區,西榮里,1438,1862,720,287,1007,32,1039
臺中市,大里區,西榮里,1439,1850,712,264,976,35,1011
臺中市,大里區,長榮里,1440,1622,647,245,892,42,934
臺中市,大里區,長榮里,1441,1638,708,267,975,46,1021
臺中市,大里區,長榮里,1442,1633,725,261,986,35,1021
臺中市,大里區,長榮里,1443,1662,641,282,923,37,960
臺中市,大里區,長榮里,1444,1917,749,357,1106,27,1133
臺中市,大里區,金城里,1445,1701,646,209,855,43,898
臺中市,大里區,金城里,1446,1549,588,207,795,38,833
臺中市,大里區,金城里,1447,1567,697,200,897,25,922
臺中市,大里區,金城里,1448,1614,674,207,881,48,929
臺中市,大里區,金城里,1449,1811,725,252,977,64,1041
臺中市,大里區,金城里,1450,1336,540,193,733,32,765
臺中市,大里區,立仁里,1451,1759,710,227,937,27,964
臺中市,大里區,立仁里,1452,1783,672,234,906,43,949
臺中市,大里區,立仁里,1453,1736,641,210,851,34,885
臺中市,大里區,立德里,1454,1874,804,239,1043,43,1086
臺中市,大里區,立德里,1455,1889,777,285,1062,20,1082
臺中市,大里區,立德里,1456,1947,830,219,1049,36,1085
臺中市,大里區,立德里,1457,1938,820,269,1089,41,1130
臺中市,大里區,新仁里,1458,1836,742,254,996,56,1052
臺中市,大里區,新仁里,1459,1913,754,254,1008,41,1049
臺中市,大里區,新仁里,1460,1913,741,223,964,60,1024
臺中市,大里區,新仁里,1461,1937,753,227,980,34,1014
臺中市,大里區,瑞城里,1462,1508,602,200,802,29,831
臺中市,大里區,瑞城里,1463,1340,607,186,793,20,813
臺中市,大里區,瑞城里,1464,1656,723,219,942,32,974
臺中市,大里區,瑞城里,1465,1290,548,153,701,31,732
臺中市,大里區,瑞城里,1466,1655,654,227,881,40,921
臺中市,大里區,瑞城里,1467,1260,442,178,620,29,649
臺中市,大里區,瑞城里,1468,1247,537,198,735,20,755
臺中市,大里區,瑞城里,1469,1548,636,212,848,20,868
臺中市,霧峰區,桐林里,1470,1205,553,172,725,28,753
臺中市,霧峰區,吉峰里,1471,1620,660,234,894,33,927
臺中市,霧峰區,吉峰里,1472,1559,685,243,928,42,970
臺中市,霧峰區,吉峰里,1473,1660,668,240,908,51,959
臺中市,霧峰區,吉峰里,1474,1602,707,234,941,41,982
臺中市,霧峰區,吉峰里,1475,1325,538,164,702,34,736
臺中市,霧峰區,吉峰里,1476,1515,665,192,857,41,898
臺中市,霧峰區,甲寅里,1477,1561,622,207,829,51,880
臺中市,霧峰區,甲寅里,1478,1691,669,211,880,39,919
臺中市,霧峰區,甲寅里,1479,1486,627,195,822,42,864
臺中市,霧峰區,本鄉里,1480,975,447,133,580,37,617
臺中市,霧峰區,本鄉里,1481,1358,631,180,811,32,843
臺中市,霧峰區,中正里,1482,1141,544,189,733,28,761
臺中市,霧峰區,中正里,1483,855,418,114,532,33,565
臺中市,霧峰區,錦榮里,1484,1202,489,185,674,51,725
臺中市,霧峰區,萊園里,1485,1078,435,139,574,33,607
臺中市,霧峰區,本堂里,1486,1456,623,247,870,33,903
臺中市,霧峰區,本堂里,1487,1573,665,260,925,31,956
臺中市,霧峰區,本堂里,1488,1591,699,199,898,37,935
臺中市,霧峰區,本堂里,1489,1214,568,173,741,45,786
臺中市,霧峰區,北柳里,1490,1267,525,167,692,39,731
臺中市,霧峰區,北柳里,1491,1277,533,177,710,51,761
臺中市,霧峰區,北柳里,1492,1366,558,187,745,44,789
臺中市,霧峰區,南柳里,1493,994,493,153,646,42,688
臺中市,霧峰區,南柳里,1494,863,391,123,514,32,546
臺中市,霧峰區,四德里,1495,1274,500,178,678,46,724
臺中市,霧峰區,四德里,1496,1162,480,159,639,46,685
臺中市,霧峰區,五福里,1497,1252,558,166,724,63,787
臺中市,霧峰區,五福里,1498,1322,557,187,744,45,789
臺中市,霧峰區,丁台里,1499,1116,493,171,664,50,714
臺中市,霧峰區,丁台里,1500,1156,506,182,688,50,738
臺中市,霧峰區,北勢里,1501,1147,557,126,683,44,727
臺中市,霧峰區,北勢里,1502,928,481,102,583,47,630
臺中市,霧峰區,南勢里,1503,1296,539,159,698,36,734
臺中市,霧峰區,萬豐里,1504,1314,487,159,646,70,716
臺中市,霧峰區,萬豐里,1505,1328,609,164,773,46,819
臺中市,霧峰區,舊正里,1506,989,391,144,535,52,587
臺中市,霧峰區,舊正里,1507,1088,508,133,641,50,691
臺中市,霧峰區,坑口里,1508,1363,658,181,839,54,893
臺中市,霧峰區,坑口里,1509,1573,705,208,913,51,964
臺中市,霧峰區,峰谷里,1510,1117,499,127,626,36,662
臺中市,霧峰區,六股里,1511,1342,634,171,805,66,871
臺中市,霧峰區,六股里,1512,1024,468,159,627,56,683
臺中市,東勢區,慶福里,1513,1299,528,143,671,58,729
臺中市,東勢區,慶東里,1514,1007,441,114,555,30,585
臺中市,東勢區,慶東里,1515,859,367,76,443,38,481
臺中市,東勢區,上城里,1516,991,501,119,620,31,651
臺中市,東勢區,下城里,1517,863,351,87,438,26,464
臺中市,東勢區,詒福里,1518,1628,692,169,861,66,927
臺中市,東勢區,新盛里,1519,1335,495,173,668,60,728
臺中市,東勢區,新盛里,1520,1092,512,165,677,31,708
臺中市,東勢區,新盛里,1521,1050,505,139,644,34,678
臺中市,東勢區,新盛里,1522,1431,614,166,780,47,827
臺中市,東勢區,福隆里,1523,1372,635,157,792,34,826
臺中市,東勢區,福隆里,1524,1412,655,168,823,20,843
臺中市,東勢區,福隆里,1525,878,415,85,500,20,520
臺中市,東勢區,隆興里,1526,1475,581,151,732,37,769
臺中市,東勢區,中嵙里,1527,872,392,74,466,14,480
臺中市,東勢區,中嵙里,1528,1006,432,108,540,32,572
臺中市,東勢區,泰昌里,1529,1222,519,149,668,28,696
臺中市,東勢區,泰昌里,1530,1228,602,160,762,52,814
臺中市,東勢區,泰昌里,1531,1036,511,130,641,28,669
臺中市,東勢區,上新里,1532,977,480,126,606,23,629
臺中市,東勢區,廣興里,1533,1395,602,168,770,28,798
臺中市,東勢區,延平里,1534,1169,560,148,708,36,744
臺中市,東勢區,延平里,1535,1027,474,127,601,41,642
臺中市,東勢區,南平里,1536,984,473,112,585,21,606
臺中市,東勢區,南平里,1537,866,428,125,553,36,589
臺中市,東勢區,東安里,1538,1031,504,120,624,19,643
臺中市,東勢區,中寧里,1539,865,439,100,539,39,578
臺中市,東勢區,北興里,1540,1357,677,148,825,38,863
臺中市,東勢區,粵寧里,1541,736,332,86,418,38,456
臺中市,東勢區,粵寧里,1542,1314,599,137,736,45,781
臺中市,東勢區,下新里,1543,1677,670,189,859,66,925
臺中市,東勢區,東新里,1544,950,468,116,584,14,598
臺中市,東勢區,東新里,1545,1007,489,121,610,22,632
臺中市,東勢區,興隆里,1546,1214,461,132,593,49,642
臺中市,東勢區,茂興里,1547,907,398,79,477,44,521
臺中市,東勢區,茂興里,1548,902,355,114,469,34,503
臺中市,東勢區,泰興里,1549,720,256,64,320,16,336
臺中市,東勢區,埤頭里,1550,666,242,67,309,11,320
臺中市,東勢區,明正里,1551,1361,536,143,679,70,749
臺中市,石岡區,石岡里,1552,1244,518,172,690,34,724
臺中市,石岡區,萬安里,1553,1539,645,175,820,48,868
臺中市,石岡區,九房里,1554,1202,523,152,675,42,717
臺中市,石岡區,金星里,1555,1272,495,142,637,60,697
臺中市,石岡區,龍興里,1556,652,279,71,350,41,391
臺中市,石岡區,萬興里,1557,1457,679,204,883,77,960
臺中市,石岡區,梅子里,1558,1836,746,240,986,61,1047
臺中市,石岡區,土牛里,1559,1001,439,121,560,27,587
臺中市,石岡區,德興里,1560,1448,676,167,843,49,892
臺中市,石岡區,和盛里,1561,1229,561,168,729,35,764
臺中市,新社區,新社里,1562,1011,459,112,571,21,592
臺中市,新社區,新社里,1563,1195,440,163,603,23,626
臺中市,新社區,新社里,1564,1053,498,149,647,24,671
臺中市,新社區,復盛里,1565,961,340,86,426,27,453
臺中市,新社區,復盛里,1566,919,373,106,479,10,489
臺中市,新社區,中正里,1567,1367,636,158,794,50,844
臺中市,新社區,月湖里,1568,1010,409,122,531,26,557
臺中市,新社區,崑山里,1569,1169,404,119,523,59,582
臺中市,新社區,大南里,1570,989,406,123,529,36,565
臺中市,新社區,大南里,1571,894,388,110,498,14,512
臺中市,新社區,永源里,1572,1033,488,85,573,29,602
臺中市,新社區,永源里,1573,1058,356,104,460,27,487
臺中市,新社區,永源里,1574,845,318,95,413,20,433
臺中市,新社區,中興里,1575,576,290,67,357,32,389
臺中市,新社區,協成里,1576,1229,463,132,595,34,629
臺中市,新社區,協成里,1577,890,296,108,404,23,427
臺中市,新社區,協成里,1578,781,315,84,399,27,426
臺中市,新社區,東興里,1579,1244,491,140,631,50,681
臺中市,新社區,慶西里,1580,213,55,13,68,12,80
臺中市,新社區,慶西里,1581,676,236,61,297,26,323
臺中市,新社區,中和里,1582,585,221,49,270,14,284
臺中市,新社區,福興里,1583,938,419,94,513,23,536
臺中市,新社區,福興里,1584,224,95,12,107,4,111
臺中市,和平區,南勢里,1585,956,448,138,586,29,615
臺中市,和平區,南勢里,1586,963,504,91,595,32,627
臺中市,和平區,天輪里,1587,456,193,54,247,20,267
臺中市,和平區,博愛里,1588,1011,521,95,616,44,660
臺中市,和平區,博愛里,1589,636,312,59,371,15,386
臺中市,和平區,自由里,1590,270,115,14,129,8,137
臺中市,和平區,自由里,1591,460,287,37,324,33,357
臺中市,和平區,自由里,1592,321,187,40,227,15,242
臺中市,和平區,達觀里,1593,783,365,113,478,38,516
臺中市,和平區,達觀里,1594,336,161,38,199,12,211
臺中市,和平區,中坑里,1595,451,238,65,303,13,316
臺中市,和平區,梨山里,1596,366,179,27,206,14,220
臺中市,和平區,梨山里,1597,771,306,52,358,12,370
臺中市,和平區,梨山里,1598,574,267,37,304,17,321
臺中市,和平區,梨山里,1599,274,135,23,158,13,171
臺中市,和平區,平等里,1600,157,68,15,83,5,88
臺中市,和平區,平等里,1601,713,342,58,400,11,411
臺南市,後壁區,後壁里,1,743,303,92,395,30,425
臺南市,後壁區,後壁里,2,898,330,117,447,13,460
臺南市,後壁區,侯伯里,3,786,268,87,355,29,384
臺南市,後壁區,侯伯里,4,534,205,51,256,21,277
臺南市,後壁區,嘉苳里,5,1034,372,125,497,44,541
臺南市,後壁區,嘉苳里,6,232,52,39,91,15,106
臺南市,後壁區,土溝里,7,479,155,55,210,23,233
臺南市,後壁區,土溝里,8,837,298,91,389,18,407
臺南市,後壁區,上茄苳里,9,1085,304,127,431,28,459
臺南市,後壁區,上茄苳里,10,1157,315,115,430,10,440
臺南市,後壁區,菁豐里,11,755,286,73,359,29,388
臺南市,後壁區,菁豐里,12,458,173,75,248,11,259
臺南市,後壁區,菁寮里,13,371,129,29,158,19,177
臺南市,後壁區,菁寮里,14,676,235,79,314,19,333
臺南市,後壁區,菁寮里,15,428,134,35,169,21,190
臺南市,後壁區,新嘉里,16,547,190,43,233,11,244
臺南市,後壁區,新嘉里,17,455,182,34,216,19,235
臺南市,後壁區,長短樹里,18,984,320,82,402,32,434
臺南市,後壁區,長短樹里,19,483,155,48,203,21,224
臺南市,後壁區,長短樹里,20,536,166,46,212,16,228
臺南市,後壁區,竹新里,21,958,277,69,346,8,354
臺南市,後壁區,竹新里,22,441,194,23,217,38,255
臺南市,後壁區,新東里,23,677,258,81,339,41,380
臺南市,後壁區,新東里,24,996,419,102,521,25,546
臺南市,後壁區,頂安里,25,1255,424,137,561,18,579
臺南市,後壁區,長安里,26,678,224,65,289,10,299
臺南市,後壁區,長安里,27,553,187,55,242,7,249
臺南市,後壁區,福安里,28,616,161,61,222,12,234
臺南市,後壁區,福安里,29,1189,439,129,568,17,585
臺南市,白河區,白河里,30,1176,440,157,597,45,642
臺南市,白河區,白河里,31,546,196,76,272,12,284
臺南市,白河區,永安里,32,859,323,138,461,17,478
臺南市,白河區,永安里,33,946,399,118,517,24,541
臺南市,白河區,永安里,34,1116,428,137,565,18,583
臺南市,白河區,外角里,35,1397,431,127,558,24,582
臺南市,白河區,庄內里,36,756,223,79,302,15,317
臺南市,白河區,庄內里,37,871,304,87,391,37,428
臺南市,白河區,秀祐里,38,897,337,93,430,21,451
臺南市,白河區,河東里,39,784,193,62,255,29,284
臺南市,白河區,河東里,40,572,166,74,240,11,251
臺南市,白河區,虎山里,41,457,118,39,157,5,162
臺南市,白河區,大林里,42,600,191,44,235,7,242
臺南市,白河區,崁頭里,43,375,89,25,114,3,117
臺南市,白河區,六溪里,44,508,111,29,140,6,146
臺南市,白河區,關嶺里,45,631,156,54,210,12,222
臺南市,白河區,關嶺里,46,391,90,23,113,10,123
臺南市,白河區,仙草里,47,799,265,45,310,14,324
臺南市,白河區,仙草里,48,506,143,30,173,13,186
臺南市,白河區,詔豐里,49,832,270,88,358,15,373
臺南市,白河區,詔豐里,50,1179,410,122,532,21,553
臺南市,白河區,大竹里,51,744,194,75,269,10,279
臺南市,白河區,大竹里,52,699,198,60,258,12,270
臺南市,白河區,廣蓮里,53,633,174,51,225,14,239
臺南市,白河區,廣蓮里,54,859,303,111,414,50,464
臺南市,白河區,竹門里,55,884,270,94,364,28,392
臺南市,白河區,崎內里,56,740,161,46,207,10,217
臺南市,白河區,昇安里,57,1334,418,122,540,37,577
臺南市,白河區,汴頭里,58,723,239,68,307,48,355
臺南市,白河區,內角里,59,682,278,70,348,39,387
臺南市,白河區,馬稠後里,60,855,293,116,409,32,441
臺南市,白河區,馬稠後里,61,543,164,48,212,18,230
臺南市,東山區,東山里,62,1401,473,126,599,23,622
臺南市,東山區,東中里,63,1185,367,115,482,27,509
臺南市,東山區,東中里,64,1303,368,127,495,39,534
臺南市,東山區,東正里,65,732,214,62,276,21,297
臺南市,東山區,東正里,66,721,208,61,269,16,285
臺南市,東山區,大客里,67,1104,277,96,373,32,405
臺南市,東山區,三榮里,68,943,317,82,399,13,412
臺南市,東山區,科里里,69,653,141,40,181,4,185
臺南市,東山區,科里里,70,596,198,64,262,31,293
臺南市,東山區,東河里,71,878,281,85,366,36,402
臺南市,東山區,聖賢里,72,771,223,80,303,26,329
臺南市,東山區,聖賢里,73,483,147,54,201,11,212
臺南市,東山區,聖賢里,74,640,206,80,286,32,318
臺南市,東山區,南溪里,75,425,88,19,107,2,109
臺南市,東山區,水雲里,76,394,123,19,142,9,151
臺南市,東山區,林安里,77,373,139,40,179,13,192
臺南市,東山區,東原里,78,1257,393,74,467,25,492
臺南市,東山區,東原里,79,887,206,60,266,6,272
臺南市,東山區,嶺南里,80,658,164,30,194,7,201
臺南市,東山區,南勢里,81,1101,258,67,325,19,344
臺南市,東山區,青山里,82,1057,258,70,328,11,339
臺南市,東山區,高原里,83,639,228,68,296,15,311
臺南市,東山區,高原里,84,270,86,25,111,6,117
臺南市,鹽水區,水秀里,85,1037,414,112,526,38,564
臺南市,鹽水區,水秀里,86,480,188,60,248,10,258
臺南市,鹽水區,津城里,87,636,256,104,360,21,381
臺南市,鹽水區,津城里,88,321,131,43,174,9,183
臺南市,鹽水區,津城里,89,497,215,63,278,20,298
臺南市,鹽水區,月港里,90,759,314,121,435,10,445
臺南市,鹽水區,月港里,91,341,120,39,159,8,167
臺南市,鹽水區,月港里,92,507,205,68,273,10,283
臺南市,鹽水區,橋南里,93,863,293,99,392,8,400
臺南市,鹽水區,橋南里,94,1373,474,164,638,18,656
臺南市,鹽水區,橋南里,95,1507,536,185,721,34,755
臺南市,鹽水區,岸內里,96,1374,517,177,694,39,733
臺南市,鹽水區,岸內里,97,1244,423,160,583,17,600
臺南市,鹽水區,岸內里,98,1022,396,106,502,37,539
臺南市,鹽水區,汫水里,99,921,239,89,328,35,363
臺南市,鹽水區,義中里,100,847,312,123,435,24,459
臺南市,鹽水區,義中里,101,736,185,66,251,8,259
臺南市,鹽水區,三明里,102,761,295,91,386,8,394
臺南市,鹽水區,三明里,103,285,101,31,132,10,142
臺南市,鹽水區,三明里,104,493,148,56,204,23,227
臺南市,鹽水區,文昌里,105,621,186,41,227,24,251
臺南市,鹽水區,文昌里,106,392,116,27,143,9,152
臺南市,鹽水區,歡雅里,107,925,343,89,432,24,456
臺南市,鹽水區,歡雅里,108,728,249,59,308,21,329
臺南市,鹽水區,三和里,109,214,64,11,75,10,85
臺南市,鹽水區,三和里,110,387,138,35,173,6,179
臺南市,鹽水區,三和里,111,301,109,35,144,13,157
臺南市,鹽水區,竹林里,112,755,215,72,287,21,308
臺南市,鹽水區,竹林里,113,365,115,28,143,13,156
臺南市,鹽水區,?頭港里,114,935,322,115,437,22,459
臺南市,鹽水區,?頭港里,115,494,159,53,212,23,235
臺南市,新營區,忠政里,116,1693,552,221,773,29,802
臺南市,新營區,忠政里,117,1561,627,224,851,22,873
臺南市,新營區,忠政里,118,1487,568,210,778,31,809
臺南市,新營區,民權里,119,1232,474,161,635,22,657
臺南市,新營區,民權里,120,1067,386,155,541,19,560
臺南市,新營區,三仙里,121,1419,473,184,657,24,681
臺南市,新營區,三仙里,122,1466,577,230,807,20,827
臺南市,新營區,永平里,123,932,378,164,542,33,575
臺南市,新營區,永平里,124,1099,399,135,534,18,552
臺南市,新營區,永平里,125,757,272,83,355,21,376
臺南市,新營區,大宏里,126,888,344,149,493,19,512
臺南市,新營區,大宏里,127,1115,392,184,576,7,583
臺南市,新營區,大宏里,128,937,338,123,461,12,473
臺南市,新營區,王公里,129,1387,483,191,674,21,695
臺南市,新營區,王公里,130,1526,551,184,735,27,762
臺南市,新營區,王公里,131,1301,508,198,706,29,735
臺南市,新營區,新東里,132,1538,607,233,840,31,871
臺南市,新營區,新東里,133,1584,591,241,832,27,859
臺南市,新營區,新東里,134,1583,594,276,870,25,895
臺南市,新營區,新東里,135,1530,561,262,823,18,841
臺南市,新營區,中營里,136,1193,479,202,681,30,711
臺南市,新營區,土庫里,137,1439,386,178,564,15,579
臺南市,新營區,興業里,138,1438,581,204,785,25,810
臺南市,新營區,興業里,139,359,142,53,195,15,210
臺南市,新營區,南興里,140,1233,367,160,527,13,540
臺南市,新營區,南興里,141,1227,391,120,511,16,527
臺南市,新營區,民生里,142,1320,444,155,599,18,617
臺南市,新營區,民生里,143,1930,585,252,837,11,848
臺南市,新營區,新北里,144,1501,561,212,773,21,794
臺南市,新營區,新北里,145,1475,516,185,701,25,726
臺南市,新營區,新北里,146,1753,645,259,904,31,935
臺南市,新營區,新南里,147,1748,595,251,846,25,871
臺南市,新營區,新南里,148,1741,636,237,873,30,903
臺南市,新營區,新南里,149,1433,485,199,684,18,702
臺南市,新營區,民榮里,150,1595,572,232,804,30,834
臺南市,新營區,民榮里,151,959,348,105,453,17,470
臺南市,新營區,民榮里,152,1865,635,221,856,43,899
臺南市,新營區,埤寮里,153,1678,537,198,735,53,788
臺南市,新營區,護鎮里,154,1373,465,135,600,27,627
臺南市,新營區,太南里,155,1431,408,156,564,16,580
臺南市,新營區,太南里,156,291,85,28,113,2,115
臺南市,新營區,太北里,157,1749,626,233,859,37,896
臺南市,新營區,南紙里,158,1862,602,231,833,32,865
臺南市,新營區,南紙里,159,1821,672,258,930,48,978
臺南市,新營區,嘉芳里,160,1845,624,215,839,31,870
臺南市,新營區,姑爺里,161,542,167,47,214,5,219
臺南市,新營區,姑爺里,162,402,109,42,151,3,154
臺南市,新營區,五興里,163,703,280,88,368,43,411
臺南市,新營區,五興里,164,941,309,90,399,28,427
臺南市,柳營區,士林里,165,1166,412,144,556,23,579
臺南市,柳營區,士林里,166,625,248,95,343,9,352
臺南市,柳營區,光福里,167,738,273,67,340,13,353
臺南市,柳營區,光福里,168,834,375,113,488,9,497
臺南市,柳營區,中埕里,169,1104,392,124,516,25,541
臺南市,柳營區,東昇里,170,1015,349,117,466,18,484
臺南市,柳營區,東昇里,171,1720,687,201,888,67,955
臺南市,柳營區,八翁里,172,1391,446,161,607,57,664
臺南市,柳營區,人和里,173,425,146,53,199,10,209
臺南市,柳營區,人和里,174,318,95,31,126,10,136
臺南市,柳營區,太康里,175,753,262,89,351,25,376
臺南市,柳營區,太康里,176,730,242,72,314,29,343
臺南市,柳營區,重溪里,177,725,271,75,346,27,373
臺南市,柳營區,重溪里,178,787,314,99,413,18,431
臺南市,柳營區,重溪里,179,297,118,37,155,17,172
臺南市,柳營區,篤農里,180,673,274,78,352,23,375
臺南市,柳營區,篤農里,181,640,273,65,338,33,371
臺南市,柳營區,大農里,182,660,191,60,251,38,289
臺南市,柳營區,神農里,183,1212,426,100,526,35,561
臺南市,柳營區,神農里,184,202,67,17,84,6,90
臺南市,柳營區,果毅里,185,1049,376,99,475,39,514
臺南市,柳營區,果毅里,186,158,56,21,77,2,79
臺南市,柳營區,旭山里,187,921,308,101,409,55,464
臺南市,柳營區,旭山里,188,504,177,51,228,8,236
臺南市,柳營區,旭山里,189,157,50,12,62,3,65
臺南市,北門區,永隆里,190,484,164,68,232,11,243
臺南市,北門區,永隆里,191,401,119,37,156,9,165
臺南市,北門區,北門里,192,456,169,31,200,2,202
臺南市,北門區,北門里,193,382,161,43,204,11,215
臺南市,北門區,玉港里,194,356,139,40,179,8,187
臺南市,北門區,玉港里,195,389,134,29,163,7,170
臺南市,北門區,保吉里,196,742,266,52,318,5,323
臺南市,北門區,保吉里,197,599,215,47,262,8,270
臺南市,北門區,蚵寮里,198,594,190,46,236,14,250
臺南市,北門區,蚵寮里,199,572,188,48,236,11,247
臺南市,北門區,蚵寮里,200,318,78,32,110,2,112
臺南市,北門區,雙春里,201,473,132,43,175,4,179
臺南市,北門區,錦湖里,202,954,279,58,337,13,350
臺南市,北門區,慈安里,203,737,303,77,380,22,402
臺南市,北門區,三光里,204,679,185,43,228,11,239
臺南市,北門區,三光里,205,521,145,37,182,24,206
臺南市,北門區,文山里,206,632,186,42,228,14,242
臺南市,北門區,文山里,207,636,189,63,252,7,259
臺南市,學甲區,秀昌里,208,862,332,125,457,34,491
臺南市,學甲區,秀昌里,209,611,257,96,353,3,356
臺南市,學甲區,秀昌里,210,936,366,104,470,15,485
臺南市,學甲區,明宜里,211,1066,378,120,498,27,525
臺南市,學甲區,明宜里,212,869,345,130,475,11,486
臺南市,學甲區,慈福里,213,635,238,78,316,24,340
臺南市,學甲區,慈福里,214,822,282,92,374,11,385
臺南市,學甲區,慈福里,215,443,157,29,186,12,198
臺南市,學甲區,仁得里,216,1370,525,162,687,24,711
臺南市,學甲區,仁得里,217,1117,445,142,587,27,614
臺南市,學甲區,仁得里,218,1365,506,143,649,38,687
臺南市,學甲區,新達里,219,1489,528,155,683,34,717
臺南市,學甲區,新達里,220,627,198,47,245,25,270
臺南市,學甲區,新榮里,221,1052,393,126,519,17,536
臺南市,學甲區,新榮里,222,1183,411,153,564,12,576
臺南市,學甲區,大灣里,223,979,329,93,422,12,434
臺南市,學甲區,豐和里,224,1241,386,129,515,44,559
臺南市,學甲區,中洲里,225,843,267,62,329,13,342
臺南市,學甲區,中洲里,226,580,209,53,262,23,285
臺南市,學甲區,光華里,227,832,251,66,317,15,332
臺南市,學甲區,光華里,228,406,108,38,146,6,152
臺南市,學甲區,宅港里,229,818,319,87,406,23,429
臺南市,學甲區,平和里,230,1052,304,106,410,7,417
臺南市,學甲區,三慶里,231,578,190,61,251,11,262
臺南市,學甲區,三慶里,232,430,139,33,172,12,184
臺南市,學甲區,三慶里,233,361,138,29,167,9,176
臺南市,將軍區,長榮里,234,1110,470,149,619,34,653
臺南市,將軍區,西甲里,235,1418,544,152,696,19,715
臺南市,將軍區,西甲里,236,969,372,102,474,19,493
臺南市,將軍區,忠嘉里,237,519,215,76,291,22,313
臺南市,將軍區,忠嘉里,238,1106,413,137,550,9,559
臺南市,將軍區,忠嘉里,239,542,178,72,250,24,274
臺南市,將軍區,忠嘉里,240,315,106,28,134,3,137
臺南市,將軍區,苓仔寮里,241,584,189,53,242,9,251
臺南市,將軍區,苓仔寮里,242,398,136,47,183,8,191
臺南市,將軍區,苓仔寮里,243,608,191,63,254,12,266
臺南市,將軍區,苓仔寮里,244,442,154,60,214,15,229
臺南市,將軍區,巷埔里,245,650,206,55,261,4,265
臺南市,將軍區,巷埔里,246,573,182,38,220,9,229
臺南市,將軍區,將軍里,247,617,213,55,268,7,275
臺南市,將軍區,將軍里,248,573,222,57,279,16,295
臺南市,將軍區,將軍里,249,434,180,37,217,6,223
臺南市,將軍區,玉山里,250,849,286,84,370,6,376
臺南市,將軍區,廣山里,251,645,207,47,254,13,267
臺南市,將軍區,長沙里,252,690,255,48,303,14,317
臺南市,將軍區,長沙里,253,663,200,38,238,6,244
臺南市,將軍區,平沙里,254,1175,41,495,536,23,559
臺南市,將軍區,鯤鯓里,255,837,275,53,328,16,344
臺南市,將軍區,鯤鯓里,256,1061,396,105,501,56,557
臺南市,將軍區,鯤溟里,257,976,340,69,409,9,418
臺南市,七股區,後港里,258,534,189,59,248,9,257
臺南市,七股區,後港里,259,508,221,64,285,5,290
臺南市,七股區,大潭里,260,665,212,58,270,6,276
臺南市,七股區,篤加里,261,834,290,83,373,16,389
臺南市,七股區,頂山里,262,810,338,55,393,9,402
臺南市,七股區,西寮里,263,480,178,26,204,4,208
臺南市,七股區,?埕里,264,445,145,36,181,5,186
臺南市,七股區,中寮里,265,680,178,35,213,4,217
臺南市,七股區,龍山里,266,838,290,65,355,15,370
臺南市,七股區,龍山里,267,780,283,55,338,11,349
臺南市,七股區,溪南里,268,350,144,47,191,7,198
臺南市,七股區,七股里,269,907,365,133,498,37,535
臺南市,七股區,玉成里,270,780,268,72,340,15,355
臺南市,七股區,大埕里,271,1658,556,187,743,20,763
臺南市,七股區,大埕里,272,913,377,72,449,17,466
臺南市,七股區,樹林里,273,1202,406,163,569,33,602
臺南市,七股區,樹林里,274,696,216,60,276,9,285
臺南市,七股區,竹橋里,275,647,235,78,313,21,334
臺南市,七股區,竹橋里,276,622,295,77,372,18,390
臺南市,七股區,義合里,277,1175,515,135,650,35,685
臺南市,七股區,義合里,278,698,233,89,322,11,333
臺南市,七股區,永吉里,279,983,394,95,489,26,515
臺南市,七股區,三股里,280,1366,480,131,611,27,638
臺南市,七股區,十份里,281,1379,450,136,586,27,613
臺南市,佳里區,東寧里,282,1391,565,186,751,31,782
臺南市,佳里區,東寧里,283,829,358,120,478,15,493
臺南市,佳里區,忠仁里,284,1401,500,171,671,22,693
臺南市,佳里區,忠仁里,285,1452,501,155,656,18,674
臺南市,佳里區,鎮山里,286,1382,520,199,719,31,750
臺南市,佳里區,鎮山里,287,1463,547,186,733,49,782
臺南市,佳里區,鎮山里,288,1280,481,138,619,27,646
臺南市,佳里區,鎮山里,289,1486,560,206,766,38,804
臺南市,佳里區,安西里,290,1378,508,217,725,46,771
臺南市,佳里區,安西里,291,1505,628,184,812,35,847
臺南市,佳里區,安西里,292,1860,719,223,942,30,972
臺南市,佳里區,安西里,293,1134,448,162,610,23,633
臺南市,佳里區,文新里,294,1426,553,198,751,20,771
臺南市,佳里區,文新里,295,1779,671,251,922,25,947
臺南市,佳里區,文新里,296,1906,755,274,1029,22,1051
臺南市,佳里區,建南里,297,1425,499,202,701,28,729
臺南市,佳里區,建南里,298,1255,475,159,634,26,660
臺南市,佳里區,建南里,299,1524,532,190,722,40,762
臺南市,佳里區,南勢里,300,1631,570,248,818,19,837
臺南市,佳里區,南勢里,301,1546,612,207,819,53,872
臺南市,佳里區,南勢里,302,1187,506,180,686,26,712
臺南市,佳里區,六安里,303,1381,519,195,714,22,736
臺南市,佳里區,六安里,304,1364,498,173,671,16,687
臺南市,佳里區,六安里,305,1314,496,196,692,14,706
臺南市,佳里區,佳化里,306,1164,484,138,622,28,650
臺南市,佳里區,佳化里,307,961,372,126,498,23,521
臺南市,佳里區,佳興里,308,1218,474,144,618,30,648
臺南市,佳里區,佳興里,309,919,382,121,503,12,515
臺南市,佳里區,營溪里,310,689,262,80,342,19,361
臺南市,佳里區,營溪里,311,383,128,54,182,8,190
臺南市,佳里區,海澄里,312,1507,524,162,686,36,722
臺南市,佳里區,海澄里,313,702,255,71,326,20,346
臺南市,佳里區,下營里,314,907,391,83,474,26,500
臺南市,佳里區,下營里,315,937,396,134,530,31,561
臺南市,佳里區,塭內里,316,1030,395,148,543,20,563
臺南市,佳里區,塭內里,317,981,382,106,488,31,519
臺南市,佳里區,塭內里,318,787,305,70,375,17,392
臺南市,佳里區,民安里,319,1513,567,179,746,35,781
臺南市,佳里區,子龍里,320,714,245,72,317,15,332
臺南市,佳里區,子龍里,321,745,271,81,352,25,377
臺南市,佳里區,子龍里,322,951,316,123,439,21,460
臺南市,西港區,西港里,323,933,346,114,460,15,475
臺南市,西港區,西港里,324,901,330,131,461,15,476
臺南市,西港區,西港里,325,1314,463,154,617,17,634
臺南市,西港區,慶安里,326,1349,474,174,648,46,694
臺南市,西港區,慶安里,327,1014,405,133,538,29,567
臺南市,西港區,慶安里,328,1900,566,189,755,22,777
臺南市,西港區,南海里,329,1663,516,206,722,40,762
臺南市,西港區,南海里,330,738,238,87,325,7,332
臺南市,西港區,港東里,331,1211,449,168,617,29,646
臺南市,西港區,港東里,332,382,141,38,179,14,193
臺南市,西港區,檨林里,333,786,298,72,370,18,388
臺南市,西港區,檨林里,334,838,294,95,389,10,399
臺南市,西港區,後營里,335,1449,428,171,599,30,629
臺南市,西港區,營西里,336,1479,451,152,603,20,623
臺南市,西港區,金砂里,337,763,326,79,405,27,432
臺南市,西港區,劉厝里,338,1297,417,43,460,20,480
臺南市,西港區,竹林里,339,1393,497,159,656,22,678
臺南市,西港區,永樂里,340,958,302,94,396,10,406
臺南市,西港區,永樂里,341,391,156,53,209,10,219
臺南市,西港區,新復里,342,805,312,90,402,21,423
臺南市,下營區,下營里,343,1558,519,158,677,31,708
臺南市,下營區,仁里里,344,1112,310,140,450,20,470
臺南市,下營區,仁里里,345,893,303,98,401,28,429
臺南市,下營區,宅內里,346,1623,530,166,696,34,730
臺南市,下營區,後街里,347,1568,549,191,740,50,790
臺南市,下營區,新興里,348,985,388,103,491,19,510
臺南市,下營區,新興里,349,953,333,99,432,14,446
臺南市,下營區,營前里,350,1031,360,130,490,14,504
臺南市,下營區,營前里,351,1077,438,136,574,33,607
臺南市,下營區,大吉里,352,703,198,75,273,24,297
臺南市,下營區,大吉里,353,854,281,83,364,14,378
臺南市,下營區,茅營里,354,1164,439,136,575,38,613
臺南市,下營區,茅營里,355,1091,367,118,485,11,496
臺南市,下營區,開化里,356,959,353,103,456,33,489
臺南市,下營區,開化里,357,935,319,108,427,22,449
臺南市,下營區,西連里,358,893,331,112,443,24,467
臺南市,下營區,賀建里,359,1293,507,138,645,40,685
臺南市,下營區,紅甲里,360,1185,419,150,569,57,626
臺南市,下營區,紅甲里,361,1070,335,82,417,15,432
臺南市,六甲區,六甲里,362,819,345,96,441,29,470
臺南市,六甲區,六甲里,363,645,232,84,316,18,334
臺南市,六甲區,六甲里,364,1444,191,465,656,23,679
臺南市,六甲區,甲東里,365,1554,470,153,623,54,677
臺南市,六甲區,甲東里,366,1171,336,153,489,37,526
臺南市,六甲區,甲南里,367,1351,454,165,619,35,654
臺南市,六甲區,七甲里,368,1010,303,114,417,50,467
臺南市,六甲區,七甲里,369,919,292,99,391,49,440
臺南市,六甲區,二甲里,370,1369,444,185,629,39,668
臺南市,六甲區,二甲里,371,976,355,128,483,34,517
臺南市,六甲區,二甲里,372,1015,391,126,517,37,554
臺南市,六甲區,水林里,373,1176,389,137,526,19,545
臺南市,六甲區,水林里,374,939,348,110,458,30,488
臺南市,六甲區,中社里,375,712,253,102,355,21,376
臺南市,六甲區,中社里,376,881,313,132,445,19,464
臺南市,六甲區,龜港里,377,1184,487,165,652,38,690
臺南市,六甲區,菁埔里,378,599,284,64,348,19,367
臺南市,六甲區,王爺里,379,759,193,42,235,7,242
臺南市,六甲區,大丘里,380,621,181,55,236,14,250
臺南市,麻豆區,新興里,381,1205,452,157,609,31,640
臺南市,麻豆區,新興里,382,660,256,98,354,17,371
臺南市,麻豆區,巷口里,383,523,211,77,288,10,298
臺南市,麻豆區,巷口里,384,1597,545,241,786,26,812
臺南市,麻豆區,東角里,385,1262,482,191,673,29,702
臺南市,麻豆區,東角里,386,1325,527,210,737,24,761
臺南市,麻豆區,?江里,387,1384,474,215,689,20,709
臺南市,麻豆區,?江里,388,1121,426,166,592,15,607
臺南市,麻豆區,中興里,389,1021,356,138,494,9,503
臺南市,麻豆區,中興里,390,954,326,134,460,17,477
臺南市,麻豆區,興農里,391,1513,500,191,691,14,705
臺南市,麻豆區,油車里,392,1726,565,202,767,24,791
臺南市,麻豆區,油車里,393,1804,654,221,875,34,909
臺南市,麻豆區,北勢里,394,1106,410,117,527,20,547
臺南市,麻豆區,大埕里,395,1503,540,220,760,32,792
臺南市,麻豆區,大埕里,396,1302,457,164,621,43,664
臺南市,麻豆區,清水里,397,645,241,78,319,11,330
臺南市,麻豆區,清水里,398,777,332,88,420,18,438
臺南市,麻豆區,南勢里,399,1612,544,205,749,33,782
臺南市,麻豆區,南勢里,400,718,226,94,320,13,333
臺南市,麻豆區,寮?里,401,1656,552,183,735,15,750
臺南市,麻豆區,埤頭里,402,1355,438,188,626,43,669
臺南市,麻豆區,埤頭里,403,977,291,105,396,16,412
臺南市,麻豆區,海埔里,404,1012,332,124,456,26,482
臺南市,麻豆區,海埔里,405,626,229,105,334,15,349
臺南市,麻豆區,海埔里,406,467,124,33,157,2,159
臺南市,麻豆區,港尾里,407,1260,434,146,580,19,599
臺南市,麻豆區,麻口里,408,1111,438,133,571,28,599
臺南市,麻豆區,安業里,409,550,190,91,281,19,300
臺南市,麻豆區,安業里,410,798,303,92,395,32,427
臺南市,麻豆區,謝厝寮里,411,852,344,117,461,48,509
臺南市,麻豆區,謝厝寮里,412,830,251,92,343,7,350
臺南市,麻豆區,安正里,413,941,281,121,402,18,420
臺南市,麻豆區,井東里,414,1158,458,162,620,15,635
臺南市,麻豆區,井東里,415,612,211,75,286,8,294
臺南市,官田區,官田里,416,1104,389,120,509,13,522
臺南市,官田區,官田里,417,965,334,112,446,28,474
臺南市,官田區,二鎮里,418,1402,520,178,698,25,723
臺南市,官田區,二鎮里,419,1653,633,219,852,58,910
臺南市,官田區,烏山頭里,420,966,301,116,417,33,450
臺南市,官田區,烏山頭里,421,284,89,29,118,8,126
臺南市,官田區,大崎里,422,402,90,42,132,2,134
臺南市,官田區,隆田里,423,982,371,134,505,6,511
臺南市,官田區,隆田里,424,975,332,92,424,24,448
臺南市,官田區,隆本里,425,802,276,108,384,15,399
臺南市,官田區,隆本里,426,1118,450,150,600,21,621
臺南市,官田區,隆本里,427,1455,505,218,723,19,742
臺南市,官田區,南?里,428,1208,441,143,584,24,608
臺南市,官田區,東西庄里,429,1293,450,143,593,53,646
臺南市,官田區,東西庄里,430,607,171,75,246,19,265
臺南市,官田區,渡拔里,431,501,183,57,240,8,248
臺南市,官田區,渡拔里,432,728,286,98,384,24,408
臺南市,官田區,渡拔里,433,842,308,115,423,12,435
臺南市,官田區,渡拔里,434,515,197,58,255,23,278
臺南市,官田區,社子里,435,873,298,73,371,14,385
臺南市,大內區,石湖里,436,759,264,53,317,19,336
臺南市,大內區,石湖里,437,262,69,16,85,4,89
臺南市,大內區,石林里,438,646,199,57,256,13,269
臺南市,大內區,石城里,439,1473,452,138,590,20,610
臺南市,大內區,內江里,440,915,378,79,457,42,499
臺南市,大內區,大內里,441,779,303,106,409,36,445
臺南市,大內區,內郭里,442,637,272,95,367,26,393
臺南市,大內區,頭社里,443,993,367,91,458,23,481
臺南市,大內區,環湖里,444,766,334,62,396,21,417
臺南市,大內區,二溪里,445,841,343,75,418,26,444
臺南市,大內區,曲溪里,446,583,219,49,268,23,291
臺南市,楠西區,楠西里,447,978,353,94,447,29,476
臺南市,楠西區,楠西里,448,870,343,106,449,28,477
臺南市,楠西區,灣丘里,449,1160,321,79,400,10,410
臺南市,楠西區,密枝里,450,699,239,61,300,11,311
臺南市,楠西區,照興里,451,990,316,70,386,8,394
臺南市,楠西區,鹿田里,452,928,329,76,405,20,425
臺南市,楠西區,龜丹里,453,660,262,51,313,24,337
臺南市,楠西區,東勢里,454,1187,416,117,533,52,585
臺南市,楠西區,東勢里,455,1056,362,107,469,28,497
臺南市,南化區,南化里,456,690,260,91,351,24,375
臺南市,南化區,南化里,457,695,265,91,356,31,387
臺南市,南化區,小崙里,458,806,272,73,345,22,367
臺南市,南化區,東和里,459,654,192,51,243,29,272
臺南市,南化區,西埔里,460,783,211,50,261,24,285
臺南市,南化區,中坑里,461,425,154,45,199,9,208
臺南市,南化區,北平里,462,559,210,44,254,23,277
臺南市,南化區,北寮里,463,1189,420,105,525,6,531
臺南市,南化區,玉山里,464,1044,418,108,526,22,548
臺南市,南化區,關山里,465,941,380,98,478,12,490
臺南市,玉井區,玉井里,466,1242,457,133,590,28,618
臺南市,玉井區,玉田里,467,1141,455,135,590,18,608
臺南市,玉井區,玉田里,468,698,252,84,336,12,348
臺南市,玉井區,玉田里,469,849,307,108,415,21,436
臺南市,玉井區,玉田里,470,949,388,108,496,17,513
臺南市,玉井區,中正里,471,618,242,60,302,18,320
臺南市,玉井區,中正里,472,594,211,46,257,6,263
臺南市,玉井區,竹圍里,473,927,290,98,388,13,401
臺南市,玉井區,竹圍里,474,512,195,55,250,25,275
臺南市,玉井區,沙田里,475,509,181,45,226,19,245
臺南市,玉井區,三埔里,476,496,220,47,267,15,282
臺南市,玉井區,三和里,477,759,297,60,357,7,364
臺南市,玉井區,望明里,478,669,210,48,258,11,269
臺南市,玉井區,望明里,479,787,294,58,352,31,383
臺南市,玉井區,層林里,480,620,221,61,282,21,303
臺南市,玉井區,豐里里,481,987,362,102,464,38,502
臺南市,左鎮區,光和里,482,392,153,24,177,14,191
臺南市,左鎮區,榮和里,483,644,273,49,322,22,344
臺南市,左鎮區,左鎮里,484,468,157,37,194,7,201
臺南市,左鎮區,中正里,485,753,252,55,307,28,335
臺南市,左鎮區,睦光里,486,345,121,32,153,9,162
臺南市,左鎮區,內庄里,487,393,128,38,166,8,174
臺南市,左鎮區,岡林里,488,420,191,31,222,7,229
臺南市,左鎮區,草山里,489,313,100,25,125,7,132
臺南市,左鎮區,二寮里,490,186,66,8,74,3,77
臺南市,左鎮區,澄山里,491,504,174,33,207,24,231
臺南市,善化區,東關里,492,1132,371,155,526,14,540
臺南市,善化區,坐駕里,493,1845,614,279,893,33,926
臺南市,善化區,坐駕里,494,2090,710,314,1024,31,1055
臺南市,善化區,光文里,495,1582,614,228,842,36,878
臺南市,善化區,光文里,496,1901,701,313,1014,45,1059
臺南市,善化區,光文里,497,1818,663,261,924,34,958
臺南市,善化區,文昌里,498,1639,586,233,819,39,858
臺南市,善化區,文昌里,499,1061,412,163,575,22,597
臺南市,善化區,南關里,500,1786,691,257,948,62,1010
臺南市,善化區,頂街里,501,1147,451,141,592,34,626
臺南市,善化區,文正里,502,1581,554,208,762,28,790
臺南市,善化區,胡家里,503,1240,441,176,617,51,668
臺南市,善化區,胡厝里,504,1743,606,199,805,26,831
臺南市,善化區,什乃里,505,1246,468,218,686,36,722
臺南市,善化區,溪美里,506,961,345,134,479,19,498
臺南市,善化區,溪美里,507,938,331,117,448,8,456
臺南市,善化區,六分里,508,722,304,88,392,11,403
臺南市,善化區,六德里,509,1062,397,129,526,14,540
臺南市,善化區,田寮里,510,1715,646,191,837,50,887
臺南市,善化區,昌隆里,511,1120,389,133,522,35,557
臺南市,善化區,昌隆里,512,865,318,98,416,24,440
臺南市,善化區,牛庄里,513,1574,532,257,789,35,824
臺南市,善化區,嘉北里,514,1535,493,175,668,31,699
臺南市,善化區,嘉南里,515,1106,387,156,543,46,589
臺南市,善化區,小新里,516,1402,511,190,701,25,726
臺南市,善化區,小新里,517,1458,605,226,831,45,876
臺南市,善化區,小新里,518,1380,422,203,625,20,645
臺南市,善化區,蓮潭里,519,1232,379,251,630,12,642
臺南市,善化區,蓮潭里,520,1069,342,232,574,9,583
臺南市,安定區,蘇林里,521,1251,538,177,715,65,780
臺南市,安定區,蘇林里,522,899,355,121,476,34,510
臺南市,安定區,蘇厝里,523,1106,399,166,565,47,612
臺南市,安定區,蘇厝里,524,948,395,100,495,39,534
臺南市,安定區,安定里,525,1442,482,197,679,42,721
臺南市,安定區,安加里,526,1385,542,171,713,24,737
臺南市,安定區,安加里,527,801,352,86,438,22,460
臺南市,安定區,港尾里,528,736,231,92,323,20,343
臺南市,安定區,港尾里,529,781,290,87,377,31,408
臺南市,安定區,中榮里,530,795,316,102,418,22,440
臺南市,安定區,中榮里,531,862,354,120,474,37,511
臺南市,安定區,港口里,532,1487,547,181,728,11,739
臺南市,安定區,港口里,533,1385,528,184,712,18,730
臺南市,安定區,港南里,534,1518,548,170,718,31,749
臺南市,安定區,港南里,535,1094,468,144,612,30,642
臺南市,安定區,嘉同里,536,1590,623,195,818,73,891
臺南市,安定區,嘉同里,537,754,313,85,398,30,428
臺南市,安定區,中沙里,538,716,280,95,375,33,408
臺南市,安定區,新吉里,539,1492,565,211,776,41,817
臺南市,安定區,新吉里,540,943,371,125,496,27,523
臺南市,安定區,海寮里,541,1157,469,154,623,21,644
臺南市,安定區,海寮里,542,1384,534,181,715,56,771
臺南市,安定區,文科里,543,967,354,133,487,45,532
臺南市,安定區,文科里,544,611,266,80,346,15,361
臺南市,新市區,新市里,545,960,365,110,475,14,489
臺南市,新市區,新市里,546,1118,451,180,631,28,659
臺南市,新市區,新市里,547,850,303,107,410,8,418
臺南市,新市區,新和里,548,1241,444,189,633,28,661
臺南市,新市區,新和里,549,1297,502,178,680,26,706
臺南市,新市區,新和里,550,962,379,139,518,28,546
臺南市,新市區,新和里,551,1237,488,186,674,27,701
臺南市,新市區,新和里,552,1326,499,192,691,29,720
臺南市,新市區,社內里,553,1211,481,175,656,41,697
臺南市,新市區,社內里,554,1305,461,188,649,21,670
臺南市,新市區,大洲里,555,688,274,75,349,28,377
臺南市,新市區,豐華里,556,911,361,133,494,23,517
臺南市,新市區,三舍里,557,1525,514,205,719,21,740
臺南市,新市區,大營里,558,1091,349,124,473,8,481
臺南市,新市區,大營里,559,1122,419,138,557,12,569
臺南市,新市區,大營里,560,1049,407,106,513,19,532
臺南市,新市區,大社里,561,1564,514,212,726,16,742
臺南市,新市區,大社里,562,1515,592,193,785,33,818
臺南市,新市區,大社里,563,1378,560,165,725,20,745
臺南市,新市區,潭頂里,564,827,361,123,484,33,517
臺南市,新市區,潭頂里,565,960,461,126,587,30,617
臺南市,新市區,港墘里,566,951,374,98,472,28,500
臺南市,新市區,港墘里,567,1264,394,267,661,35,696
臺南市,新市區,港墘里,568,1173,432,179,611,28,639
臺南市,新市區,永就里,569,684,283,103,386,11,397
臺南市,新市區,永就里,570,1055,478,142,620,33,653
臺南市,新市區,永就里,571,1122,486,183,669,23,692
臺南市,山上區,明和里,572,855,261,72,333,33,366
臺南市,山上區,明和里,573,836,264,64,328,20,348
臺南市,山上區,南洲里,574,753,255,102,357,25,382
臺南市,山上區,南洲里,575,788,285,74,359,20,379
臺南市,山上區,山上里,576,984,345,118,463,34,497
臺南市,山上區,新莊里,577,972,318,115,433,14,447
臺南市,山上區,玉?里,578,553,139,39,178,3,181
臺南市,山上區,平陽里,579,378,127,33,160,7,167
臺南市,山上區,豐德里,580,392,140,29,169,17,186
臺南市,新化區,武安里,581,746,339,93,432,23,455
臺南市,新化區,武安里,582,1102,461,174,635,19,654
臺南市,新化區,武安里,583,370,164,44,208,11,219
臺南市,新化區,武安里,584,947,398,149,547,20,567
臺南市,新化區,東榮里,585,1154,461,123,584,28,612
臺南市,新化區,東榮里,586,1082,402,166,568,39,607
臺南市,新化區,東榮里,587,1075,442,145,587,24,611
臺南市,新化區,東榮里,588,640,246,84,330,12,342
臺南市,新化區,護國里,589,410,153,58,211,9,220
臺南市,新化區,護國里,590,533,202,62,264,18,282
臺南市,新化區,護國里,591,836,341,136,477,10,487
臺南市,新化區,護國里,592,978,304,105,409,14,423
臺南市,新化區,太平里,593,1348,523,217,740,24,764
臺南市,新化區,太平里,594,1015,366,133,499,39,538
臺南市,新化區,太平里,595,1228,436,138,574,27,601
臺南市,新化區,太平里,596,789,311,119,430,26,456
臺南市,新化區,協興里,597,1022,426,141,567,17,584
臺南市,新化區,協興里,598,1021,408,115,523,16,539
臺南市,新化區,協興里,599,1229,493,195,688,30,718
臺南市,新化區,唪口里,600,1153,428,161,589,13,602
臺南市,新化區,唪口里,601,1012,344,101,445,13,458
臺南市,新化區,北勢里,602,1458,592,195,787,23,810
臺南市,新化區,豐榮里,603,1645,670,231,901,25,926
臺南市,新化區,豐榮里,604,1016,410,158,568,27,595
臺南市,新化區,豐榮里,605,559,199,88,287,13,300
臺南市,新化區,全興里,606,1222,505,166,671,16,687
臺南市,新化區,全興里,607,1562,612,283,895,29,924
臺南市,新化區,崙頂里,608,994,343,114,457,22,479
臺南市,新化區,崙頂里,609,1013,400,124,524,42,566
臺南市,新化區,知義里,610,1197,506,151,657,24,681
臺南市,新化區,知義里,611,1021,388,91,479,40,519
臺南市,新化區,山?里,612,1428,488,145,633,26,659
臺南市,新化區,大坑里,613,456,152,46,198,20,218
臺南市,新化區,??拔里,614,1037,434,128,562,34,596
臺南市,新化區,??拔里,615,1097,455,133,588,30,618
臺南市,新化區,羊林里,616,902,362,112,474,29,503
臺南市,新化區,礁坑里,617,999,370,100,470,46,516
臺南市,安南區,東和里,618,2549,869,444,1313,48,1361
臺南市,安南區,??南里,619,2321,884,307,1191,31,1222
臺南市,安南區,??南里,620,2156,832,318,1150,43,1193
臺南市,安南區,州南里,621,1662,704,226,930,45,975
臺南市,安南區,州南里,622,1512,646,200,846,57,903
臺南市,安南區,州南里,623,1625,599,195,794,32,826
臺南市,安南區,安順里,624,2143,713,276,989,40,1029
臺南市,安南區,安順里,625,2457,1014,267,1281,47,1328
臺南市,安南區,州北里,626,2148,827,327,1154,49,1203
臺南市,安南區,州北里,627,2364,827,355,1182,46,1228
臺南市,安南區,新順里,628,1868,636,269,905,30,935
臺南市,安南區,新順里,629,1797,725,282,1007,42,1049
臺南市,安南區,新順里,630,2268,891,304,1195,33,1228
臺南市,安南區,頂安里,631,2291,730,301,1031,36,1067
臺南市,安南區,頂安里,632,2255,800,320,1120,38,1158
臺南市,安南區,安慶里,633,1940,632,281,913,36,949
臺南市,安南區,安慶里,634,2013,791,312,1103,22,1125
臺南市,安南區,安慶里,635,2024,738,272,1010,34,1044
臺南市,安南區,溪北里,636,1613,632,307,939,46,985
臺南市,安南區,溪北里,637,1178,449,150,599,29,628
臺南市,安南區,安和里,638,2143,828,283,1111,46,1157
臺南市,安南區,安西里,639,1721,651,280,931,36,967
臺南市,安南區,安西里,640,1773,688,275,963,49,1012
臺南市,安南區,溪頂里,641,1428,560,217,777,12,789
臺南市,安南區,溪頂里,642,1626,654,216,870,24,894
臺南市,安南區,溪頂里,643,1358,472,231,703,32,735
臺南市,安南區,安東里,644,1447,609,221,830,22,852
臺南市,安南區,安東里,645,1358,527,191,718,56,774
臺南市,安南區,鳳凰里,646,2116,772,268,1040,25,1065
臺南市,安南區,鳳凰里,647,2321,845,274,1119,21,1140
臺南市,安南區,梅花里,648,2117,754,306,1060,31,1091
臺南市,安南區,梅花里,649,1927,665,252,917,46,963
臺南市,安南區,理想里,650,2242,774,326,1100,46,1146
臺南市,安南區,理想里,651,2334,821,297,1118,37,1155
臺南市,安南區,大安里,652,1822,676,271,947,46,993
臺南市,安南區,大安里,653,1813,735,256,991,42,1033
臺南市,安南區,原佃里,654,2188,806,316,1122,53,1175
臺南市,安南區,長安里,655,2399,848,288,1136,41,1177
臺南市,安南區,長安里,656,2247,736,272,1008,60,1068
臺南市,安南區,公親里,657,1165,505,177,682,46,728
臺南市,安南區,布袋里,658,1539,553,201,754,31,785
臺南市,安南區,總頭里,659,1835,728,264,992,50,1042
臺南市,安南區,南興里,660,1797,686,229,915,67,982
臺南市,安南區,學東里,661,2223,746,288,1034,63,1097
臺南市,安南區,公??里,662,977,440,139,579,44,623
臺南市,安南區,佃東里,663,1642,569,189,758,19,777
臺南市,安南區,佃東里,664,1697,668,229,897,43,940
臺南市,安南區,佃西里,665,1966,688,244,932,30,962
臺南市,安南區,淵西里,666,1319,483,171,654,49,703
臺南市,安南區,淵西里,667,1909,627,275,902,32,934
臺南市,安南區,海西里,668,1763,681,225,906,41,947
臺南市,安南區,海西里,669,965,354,131,485,35,520
臺南市,安南區,海東里,670,1547,507,175,682,35,717
臺南市,安南區,海東里,671,1784,637,234,871,41,912
臺南市,安南區,海東里,672,2145,739,270,1009,22,1031
臺南市,安南區,溪心里,673,2443,786,496,1282,24,1306
臺南市,安南區,溪心里,674,2565,852,266,1118,17,1135
臺南市,安南區,溪心里,675,2480,931,326,1257,35,1292
臺南市,安南區,淵東里,676,2349,704,299,1003,56,1059
臺南市,安南區,淵東里,677,2168,800,322,1122,43,1165
臺南市,安南區,淵中里,678,1630,627,195,822,27,849
臺南市,安南區,淵中里,679,1675,581,195,776,28,804
臺南市,安南區,溪墘里,680,1627,758,225,983,36,1019
臺南市,安南區,溪墘里,681,1493,622,184,806,21,827
臺南市,安南區,海佃里,682,1397,568,192,760,30,790
臺南市,安南區,海佃里,683,1416,556,175,731,33,764
臺南市,安南區,海佃里,684,1460,561,198,759,25,784
臺南市,安南區,國安里,685,2222,694,292,986,31,1017
臺南市,安南區,溪東里,686,2070,753,300,1053,45,1098
臺南市,安南區,溪東里,687,1739,693,247,940,27,967
臺南市,安南區,安富里,688,1830,682,217,899,38,937
臺南市,安南區,安富里,689,1803,735,278,1013,43,1056
臺南市,安南區,安富里,690,1800,698,295,993,27,1020
臺南市,安南區,幸福里,691,1815,578,233,811,40,851
臺南市,安南區,幸福里,692,1846,647,233,880,34,914
臺南市,安南區,海南里,693,905,401,137,538,20,558
臺南市,安南區,海南里,694,1073,464,177,641,30,671
臺南市,安南區,城東里,695,1579,668,199,867,49,916
臺南市,安南區,城南里,696,1876,685,216,901,74,975
臺南市,安南區,城南里,697,1194,423,169,592,29,621
臺南市,安南區,青草里,698,1475,455,146,601,21,622
臺南市,安南區,城西里,699,1380,528,154,682,25,707
臺南市,安南區,城北里,700,1462,217,501,718,27,745
臺南市,安南區,城中里,701,1044,453,135,588,29,617
臺南市,安南區,砂崙里,702,603,262,98,360,35,395
臺南市,安南區,砂崙里,703,690,285,96,381,18,399
臺南市,安南區,顯宮里,704,1447,471,214,685,38,723
臺南市,安南區,鹿耳里,705,910,436,130,566,32,598
臺南市,安南區,四草里,706,1850,670,206,876,37,913
臺南市,安南區,?田里,707,1501,651,209,860,31,891
臺南市,永康區,五王里,708,1398,508,227,735,30,765
臺南市,永康區,五王里,709,1478,475,195,670,21,691
臺南市,永康區,五王里,710,1442,479,229,708,17,725
臺南市,永康區,五王里,711,1353,473,172,645,24,669
臺南市,永康區,三合里,712,1160,460,143,603,20,623
臺南市,永康區,三合里,713,1122,443,170,613,18,631
臺南市,永康區,三合里,714,1165,419,164,583,7,590
臺南市,永康區,六合里,715,1317,450,200,650,10,660
臺南市,永康區,六合里,716,1376,527,165,692,18,710
臺南市,永康區,六合里,717,1361,472,241,713,18,731
臺南市,永康區,六合里,718,1374,505,279,784,18,802
臺南市,永康區,網寮里,719,1709,561,241,802,37,839
臺南市,永康區,網寮里,720,1717,597,215,812,24,836
臺南市,永康區,網寮里,721,1759,583,237,820,30,850
臺南市,永康區,網寮里,722,1636,595,239,834,20,854
臺南市,永康區,二王里,723,1442,529,208,737,28,765
臺南市,永康區,二王里,724,1545,536,217,753,26,779
臺南市,永康區,二王里,725,1565,609,175,784,21,805
臺南市,永康區,二王里,726,1684,546,251,797,20,817
臺南市,永康區,二王里,727,1548,546,220,766,12,778
臺南市,永康區,永康里,728,1389,564,193,757,17,774
臺南市,永康區,永康里,729,1369,497,215,712,24,736
臺南市,永康區,永康里,730,1415,559,180,739,39,778
臺南市,永康區,永康里,731,1386,429,202,631,9,640
臺南市,永康區,永康里,732,1747,335,98,433,5,438
臺南市,永康區,永康里,733,1485,531,218,749,21,770
臺南市,永康區,埔園里,734,1747,604,258,862,32,894
臺南市,永康區,埔園里,735,1744,560,223,783,23,806
臺南市,永康區,埔園里,736,1797,641,220,861,18,879
臺南市,永康區,埔園里,737,1800,713,260,973,24,997
臺南市,永康區,龍埔里,738,1720,634,203,837,14,851
臺南市,永康區,龍埔里,739,1708,638,266,904,23,927
臺南市,永康區,正強里,740,1519,642,217,859,16,875
臺南市,永康區,正強里,741,1497,616,196,812,35,847
臺南市,永康區,正強里,742,1509,618,203,821,18,839
臺南市,永康區,正強里,743,1542,673,205,878,40,918
臺南市,永康區,正強里,744,1536,552,275,827,15,842
臺南市,永康區,大橋里,745,1531,552,248,800,23,823
臺南市,永康區,大橋里,746,1327,530,220,750,17,767
臺南市,永康區,大橋里,747,1456,527,240,767,7,774
臺南市,永康區,大橋里,748,1396,514,263,777,13,790
臺南市,永康區,東橋里,749,1636,569,243,812,37,849
臺南市,永康區,東橋里,750,1592,552,283,835,29,864
臺南市,永康區,東橋里,751,2017,579,371,950,10,960
臺南市,永康區,東橋里,752,672,261,104,365,10,375
臺南市,永康區,西橋里,753,1611,554,230,784,13,797
臺南市,永康區,西橋里,754,1502,519,255,774,22,796
臺南市,永康區,安康里,755,1660,506,231,737,16,753
臺南市,永康區,安康里,756,1561,456,230,686,15,701
臺南市,永康區,安康里,757,1590,540,239,779,21,800
臺南市,永康區,蔦松里,758,924,335,152,487,14,501
臺南市,永康區,蔦松里,759,938,381,147,528,22,550
臺南市,永康區,三民里,760,957,378,147,525,27,552
臺南市,永康區,三民里,761,496,170,76,246,33,279
臺南市,永康區,?行里,762,1717,647,233,880,31,911
臺南市,永康區,?行里,763,1615,552,207,759,21,780
臺南市,永康區,?行里,764,1554,580,203,783,12,795
臺南市,永康區,?興里,765,1196,452,147,599,19,618
臺南市,永康區,?興里,766,1274,459,193,652,16,668
臺南市,永康區,?興里,767,1215,454,183,637,17,654
臺南市,永康區,?洲里,768,1457,545,218,763,11,774
臺南市,永康區,?洲里,769,1451,569,215,784,10,794
臺南市,永康區,?洲里,770,1423,488,184,672,19,691
臺南市,永康區,?洲里,771,1394,572,170,742,29,771
臺南市,永康區,甲頂里,772,890,348,138,486,30,516
臺南市,永康區,甲頂里,773,1018,446,147,593,25,618
臺南市,永康區,甲頂里,774,368,145,55,200,15,215
臺南市,永康區,尚頂里,775,1208,533,176,709,22,731
臺南市,永康區,尚頂里,776,1187,392,192,584,25,609
臺南市,永康區,尚頂里,777,1381,483,202,685,18,703
臺南市,永康區,龍潭里,778,1405,526,186,712,32,744
臺南市,永康區,龍潭里,779,1445,461,211,672,56,728
臺南市,永康區,龍潭里,780,1687,559,265,824,28,852
臺南市,永康區,龍潭里,781,1535,498,198,696,34,730
臺南市,永康區,永明里,782,1542,559,228,787,49,836
臺南市,永康區,永明里,783,1618,573,232,805,22,827
臺南市,永康區,永明里,784,1338,514,216,730,16,746
臺南市,永康區,王行里,785,1285,517,191,708,37,745
臺南市,永康區,王行里,786,1240,465,179,644,18,662
臺南市,永康區,烏竹里,787,1343,487,162,649,26,675
臺南市,永康區,烏竹里,788,1327,522,221,743,23,766
臺南市,永康區,西勢里,789,1565,552,236,788,30,818
臺南市,永康區,西勢里,790,1476,569,205,774,53,827
臺南市,永康區,西勢里,791,1476,538,216,754,30,784
臺南市,永康區,西勢里,792,1463,580,249,829,16,845
臺南市,永康區,新樹里,793,983,390,143,533,40,573
臺南市,永康區,新樹里,794,1116,444,174,618,39,657
臺南市,永康區,大灣里,795,1117,409,154,563,33,596
臺南市,永康區,大灣里,796,1069,373,139,512,25,537
臺南市,永康區,大灣里,797,1180,490,183,673,28,701
臺南市,永康區,東灣里,798,1176,461,142,603,50,653
臺南市,永康區,東灣里,799,1158,417,174,591,19,610
臺南市,永康區,東灣里,800,1208,468,196,664,48,712
臺南市,永康區,西灣里,801,1501,562,202,764,46,810
臺南市,永康區,西灣里,802,1298,514,206,720,25,745
臺南市,永康區,西灣里,803,1542,560,238,798,19,817
臺南市,永康區,西灣里,804,1537,575,260,835,25,860
臺南市,永康區,西灣里,805,1359,554,234,788,39,827
臺南市,永康區,南灣里,806,1139,394,139,533,25,558
臺南市,永康區,南灣里,807,1158,399,153,552,28,580
臺南市,永康區,南灣里,808,1538,529,221,750,37,787
臺南市,永康區,崑山里,809,1166,442,143,585,18,603
臺南市,永康區,崑山里,810,1228,463,167,630,21,651
臺南市,永康區,崑山里,811,1200,472,181,653,28,681
臺南市,永康區,崑山里,812,1131,430,193,623,17,640
臺南市,永康區,崑山里,813,1147,433,188,621,9,630
臺南市,永康區,北灣里,814,1442,522,190,712,26,738
臺南市,永康區,北灣里,815,1325,469,197,666,20,686
臺南市,永康區,北灣里,816,1260,434,145,579,23,602
臺南市,永康區,北興里,817,1631,571,207,778,22,800
臺南市,永康區,北興里,818,1549,537,206,743,26,769
臺南市,永康區,北興里,819,1666,591,234,825,16,841
臺南市,永康區,復興里,820,1012,360,102,462,36,498
臺南市,永康區,復興里,821,976,340,113,453,12,465
臺南市,永康區,光復里,822,531,215,70,285,10,295
臺南市,永康區,建國里,823,859,361,121,482,19,501
臺南市,永康區,建國里,824,937,324,131,455,14,469
臺南市,永康區,復國里,825,1307,509,175,684,22,706
臺南市,永康區,復國里,826,1482,522,174,696,18,714
臺南市,永康區,復國里,827,1341,433,176,609,23,632
臺南市,永康區,復國里,828,1376,470,205,675,30,705
臺南市,永康區,復國里,829,1390,481,184,665,26,691
臺南市,永康區,復國里,830,1534,575,235,810,26,836
臺南市,永康區,復華里,831,1460,590,199,789,21,810
臺南市,永康區,復華里,832,1383,495,196,691,21,712
臺南市,永康區,復華里,833,1299,500,186,686,20,706
臺南市,永康區,復華里,834,1264,481,210,691,11,702
臺南市,永康區,復華里,835,1355,511,239,750,23,773
臺南市,永康區,復華里,836,1414,507,191,698,20,718
臺南市,永康區,復華里,837,1109,433,183,616,13,629
臺南市,永康區,神洲里,838,1151,421,137,558,32,590
臺南市,永康區,成功里,839,1026,464,174,638,24,662
臺南市,永康區,成功里,840,1071,437,129,566,14,580
臺南市,永康區,中華里,841,1387,618,245,863,15,878
臺南市,永康區,中華里,842,1377,541,246,787,27,814
臺南市,永康區,中興里,843,1687,647,231,878,36,914
臺南市,永康區,中興里,844,1700,588,241,829,20,849
臺南市,永康區,勝利里,845,1444,556,226,782,18,800
臺南市,永康區,勝利里,846,1485,548,198,746,21,767
臺南市,永康區,勝利里,847,1717,570,239,809,25,834
臺南市,永康區,勝利里,848,1701,529,233,762,37,799
臺南市,永康區,勝利里,849,1382,493,202,695,19,714
臺南市,北區,開元里,850,1793,647,228,875,39,914
臺南市,北區,開元里,851,1708,611,216,827,33,860
臺南市,北區,元寶里,852,997,326,184,510,5,515
臺南市,北區,元寶里,853,1452,386,255,641,13,654
臺南市,北區,元寶里,854,1351,460,221,681,11,692
臺南市,北區,合興里,855,1323,577,231,808,26,834
臺南市,北區,合興里,856,1073,463,155,618,14,632
臺南市,北區,合興里,857,1138,487,177,664,16,680
臺南市,北區,力行里,858,1189,476,149,625,16,641
臺南市,北區,力行里,859,1262,514,233,747,23,770
臺南市,北區,重興里,860,1017,411,188,599,13,612
臺南市,北區,重興里,861,847,327,141,468,8,476
臺南市,北區,東興里,862,1076,468,137,605,20,625
臺南市,北區,東興里,863,954,391,167,558,11,569
臺南市,北區,長勝里,864,1300,496,170,666,36,702
臺南市,北區,長勝里,865,1390,540,179,719,21,740
臺南市,北區,長勝里,866,1318,555,168,723,18,741
臺南市,北區,振興里,867,974,374,145,519,7,526
臺南市,北區,振興里,868,990,386,147,533,11,544
臺南市,北區,仁愛里,869,1016,394,223,617,11,628
臺南市,北區,仁愛里,870,1053,422,151,573,19,592
臺南市,北區,中樓里,871,1466,525,215,740,38,778
臺南市,北區,永祥里,872,1535,617,214,831,25,856
臺南市,北區,永祥里,873,1544,591,186,777,37,814
臺南市,北區,北門里,874,1760,700,258,958,35,993
臺南市,北區,北門里,875,1372,537,183,720,26,746
臺南市,北區,北門里,876,1002,428,143,571,15,586
臺南市,北區,北門里,877,1171,500,160,660,26,686
臺南市,北區,大光里,878,1285,456,167,623,14,637
臺南市,北區,大光里,879,1036,418,112,530,19,549
臺南市,北區,大光里,880,1392,528,200,728,23,751
臺南市,北區,大光里,881,1147,479,142,621,21,642
臺南市,北區,大興里,882,1526,535,174,709,13,722
臺南市,北區,大興里,883,1559,608,219,827,24,851
臺南市,北區,公園里,884,892,358,124,482,34,516
臺南市,北區,公園里,885,937,335,135,470,20,490
臺南市,北區,北華里,886,1449,562,234,796,39,835
臺南市,北區,北華里,887,1160,452,157,609,13,622
臺南市,北區,北華里,888,1567,409,173,582,21,603
臺南市,北區,長興里,889,1346,517,192,709,20,729
臺南市,北區,長興里,890,1451,497,208,705,12,717
臺南市,北區,小北里,891,1522,582,217,799,11,810
臺南市,北區,小北里,892,1278,486,175,661,19,680
臺南市,北區,小北里,893,1164,445,145,590,24,614
臺南市,北區,正覺里,894,1091,391,162,553,12,565
臺南市,北區,正覺里,895,993,391,128,519,23,542
臺南市,北區,正覺里,896,1119,418,109,527,14,541
臺南市,北區,成功里,897,1685,610,289,899,31,930
臺南市,北區,成功里,898,1368,512,221,733,11,744
臺南市,北區,成功里,899,1389,498,229,727,30,757
臺南市,北區,華德里,900,1469,572,270,842,12,854
臺南市,北區,華德里,901,1655,614,315,929,26,955
臺南市,北區,福德里,902,1261,488,218,706,13,719
臺南市,北區,福德里,903,1490,440,243,683,12,695
臺南市,北區,福德里,904,1436,550,262,812,20,832
臺南市,北區,成德里,905,1340,558,199,757,36,793
臺南市,北區,成德里,906,1464,521,262,783,23,806
臺南市,北區,成德里,907,1513,582,273,855,20,875
臺南市,北區,和順里,908,1709,610,339,949,24,973
臺南市,北區,和順里,909,1517,587,298,885,24,909
臺南市,北區,和順里,910,1598,566,266,832,19,851
臺南市,北區,立人里,911,1399,455,264,719,26,745
臺南市,北區,立人里,912,1214,464,175,639,30,669
臺南市,北區,雙安里,913,1064,393,201,594,10,604
臺南市,北區,雙安里,914,1148,453,229,682,23,705
臺南市,北區,文成里,915,1391,552,228,780,25,805
臺南市,北區,文成里,916,1584,624,258,882,22,904
臺南市,北區,元美里,917,1595,613,260,873,19,892
臺南市,北區,元美里,918,1397,526,216,742,22,764
臺南市,北區,文元里,919,1662,599,273,872,21,893
臺南市,北區,文元里,920,1634,561,277,838,13,851
臺南市,北區,大和里,921,1793,715,278,993,24,1017
臺南市,北區,大和里,922,1872,710,296,1006,30,1036
臺南市,北區,大港里,923,1874,691,288,979,40,1019
臺南市,北區,大港里,924,1760,645,236,881,38,919
臺南市,北區,大港里,925,1753,603,262,865,41,906
臺南市,北區,大豐里,926,1502,471,212,683,15,698
臺南市,北區,大豐里,927,1470,543,238,781,20,801
臺南市,北區,大豐里,928,1319,483,197,680,30,710
臺南市,北區,賢北里,929,1876,742,283,1025,30,1055
臺南市,北區,賢北里,930,1720,613,286,899,12,911
臺南市,中西區,赤嵌里,931,1332,483,231,714,26,740
臺南市,中西區,赤嵌里,932,1246,520,177,697,29,726
臺南市,中西區,赤嵌里,933,1276,472,169,641,37,678
臺南市,中西區,郡王里,934,1583,598,289,887,23,910
臺南市,中西區,郡王里,935,1464,534,287,821,19,840
臺南市,中西區,法華里,936,1234,423,218,641,15,656
臺南市,中西區,法華里,937,1368,530,237,767,23,790
臺南市,中西區,開山里,938,1322,470,182,652,18,670
臺南市,中西區,開山里,939,1216,421,192,613,32,645
臺南市,中西區,永華里,940,1289,485,191,676,25,701
臺南市,中西區,永華里,941,1237,513,173,686,21,707
臺南市,中西區,藥王里,942,1189,415,156,571,21,592
臺南市,中西區,藥王里,943,1201,471,185,656,30,686
臺南市,中西區,藥王里,944,1065,438,159,597,41,638
臺南市,中西區,光賢里,945,1055,433,163,596,25,621
臺南市,中西區,光賢里,946,1170,471,233,704,14,718
臺南市,中西區,光賢里,947,1280,568,214,782,19,801
臺南市,中西區,大涼里,948,1223,450,226,676,21,697
臺南市,中西區,大涼里,949,1292,537,191,728,35,763
臺南市,中西區,西湖里,950,993,395,185,580,12,592
臺南市,中西區,西湖里,951,1541,567,260,827,30,857
臺南市,中西區,西湖里,952,1652,668,289,957,39,996
臺南市,中西區,西湖里,953,1212,465,204,669,20,689
臺南市,中西區,西賢里,954,1621,617,277,894,30,924
臺南市,中西區,西賢里,955,1660,593,336,929,18,947
臺南市,中西區,西賢里,956,1595,609,240,849,18,867
臺南市,中西區,城隍里,957,1436,538,213,751,19,770
臺南市,中西區,城隍里,958,1265,487,200,687,40,727
臺南市,中西區,城隍里,959,856,384,138,522,11,533
臺南市,中西區,南美里,960,1168,430,172,602,25,627
臺南市,中西區,南美里,961,1134,437,207,644,24,668
臺南市,中西區,南美里,962,995,429,173,602,25,627
臺南市,中西區,南門里,963,1313,582,206,788,24,812
臺南市,中西區,南門里,964,1265,501,229,730,28,758
臺南市,中西區,小西門里,965,1215,439,191,630,20,650
臺南市,中西區,小西門里,966,1248,480,188,668,23,691
臺南市,中西區,小西門里,967,687,244,120,364,18,382
臺南市,中西區,五條港里,968,1139,431,176,607,34,641
臺南市,中西區,五條港里,969,971,399,145,544,23,567
臺南市,中西區,兌悅里,970,1254,393,128,521,31,552
臺南市,中西區,兌悅里,971,979,411,148,559,23,582
臺南市,中西區,兌悅里,972,1745,633,245,878,31,909
臺南市,中西區,淺草里,973,1074,421,149,570,23,593
臺南市,中西區,淺草里,974,1436,503,204,707,22,729
臺南市,中西區,府前里,975,865,317,149,466,35,501
臺南市,中西區,府前里,976,1164,449,172,621,17,638
臺南市,中西區,南廠里,977,1285,444,194,638,22,660
臺南市,中西區,南廠里,978,1078,417,148,565,29,594
臺南市,中西區,南廠里,979,1704,591,209,800,20,820
臺南市,中西區,西和里,980,1296,553,176,729,30,759
臺南市,中西區,西和里,981,1128,429,181,610,25,635
臺南市,中西區,西和里,982,1245,459,213,672,18,690
臺南市,安平區,文平里,983,1753,661,264,925,47,972
臺南市,安平區,文平里,984,1859,639,291,930,31,961
臺南市,安平區,文平里,985,1382,574,213,787,22,809
臺南市,安平區,建平里,986,2547,878,361,1239,45,1284
臺南市,安平區,建平里,987,2407,838,384,1222,37,1259
臺南市,安平區,怡平里,988,2070,624,325,949,35,984
臺南市,安平區,怡平里,989,2132,742,367,1109,29,1138
臺南市,安平區,華平里,990,1450,547,239,786,20,806
臺南市,安平區,華平里,991,1605,543,252,795,26,821
臺南市,安平區,華平里,992,1755,650,262,912,34,946
臺南市,安平區,平通里,993,1728,540,248,788,32,820
臺南市,安平區,平通里,994,1754,502,239,741,18,759
臺南市,安平區,平通里,995,1686,562,264,826,46,872
臺南市,安平區,平通里,996,1843,692,276,968,31,999
臺南市,安平區,億載里,997,1565,615,253,868,21,889
臺南市,安平區,億載里,998,1288,491,196,687,28,715
臺南市,安平區,育平里,999,1653,517,281,798,22,820
臺南市,安平區,育平里,1000,1697,579,228,807,33,840
臺南市,安平區,育平里,1001,2154,692,298,990,28,1018
臺南市,安平區,育平里,1002,2107,717,278,995,36,1031
臺南市,安平區,國平里,1003,1675,589,289,878,50,928
臺南市,安平區,國平里,1004,1979,648,344,992,46,1038
臺南市,安平區,國平里,1005,1602,531,246,777,22,799
臺南市,安平區,國平里,1006,1586,523,256,779,27,806
臺南市,安平區,漁光里,1007,438,151,51,202,9,211
臺南市,安平區,平安里,1008,1780,577,282,859,43,902
臺南市,安平區,平安里,1009,1623,529,244,773,41,814
臺南市,安平區,天妃里,1010,2157,757,277,1034,35,1069
臺南市,安平區,天妃里,1011,1286,466,169,635,41,676
臺南市,安平區,王城里,1012,1492,529,193,722,66,788
臺南市,安平區,王城里,1013,1325,453,152,605,33,638
臺南市,安平區,金城里,1014,2001,697,251,948,44,992
臺南市,南區,大恩里,1015,1221,479,198,677,32,709
臺南市,南區,大恩里,1016,2171,710,268,978,37,1015
臺南市,南區,大林里,1017,1150,458,194,652,19,671
臺南市,南區,大林里,1018,1122,469,174,643,18,661
臺南市,南區,大忠里,1019,1444,491,202,693,32,725
臺南市,南區,大忠里,1020,1765,591,262,853,29,882
臺南市,南區,大忠里,1021,1298,550,191,741,27,768
臺南市,南區,新生里,1022,1458,598,181,779,29,808
臺南市,南區,新生里,1023,1940,675,278,953,20,973
臺南市,南區,竹溪里,1024,1637,580,257,837,31,868
臺南市,南區,明德里,1025,871,261,132,393,9,402
臺南市,南區,大成里,1026,589,197,125,322,16,338
臺南市,南區,大成里,1027,801,352,155,507,28,535
臺南市,南區,田寮里,1028,990,428,116,544,32,576
臺南市,南區,田寮里,1029,1222,539,174,713,28,741
臺南市,南區,田寮里,1030,997,399,159,558,41,599
臺南市,南區,新興里,1031,1204,424,173,597,32,629
臺南市,南區,新興里,1032,1570,503,235,738,19,757
臺南市,南區,再興里,1033,1222,436,210,646,32,678
臺南市,南區,再興里,1034,1076,368,152,520,21,541
臺南市,南區,廣州里,1035,1127,446,171,617,26,643
臺南市,南區,廣州里,1036,1135,459,159,618,30,648
臺南市,南區,新昌里,1037,1263,459,181,640,32,672
臺南市,南區,新昌里,1038,1014,368,149,517,14,531
臺南市,南區,文華里,1039,1491,594,209,803,39,842
臺南市,南區,文華里,1040,1815,665,287,952,27,979
臺南市,南區,文南里,1041,1398,481,220,701,35,736
臺南市,南區,文南里,1042,2107,532,246,778,47,825
臺南市,南區,文南里,1043,1587,664,242,906,38,944
臺南市,南區,金華里,1044,1626,603,242,845,36,881
臺南市,南區,金華里,1045,1761,610,234,844,40,884
臺南市,南區,金華里,1046,1630,609,239,848,28,876
臺南市,南區,國宅里,1047,1542,598,206,804,33,837
臺南市,南區,國宅里,1048,1464,527,217,744,41,785
臺南市,南區,鹽埕里,1049,1727,652,214,866,52,918
臺南市,南區,鹽埕里,1050,1085,467,167,634,33,667
臺南市,南區,鹽埕里,1051,939,368,120,488,23,511
臺南市,南區,光明里,1052,1419,498,162,660,28,688
臺南市,南區,光明里,1053,1333,447,187,634,38,672
臺南市,南區,光明里,1054,1465,497,213,710,34,744
臺南市,南區,明亮里,1055,1099,432,155,587,24,611
臺南市,南區,明亮里,1056,1133,428,136,564,16,580
臺南市,南區,明亮里,1057,1375,504,171,675,46,721
臺南市,南區,府南里,1058,1781,559,254,813,25,838
臺南市,南區,府南里,1059,1542,618,237,855,24,879
臺南市,南區,府南里,1060,1486,535,199,734,12,746
臺南市,南區,明興里,1061,1640,644,227,871,42,913
臺南市,南區,明興里,1062,1701,544,209,753,20,773
臺南市,南區,郡南里,1063,1541,551,187,738,33,771
臺南市,南區,郡南里,1064,2027,712,266,978,51,1029
臺南市,南區,建南里,1065,1774,736,270,1006,40,1046
臺南市,南區,建南里,1066,1613,602,210,812,35,847
臺南市,南區,建南里,1067,1707,610,232,842,18,860
臺南市,南區,南都里,1068,1657,424,154,578,24,602
臺南市,南區,南都里,1069,1077,430,136,566,18,584
臺南市,南區,南華里,1070,1185,465,157,622,15,637
臺南市,南區,南華里,1071,1249,465,179,644,17,661
臺南市,南區,開南里,1072,1985,662,226,888,15,903
臺南市,南區,開南里,1073,2017,626,265,891,28,919
臺南市,南區,開南里,1074,1717,613,233,846,37,883
臺南市,南區,彰南里,1075,929,374,128,502,22,524
臺南市,南區,彰南里,1076,695,263,115,378,17,395
臺南市,南區,鯤鯓里,1077,997,372,116,488,12,500
臺南市,南區,鯤鯓里,1078,784,293,89,382,17,399
臺南市,南區,喜北里,1079,1119,469,119,588,63,651
臺南市,南區,喜北里,1080,1054,369,114,483,27,510
臺南市,南區,喜南里,1081,1245,439,146,585,60,645
臺南市,南區,喜東里,1082,2064,708,236,944,36,980
臺南市,南區,省躬里,1083,2056,631,236,867,16,883
臺南市,南區,省躬里,1084,1373,515,147,662,17,679
臺南市,南區,永寧里,1085,1002,381,117,498,21,519
臺南市,南區,永寧里,1086,760,308,106,414,37,451
臺南市,南區,松安里,1087,1031,383,136,519,63,582
臺南市,南區,松安里,1088,744,283,105,388,25,413
臺南市,南區,佛壇里,1089,1186,435,168,603,46,649
臺南市,南區,佛壇里,1090,1358,524,195,719,29,748
臺南市,南區,同安里,1091,897,303,107,410,28,438
臺南市,南區,同安里,1092,1265,463,177,640,30,670
臺南市,南區,興農里,1093,1093,393,118,511,50,561
臺南市,南區,興農里,1094,1016,399,180,579,13,592
臺南市,東區,崇信里,1095,2681,761,287,1048,33,1081
臺南市,東區,崇信里,1096,1811,684,282,966,17,983
臺南市,東區,崇學里,1097,1491,630,266,896,42,938
臺南市,東區,崇學里,1098,1378,492,237,729,24,753
臺南市,東區,崇德里,1099,1552,623,259,882,21,903
臺南市,東區,崇德里,1100,1326,556,219,775,6,781
臺南市,東區,崇德里,1101,1594,588,287,875,28,903
臺南市,東區,崇善里,1102,1639,615,308,923,25,948
臺南市,東區,崇善里,1103,1724,630,288,918,29,947
臺南市,東區,崇善里,1104,1629,638,242,880,29,909
臺南市,東區,崇成里,1105,1399,520,258,778,20,798
臺南市,東區,崇成里,1106,1534,571,269,840,18,858
臺南市,東區,崇文里,1107,1656,619,279,898,19,917
臺南市,東區,崇文里,1108,1322,497,208,705,27,732
臺南市,東區,崇文里,1109,1620,582,292,874,25,899
臺南市,東區,崇文里,1110,1331,557,243,800,17,817
臺南市,東區,東智里,1111,1039,436,151,587,17,604
臺南市,東區,東智里,1112,1257,490,152,642,17,659
臺南市,東區,大智里,1113,2067,753,285,1038,36,1074
臺南市,東區,大智里,1114,2153,886,278,1164,19,1183
臺南市,東區,大智里,1115,2363,869,354,1223,29,1252
臺南市,東區,德高里,1116,1427,548,205,753,33,786
臺南市,東區,德高里,1117,1555,670,244,914,19,933
臺南市,東區,仁和里,1118,2115,673,265,938,30,968
臺南市,東區,仁和里,1119,2340,790,348,1138,27,1165
臺南市,東區,和平里,1120,2474,887,404,1291,22,1313
臺南市,東區,和平里,1121,2391,838,378,1216,29,1245
臺南市,東區,虎尾里,1122,1673,633,290,923,19,942
臺南市,東區,虎尾里,1123,1594,613,255,868,17,885
臺南市,東區,虎尾里,1124,1607,638,250,888,32,920
臺南市,東區,裕聖里,1125,2087,804,393,1197,23,1220
臺南市,東區,裕聖里,1126,2369,893,448,1341,24,1365
臺南市,東區,復興里,1127,1696,639,237,876,40,916
臺南市,東區,復興里,1128,1612,627,254,881,34,915
臺南市,東區,自強里,1129,1708,607,265,872,24,896
臺南市,東區,自強里,1130,1560,587,252,839,26,865
臺南市,東區,自強里,1131,1854,623,323,946,46,992
臺南市,東區,東聖里,1132,2278,769,344,1113,29,1142
臺南市,東區,關聖里,1133,2093,752,334,1086,26,1112
臺南市,東區,關聖里,1134,2242,853,402,1255,26,1281
臺南市,東區,南聖里,1135,1152,470,205,675,24,699
臺南市,東區,南聖里,1136,1318,539,248,787,11,798
臺南市,東區,文聖里,1137,2200,827,393,1220,28,1248
臺南市,東區,文聖里,1138,1960,753,369,1122,18,1140
臺南市,東區,後甲里,1139,1489,574,226,800,27,827
臺南市,東區,後甲里,1140,1443,517,247,764,34,798
臺南市,東區,東光里,1141,1498,552,329,881,30,911
臺南市,東區,東光里,1142,1622,620,281,901,17,918
臺南市,東區,東光里,1143,1738,653,306,959,16,975
臺南市,東區,東明里,1144,1501,513,260,773,23,796
臺南市,東區,東明里,1145,1482,580,222,802,37,839
臺南市,東區,莊敬里,1146,1829,620,265,885,28,913
臺南市,東區,莊敬里,1147,1764,609,321,930,36,966
臺南市,東區,小東里,1148,1427,571,241,812,23,835
臺南市,東區,小東里,1149,1427,499,242,741,34,775
臺南市,東區,小東里,1150,1388,527,236,763,21,784
臺南市,東區,大學里,1151,1131,421,248,669,26,695
臺南市,東區,成大里,1152,1000,371,145,516,32,548
臺南市,東區,成大里,1153,996,400,143,543,15,558
臺南市,東區,東門里,1154,935,348,123,471,28,499
臺南市,東區,東門里,1155,947,344,173,517,31,548
臺南市,東區,圍下里,1156,1090,388,208,596,6,602
臺南市,東區,圍下里,1157,896,329,121,450,28,478
臺南市,東區,中西里,1158,1589,575,280,855,21,876
臺南市,東區,中西里,1159,1497,567,260,827,26,853
臺南市,東區,東安里,1160,1386,506,189,695,42,737
臺南市,東區,新東里,1161,1101,422,187,609,16,625
臺南市,東區,新東里,1162,1332,520,227,747,29,776
臺南市,東區,崇誨里,1163,1185,469,191,660,21,681
臺南市,東區,崇誨里,1164,1262,535,185,720,29,749
臺南市,東區,衛國里,1165,1517,580,196,776,19,795
臺南市,東區,裕農里,1166,1287,487,195,682,34,716
臺南市,東區,裕農里,1167,1657,654,248,902,28,930
臺南市,東區,富強里,1168,2238,824,332,1156,65,1221
臺南市,東區,富強里,1169,2246,781,376,1157,38,1195
臺南市,東區,富裕里,1170,2191,796,342,1138,28,1166
臺南市,東區,忠孝里,1171,2063,697,355,1052,41,1093
臺南市,東區,忠孝里,1172,2177,881,342,1223,39,1262
臺南市,東區,崇明里,1173,1863,751,302,1053,40,1093
臺南市,東區,崇明里,1174,2185,840,360,1200,28,1228
臺南市,東區,大福里,1175,1721,593,219,812,30,842
臺南市,東區,大德里,1176,1556,578,234,812,52,864
臺南市,東區,路東里,1177,1602,617,275,892,29,921
臺南市,東區,大同里,1178,1523,587,190,777,34,811
臺南市,東區,大同里,1179,1382,483,216,699,23,722
臺南市,東區,泉南里,1180,1486,560,237,797,15,812
臺南市,東區,泉南里,1181,1560,585,262,847,37,884
臺南市,東區,泉南里,1182,1684,542,264,806,39,845
臺南市,東區,龍山里,1183,1653,582,307,889,27,916
臺南市,東區,龍山里,1184,1554,540,316,856,11,867
臺南市,東區,龍山里,1185,1408,524,267,791,15,806
臺南市,東區,德光里,1186,2084,837,361,1198,22,1220
臺南市,東區,德光里,1187,1896,636,378,1014,27,1041
臺南市,仁德區,太子里,1188,1318,502,197,699,33,732
臺南市,仁德區,太子里,1189,1406,533,200,733,38,771
臺南市,仁德區,太子里,1190,1465,552,181,733,38,771
臺南市,仁德區,太子里,1191,1192,490,183,673,47,720
臺南市,仁德區,土庫里,1192,1429,568,226,794,36,830
臺南市,仁德區,土庫里,1193,1320,485,182,667,60,727
臺南市,仁德區,一甲里,1194,1373,619,191,810,27,837
臺南市,仁德區,一甲里,1195,1330,570,177,747,24,771
臺南市,仁德區,仁德里,1196,1687,676,261,937,14,951
臺南市,仁德區,仁德里,1197,1491,521,201,722,38,760
臺南市,仁德區,仁德里,1198,1151,402,127,529,19,548
臺南市,仁德區,仁德里,1199,1407,525,190,715,19,734
臺南市,仁德區,仁德里,1200,1465,613,200,813,24,837
臺南市,仁德區,仁義里,1201,1335,550,185,735,23,758
臺南市,仁德區,仁義里,1202,1490,529,210,739,46,785
臺南市,仁德區,仁義里,1203,1453,603,231,834,23,857
臺南市,仁德區,仁義里,1204,990,388,126,514,15,529
臺南市,仁德區,仁義里,1205,1573,659,202,861,25,886
臺南市,仁德區,仁義里,1206,1031,411,137,548,20,568
臺南市,仁德區,仁義里,1207,1194,470,154,624,21,645
臺南市,仁德區,新田里,1208,1268,495,148,643,21,664
臺南市,仁德區,新田里,1209,929,365,147,512,19,531
臺南市,仁德區,新田里,1210,1145,410,155,565,7,572
臺南市,仁德區,後壁里,1211,1413,510,204,714,26,740
臺南市,仁德區,後壁里,1212,1465,562,182,744,44,788
臺南市,仁德區,後壁里,1213,1390,565,205,770,32,802
臺南市,仁德區,後壁里,1214,1396,526,202,728,39,767
臺南市,仁德區,後壁里,1215,1906,666,300,966,32,998
臺南市,仁德區,後壁里,1216,1546,547,210,757,18,775
臺南市,仁德區,上崙里,1217,1546,501,190,691,20,711
臺南市,仁德區,上崙里,1218,1399,521,202,723,23,746
臺南市,仁德區,上崙里,1219,1748,660,234,894,39,933
臺南市,仁德區,上崙里,1220,1140,463,162,625,23,648
臺南市,仁德區,文賢里,1221,1277,503,170,673,23,696
臺南市,仁德區,文賢里,1222,1019,487,143,630,24,654
臺南市,仁德區,保安里,1223,1414,559,175,734,14,748
臺南市,仁德區,保安里,1224,1349,490,172,662,13,675
臺南市,仁德區,成功里,1225,1471,540,201,741,20,761
臺南市,仁德區,成功里,1226,1324,514,185,699,19,718
臺南市,仁德區,成功里,1227,1310,500,134,634,19,653
臺南市,仁德區,成功里,1228,554,221,76,297,17,314
臺南市,仁德區,仁和里,1229,1395,580,148,728,23,751
臺南市,仁德區,仁愛里,1230,1264,483,161,644,12,656
臺南市,仁德區,二行里,1231,1180,467,140,607,55,662
臺南市,仁德區,二行里,1232,928,364,97,461,17,478
臺南市,仁德區,大甲里,1233,965,365,119,484,11,495
臺南市,仁德區,大甲里,1234,1119,433,144,577,19,596
臺南市,仁德區,中洲里,1235,1206,493,135,628,32,660
臺南市,仁德區,中洲里,1236,1466,556,174,730,26,756
臺南市,歸仁區,南保里,1237,1560,572,213,785,34,819
臺南市,歸仁區,南保里,1238,1383,611,212,823,21,844
臺南市,歸仁區,南保里,1239,1491,568,221,789,14,803
臺南市,歸仁區,南保里,1240,1482,551,180,731,30,761
臺南市,歸仁區,南興里,1241,1330,552,183,735,16,751
臺南市,歸仁區,南興里,1242,1399,546,223,769,26,795
臺南市,歸仁區,南興里,1243,1416,519,190,709,26,735
臺南市,歸仁區,六甲里,1244,1336,404,162,566,31,597
臺南市,歸仁區,六甲里,1245,1183,429,127,556,41,597
臺南市,歸仁區,六甲里,1246,1237,451,167,618,17,635
臺南市,歸仁區,歸南里,1247,1133,433,175,608,32,640
臺南市,歸仁區,歸南里,1248,1149,422,156,578,23,601
臺南市,歸仁區,後市里,1249,1105,429,159,588,7,595
臺南市,歸仁區,後市里,1250,1099,420,159,579,32,611
臺南市,歸仁區,後市里,1251,1082,449,149,598,39,637
臺南市,歸仁區,文化里,1252,1519,645,204,849,29,878
臺南市,歸仁區,文化里,1253,1467,588,225,813,27,840
臺南市,歸仁區,辜厝里,1254,1090,385,167,552,28,580
臺南市,歸仁區,辜厝里,1255,1131,413,161,574,24,598
臺南市,歸仁區,辜厝里,1256,1080,422,144,566,20,586
臺南市,歸仁區,新厝里,1257,1121,384,137,521,22,543
臺南市,歸仁區,新厝里,1258,1336,485,209,694,33,727
臺南市,歸仁區,許厝里,1259,1128,424,151,575,42,617
臺南市,歸仁區,許厝里,1260,1055,409,144,553,14,567
臺南市,歸仁區,許厝里,1261,1102,431,141,572,22,594
臺南市,歸仁區,看西里,1262,1068,405,165,570,28,598
臺南市,歸仁區,看西里,1263,1033,397,165,562,38,600
臺南市,歸仁區,看東里,1264,1772,552,187,739,10,749
臺南市,歸仁區,崙頂里,1265,1399,563,196,759,22,781
臺南市,歸仁區,崙頂里,1266,1544,579,232,811,14,825
臺南市,歸仁區,沙崙里,1267,684,231,67,298,9,307
臺南市,歸仁區,大潭里,1268,839,348,132,480,26,506
臺南市,歸仁區,大潭里,1269,1014,409,167,576,33,609
臺南市,歸仁區,武東里,1270,1906,522,180,702,15,717
臺南市,歸仁區,歸仁里,1271,1245,496,198,694,25,719
臺南市,歸仁區,歸仁里,1272,1048,412,138,550,10,560
臺南市,歸仁區,八甲里,1273,1175,457,155,612,16,628
臺南市,歸仁區,八甲里,1274,1411,499,194,693,24,717
臺南市,歸仁區,七甲里,1275,1514,585,250,835,24,859
臺南市,歸仁區,七甲里,1276,1678,610,256,866,38,904
臺南市,歸仁區,媽廟里,1277,949,386,126,512,31,543
臺南市,歸仁區,媽廟里,1278,1009,448,133,581,35,616
臺南市,歸仁區,西埔里,1279,984,441,167,608,5,613
臺南市,歸仁區,西埔里,1280,756,346,91,437,19,456
臺南市,歸仁區,大廟里,1281,1478,507,325,832,47,879
臺南市,歸仁區,大廟里,1282,1467,584,236,820,53,873
臺南市,關廟區,關廟里,1283,982,382,144,526,8,534
臺南市,關廟區,關廟里,1284,1156,514,162,676,25,701
臺南市,關廟區,山西里,1285,1006,378,105,483,16,499
臺南市,關廟區,山西里,1286,1043,437,168,605,35,640
臺南市,關廟區,香洋里,1287,1012,401,153,554,36,590
臺南市,關廟區,香洋里,1288,1013,351,120,471,19,490
臺南市,關廟區,香洋里,1289,1294,468,161,629,24,653
臺南市,關廟區,北勢里,1290,1264,466,165,631,31,662
臺南市,關廟區,北勢里,1291,1166,463,144,607,28,635
臺南市,關廟區,新埔里,1292,1018,379,146,525,13,538
臺南市,關廟區,新光里,1293,733,246,75,321,21,342
臺南市,關廟區,五甲里,1294,1093,492,143,635,17,652
臺南市,關廟區,五甲里,1295,1081,464,143,607,13,620
臺南市,關廟區,五甲里,1296,978,420,136,556,26,582
臺南市,關廟區,東勢里,1297,1116,381,141,522,26,548
臺南市,關廟區,東勢里,1298,972,384,111,495,27,522
臺南市,關廟區,東勢里,1299,1045,392,156,548,51,599
臺南市,關廟區,松腳里,1300,872,342,123,465,24,489
臺南市,關廟區,松腳里,1301,1007,411,148,559,34,593
臺南市,關廟區,花園里,1302,763,326,111,437,24,461
臺南市,關廟區,花園里,1303,630,224,82,306,28,334
臺南市,關廟區,花園里,1304,959,400,120,520,44,564
臺南市,關廟區,花園里,1305,1123,461,120,581,22,603
臺南市,關廟區,深坑里,1306,804,341,96,437,31,468
臺南市,關廟區,深坑里,1307,720,288,98,386,13,399
臺南市,關廟區,布袋里,1308,843,297,79,376,13,389
臺南市,關廟區,布袋里,1309,358,132,41,173,11,184
臺南市,關廟區,南雄里,1310,797,315,77,392,39,431
臺南市,關廟區,南雄里,1311,709,259,61,320,11,331
臺南市,關廟區,埤頭里,1312,904,347,80,427,18,445
臺南市,關廟區,埤頭里,1313,963,388,120,508,18,526
臺南市,關廟區,下湖里,1314,489,208,78,286,11,297
臺南市,龍崎區,崎頂里,1315,1047,408,127,535,27,562
臺南市,龍崎區,土崎里,1316,630,254,56,310,14,324
臺南市,龍崎區,中坑里,1317,141,40,12,52,7,59
臺南市,龍崎區,楠坑里,1318,367,134,43,177,8,185
臺南市,龍崎區,牛埔里,1319,337,148,30,178,7,185
臺南市,龍崎區,大坪里,1320,318,114,29,143,3,146
臺南市,龍崎區,龍船里,1321,427,166,28,194,20,214
臺南市,龍崎區,石??里,1322,446,147,42,189,15,204
桃園市,桃園區,大林里,1,1593,554,217,771,34,805
桃園市,桃園區,大林里,2,1934,583,245,828,26,854
桃園市,桃園區,大林里,3,1661,623,243,866,48,914
桃園市,桃園區,大林里,4,1448,479,188,667,19,686
桃園市,桃園區,大樹里,5,1974,637,285,922,37,959
桃園市,桃園區,大樹里,6,1882,606,225,831,41,872
桃園市,桃園區,大豐里,7,1800,558,301,859,29,888
桃園市,桃園區,大豐里,8,1598,604,267,871,32,903
桃園市,桃園區,大豐里,9,1626,500,217,717,55,772
桃園市,桃園區,建國里,10,1590,538,236,774,38,812
桃園市,桃園區,建國里,11,1637,541,260,801,38,839
桃園市,桃園區,建國里,12,1943,643,272,915,42,957
桃園市,桃園區,雲林里,13,1482,512,233,745,33,778
桃園市,桃園區,雲林里,14,1423,534,221,755,31,786
桃園市,桃園區,雲林里,15,1509,491,315,806,28,834
桃園市,桃園區,雲林里,16,1567,588,241,829,22,851
桃園市,桃園區,福安里,17,1305,491,195,686,29,715
桃園市,桃園區,福安里,18,1416,478,192,670,28,698
桃園市,桃園區,福安里,19,1439,543,242,785,25,810
桃園市,桃園區,福林里,20,1399,528,219,747,41,788
桃園市,桃園區,福林里,21,1540,574,256,830,33,863
桃園市,桃園區,福林里,22,1638,555,231,786,21,807
桃園市,桃園區,福林里,23,1228,444,201,645,24,669
桃園市,桃園區,豐林里,24,1649,576,222,798,31,829
桃園市,桃園區,豐林里,25,1601,579,227,806,34,840
桃園市,桃園區,豐林里,26,1477,490,226,716,44,760
桃園市,桃園區,豐林里,27,1503,581,217,798,26,824
桃園市,桃園區,中和里,28,1375,514,242,756,45,801
桃園市,桃園區,中興里,29,1743,663,248,911,35,946
桃園市,桃園區,中興里,30,1862,637,248,885,29,914
桃園市,桃園區,中興里,31,1728,606,270,876,30,906
桃園市,桃園區,文化里,32,690,232,116,348,17,365
桃園市,桃園區,文昌里,33,852,345,145,490,26,516
桃園市,桃園區,文明里,34,1353,516,236,752,37,789
桃園市,桃園區,北門里,35,1698,478,188,666,18,684
桃園市,桃園區,民生里,36,1452,478,224,702,40,742
桃園市,桃園區,永興里,37,1681,597,250,847,36,883
桃園市,桃園區,光興里,38,1669,570,277,847,34,881
桃園市,桃園區,光興里,39,1530,598,268,866,21,887
桃園市,桃園區,光興里,40,1582,530,302,832,35,867
桃園市,桃園區,西門里,41,1587,524,209,733,30,763
桃園市,桃園區,西湖里,42,1451,545,227,772,34,806
桃園市,桃園區,武陵里,43,1582,498,217,715,23,738
桃園市,桃園區,長美里,44,1028,369,182,551,34,585
桃園市,桃園區,南門里,45,1934,682,247,929,37,966
桃園市,桃園區,南門里,46,1016,394,137,531,32,563
桃園市,桃園區,南門里,47,1079,383,178,561,20,581
桃園市,桃園區,南門里,48,1837,628,255,883,16,899
桃園市,桃園區,南華里,49,1390,536,189,725,38,763
桃園市,桃園區,中山里,50,1489,538,233,771,25,796
桃園市,桃園區,中山里,51,1821,656,315,971,18,989
桃園市,桃園區,中山里,52,1563,531,225,756,16,772
桃園市,桃園區,中山里,53,1697,600,298,898,24,922
桃園市,桃園區,中平里,54,1740,648,266,914,26,940
桃園市,桃園區,中平里,55,1626,606,227,833,30,863
桃園市,桃園區,中平里,56,1239,481,203,684,14,698
桃園市,桃園區,中正里,57,1766,625,279,904,22,926
桃園市,桃園區,中正里,58,1555,588,226,814,28,842
桃園市,桃園區,中正里,59,1831,636,295,931,29,960
桃園市,桃園區,中成里,60,1115,475,168,643,28,671
桃園市,桃園區,中成里,61,1562,561,275,836,28,864
桃園市,桃園區,中成里,62,1744,637,233,870,28,898
桃園市,桃園區,中信里,63,1838,583,267,850,18,868
桃園市,桃園區,中信里,64,1889,688,311,999,35,1034
桃園市,桃園區,中信里,65,1985,610,290,900,44,944
桃園市,桃園區,中原里,66,1524,598,245,843,30,873
桃園市,桃園區,中原里,67,1425,615,236,851,23,874
桃園市,桃園區,中原里,68,1606,616,280,896,27,923
桃園市,桃園區,中泰里,69,2056,832,252,1084,16,1100
桃園市,桃園區,中泰里,70,2010,745,331,1076,32,1108
桃園市,桃園區,中聖里,71,2245,749,321,1070,40,1110
桃園市,桃園區,中聖里,72,1590,534,284,818,27,845
桃園市,桃園區,中聖里,73,1536,594,299,893,19,912
桃園市,桃園區,中路里,74,1949,619,295,914,34,948
桃園市,桃園區,中路里,75,1965,661,272,933,42,975
桃園市,桃園區,中德里,76,2414,734,307,1041,44,1085
桃園市,桃園區,中德里,77,1942,687,266,953,36,989
桃園市,桃園區,中德里,78,2156,764,300,1064,49,1113
桃園市,桃園區,文中里,79,1404,523,221,744,47,791
桃園市,桃園區,文中里,80,1194,498,205,703,25,728
桃園市,桃園區,玉山里,81,1449,533,249,782,54,836
桃園市,桃園區,玉山里,82,1803,584,238,822,54,876
桃園市,桃園區,玉山里,83,1692,602,267,869,30,899
桃園市,桃園區,泰山里,84,1913,680,301,981,23,1004
桃園市,桃園區,泰山里,85,1815,651,264,915,32,947
桃園市,桃園區,龍山里,86,1173,399,157,556,33,589
桃園市,桃園區,龍山里,87,1162,423,152,575,21,596
桃園市,桃園區,龍山里,88,1194,387,124,511,44,555
桃園市,桃園區,龍安里,89,1695,598,273,871,35,906
桃園市,桃園區,龍安里,90,1797,587,295,882,30,912
桃園市,桃園區,龍安里,91,1592,579,217,796,27,823
桃園市,桃園區,龍岡里,92,1780,630,228,858,42,900
桃園市,桃園區,龍岡里,93,1904,586,272,858,18,876
桃園市,桃園區,龍岡里,94,2021,667,304,971,29,1000
桃園市,桃園區,龍祥里,95,1545,593,181,774,28,802
桃園市,桃園區,龍祥里,96,1617,554,204,758,27,785
桃園市,桃園區,龍祥里,97,1683,591,246,837,20,857
桃園市,桃園區,龍壽里,98,1834,709,253,962,42,1004
桃園市,桃園區,龍壽里,99,2055,645,300,945,36,981
桃園市,桃園區,龍壽里,100,1828,624,265,889,14,903
桃園市,桃園區,龍鳳里,101,1873,639,281,920,27,947
桃園市,桃園區,龍鳳里,102,3687,550,191,741,22,763
桃園市,桃園區,龍鳳里,103,1850,671,267,938,28,966
桃園市,桃園區,龍鳳里,104,1827,640,260,900,27,927
桃園市,桃園區,中埔里,105,1149,506,167,673,22,695
桃園市,桃園區,中埔里,106,1061,434,160,594,35,629
桃園市,桃園區,中寧里,107,1831,556,273,829,38,867
桃園市,桃園區,中寧里,108,2168,706,332,1038,34,1072
桃園市,桃園區,中寧里,109,1874,610,304,914,8,922
桃園市,桃園區,北埔里,110,1524,472,218,690,15,705
桃園市,桃園區,北埔里,111,1528,525,271,796,15,811
桃園市,桃園區,北埔里,112,1489,513,268,781,24,805
桃園市,桃園區,永安里,113,1308,449,191,640,40,680
桃園市,桃園區,永安里,114,1583,567,215,782,35,817
桃園市,桃園區,永安里,115,1618,601,254,855,32,887
桃園市,桃園區,同安里,116,2127,689,317,1006,39,1045
桃園市,桃園區,同安里,117,2033,659,307,966,22,988
桃園市,桃園區,同安里,118,2098,630,302,932,23,955
桃園市,桃園區,同安里,119,2126,798,311,1109,42,1151
桃園市,桃園區,同德里,120,1917,655,257,912,33,945
桃園市,桃園區,同德里,121,1997,647,310,957,22,979
桃園市,桃園區,同德里,122,1929,688,306,994,29,1023
桃園市,桃園區,自強里,123,1691,537,293,830,29,859
桃園市,桃園區,自強里,124,1900,632,308,940,20,960
桃園市,桃園區,自強里,125,1761,621,270,891,42,933
桃園市,桃園區,自強里,126,1922,658,371,1029,19,1048
桃園市,桃園區,西埔里,127,1995,699,255,954,42,996
桃園市,桃園區,西埔里,128,1063,410,158,568,22,590
桃園市,桃園區,明德里,129,1412,493,209,702,31,733
桃園市,桃園區,明德里,130,1746,602,329,931,21,952
桃園市,桃園區,東埔里,131,1689,523,255,778,37,815
桃園市,桃園區,東埔里,132,1542,592,189,781,17,798
桃園市,桃園區,東埔里,133,1437,498,190,688,35,723
桃園市,桃園區,長安里,134,1679,610,242,852,19,871
桃園市,桃園區,長安里,135,1886,583,258,841,34,875
桃園市,桃園區,長德里,136,1657,583,270,853,38,891
桃園市,桃園區,長德里,137,1349,503,216,719,15,734
桃園市,桃園區,長德里,138,1805,648,272,920,23,943
桃園市,桃園區,信光里,139,1846,628,266,894,48,942
桃園市,桃園區,信光里,140,1644,533,221,754,26,780
桃園市,桃園區,信光里,141,1674,539,242,781,28,809
桃園市,桃園區,信光里,142,1737,577,275,852,28,880
桃園市,桃園區,南埔里,143,1566,575,238,813,38,851
桃園市,桃園區,南埔里,144,1517,524,262,786,26,812
桃園市,桃園區,南埔里,145,1619,478,253,731,27,758
桃園市,桃園區,莊敬里,146,1774,578,299,877,28,905
桃園市,桃園區,莊敬里,147,1666,582,265,847,21,868
桃園市,桃園區,莊敬里,148,1528,540,244,784,15,799
桃園市,桃園區,莊敬里,149,1709,562,278,840,30,870
桃園市,桃園區,莊敬里,150,1719,540,300,840,25,865
桃園市,桃園區,慈文里,151,1569,486,213,699,34,733
桃園市,桃園區,慈文里,152,1505,516,210,726,23,749
桃園市,桃園區,慈文里,153,1496,524,214,738,27,765
桃園市,桃園區,慈文里,154,1505,544,236,780,23,803
桃園市,桃園區,新埔里,155,1807,601,292,893,19,912
桃園市,桃園區,新埔里,156,1857,637,285,922,28,950
桃園市,桃園區,新埔里,157,1589,624,231,855,40,895
桃園市,桃園區,新埔里,158,2088,705,334,1039,22,1061
桃園市,桃園區,新埔里,159,1893,618,308,926,27,953
桃園市,桃園區,瑞慶里,160,1303,414,154,568,24,592
桃園市,桃園區,瑞慶里,161,1416,489,238,727,30,757
桃園市,桃園區,瑞慶里,162,1351,454,190,644,23,667
桃園市,桃園區,瑞慶里,163,1659,539,265,804,15,819
桃園市,桃園區,寶安里,164,2103,734,262,996,16,1012
桃園市,桃園區,寶安里,165,1943,661,282,943,21,964
桃園市,桃園區,寶安里,166,1927,621,323,944,36,980
桃園市,桃園區,寶安里,167,1929,612,233,845,34,879
桃園市,桃園區,寶慶里,168,2204,824,393,1217,22,1239
桃園市,桃園區,寶慶里,169,2033,566,349,915,17,932
桃園市,桃園區,寶慶里,170,1656,568,249,817,16,833
桃園市,桃園區,三元里,171,1712,556,273,829,41,870
桃園市,桃園區,三元里,172,1738,568,291,859,19,878
桃園市,桃園區,三民里,173,1432,590,261,851,16,867
桃園市,桃園區,三民里,174,1421,529,263,792,31,823
桃園市,桃園區,三民里,175,1344,463,222,685,18,703
桃園市,桃園區,大有里,176,1942,595,286,881,22,903
桃園市,桃園區,大有里,177,2001,680,298,978,28,1006
桃園市,桃園區,大有里,178,1941,575,296,871,18,889
桃園市,桃園區,大業里,179,1702,590,305,895,25,920
桃園市,桃園區,大業里,180,1589,516,275,791,26,817
桃園市,桃園區,大業里,181,1544,540,237,777,20,797
桃園市,桃園區,大興里,182,1860,577,220,797,24,821
桃園市,桃園區,大興里,183,1726,586,239,825,44,869
桃園市,桃園區,大興里,184,1798,599,247,846,23,869
桃園市,桃園區,成功里,185,1925,651,312,963,25,988
桃園市,桃園區,成功里,186,1945,626,336,962,18,980
桃園市,桃園區,汴洲里,187,1764,561,244,805,29,834
桃園市,桃園區,汴洲里,188,1899,747,240,987,49,1036
桃園市,桃園區,汴洲里,189,1415,516,203,719,15,734
桃園市,桃園區,忠義里,190,1790,575,259,834,22,856
桃園市,桃園區,忠義里,191,1693,645,164,809,15,824
桃園市,桃園區,東山里,192,1916,649,265,914,34,948
桃園市,桃園區,東門里,193,1434,443,222,665,18,683
桃園市,桃園區,東門里,194,1494,532,269,801,37,838
桃園市,桃園區,青溪里,195,1311,483,189,672,49,721
桃園市,桃園區,青溪里,196,1476,542,220,762,25,787
桃園市,桃園區,青溪里,197,1484,519,287,806,28,834
桃園市,桃園區,春日里,198,1514,536,233,769,22,791
桃園市,桃園區,春日里,199,1446,546,184,730,37,767
桃園市,桃園區,春日里,200,1573,540,212,752,33,785
桃園市,桃園區,春日里,201,1564,498,200,698,30,728
桃園市,桃園區,朝陽里,202,1015,383,168,551,23,574
桃園市,桃園區,朝陽里,203,955,326,145,471,22,493
桃園市,桃園區,會稽里,204,1796,598,277,875,29,904
桃園市,桃園區,會稽里,205,1878,505,298,803,14,817
桃園市,桃園區,會稽里,206,1729,575,253,828,23,851
桃園市,桃園區,會稽里,207,1843,580,251,831,16,847
桃園市,桃園區,會稽里,208,1817,523,243,766,19,785
桃園市,桃園區,萬壽里,209,979,396,134,530,25,555
桃園市,桃園區,福元里,210,1363,497,222,719,13,732
桃園市,桃園區,福元里,211,1546,543,241,784,12,796
桃園市,桃園區,福元里,212,1308,432,212,644,18,662
桃園市,桃園區,寶山里,213,2164,742,296,1038,32,1070
桃園市,桃園區,寶山里,214,2020,627,314,941,34,975
桃園市,桃園區,寶山里,215,1924,588,243,831,31,862
桃園市,桃園區,寶山里,216,2088,641,234,875,31,906
桃園市,龜山區,精忠里,217,874,349,117,466,25,491
桃園市,龜山區,精忠里,218,2014,785,232,1017,60,1077
桃園市,龜山區,精忠里,219,2145,697,341,1038,16,1054
桃園市,龜山區,陸光里,220,1744,740,169,909,40,949
桃園市,龜山區,陸光里,221,1885,757,220,977,47,1024
桃園市,龜山區,中興里,222,1546,545,178,723,33,756
桃園市,龜山區,中興里,223,1684,570,229,799,39,838
桃園市,龜山區,中興里,224,1477,490,187,677,25,702
桃園市,龜山區,新興里,225,1528,646,179,825,32,857
桃園市,龜山區,新興里,226,1428,205,77,282,11,293
桃園市,龜山區,新路里,227,1525,586,223,809,29,838
桃園市,龜山區,新路里,228,1041,398,183,581,28,609
桃園市,龜山區,新路里,229,1404,490,211,701,20,721
桃園市,龜山區,新路里,230,1478,579,212,791,26,817
桃園市,龜山區,龜山里,231,2178,786,290,1076,49,1125
桃園市,龜山區,龜山里,232,1672,621,219,840,61,901
桃園市,龜山區,龜山里,233,1376,475,177,652,29,681
桃園市,龜山區,龜山里,234,1480,514,204,718,37,755
桃園市,龜山區,大同里,235,1258,500,178,678,23,701
桃園市,龜山區,大同里,236,1464,534,196,730,15,745
桃園市,龜山區,大同里,237,1844,631,265,896,41,937
桃園市,龜山區,大同里,238,1169,402,190,592,20,612
桃園市,龜山區,山頂里,239,1921,532,221,753,21,774
桃園市,龜山區,山頂里,240,1694,553,228,781,28,809
桃園市,龜山區,山頂里,241,1771,652,295,947,42,989
桃園市,龜山區,山德里,242,1665,537,205,742,45,787
桃園市,龜山區,山德里,243,1439,499,209,708,29,737
桃園市,龜山區,山德里,244,1728,548,199,747,41,788
桃園市,龜山區,山福里,245,1788,669,236,905,29,934
桃園市,龜山區,山福里,246,1465,488,184,672,30,702
桃園市,龜山區,幸福里,247,1659,481,180,661,34,695
桃園市,龜山區,幸福里,248,1693,524,198,722,26,748
桃園市,龜山區,幸福里,249,1818,480,219,699,9,708
桃園市,龜山區,龍壽里,250,1752,613,246,859,38,897
桃園市,龜山區,龍華里,251,1818,643,268,911,27,938
桃園市,龜山區,龍華里,252,1499,517,229,746,14,760
桃園市,龜山區,迴龍里,253,1916,676,282,958,29,987
桃園市,龜山區,迴龍里,254,1804,622,281,903,21,924
桃園市,龜山區,迴龍里,255,2127,697,309,1006,22,1028
桃園市,龜山區,嶺頂里,256,1005,342,139,481,58,539
桃園市,龜山區,嶺頂里,257,1449,514,221,735,31,766
桃園市,龜山區,嶺頂里,258,1498,469,213,682,47,729
桃園市,龜山區,新嶺里,259,2149,681,251,932,38,970
桃園市,龜山區,新嶺里,260,1771,511,180,691,22,713
桃園市,龜山區,兔坑里,261,841,308,116,424,20,444
桃園市,龜山區,兔坑里,262,2284,748,253,1001,45,1046
桃園市,龜山區,兔坑里,263,1228,474,146,620,36,656
桃園市,龜山區,福源里,264,1979,676,214,890,17,907
桃園市,龜山區,舊路里,265,1378,486,136,622,32,654
桃園市,龜山區,舊路里,266,1061,373,133,506,30,536
桃園市,龜山區,大坑里,267,1917,655,236,891,34,925
桃園市,龜山區,楓福里,268,1540,641,229,870,33,903
桃園市,龜山區,楓福里,269,1433,543,211,754,24,778
桃園市,龜山區,楓樹里,270,1455,503,218,721,23,744
桃園市,龜山區,楓樹里,271,2280,844,335,1179,42,1221
桃園市,龜山區,樂善里,272,1668,588,236,824,33,857
桃園市,龜山區,樂善里,273,1885,645,263,908,26,934
桃園市,龜山區,長庚里,274,1849,503,384,887,18,905
桃園市,龜山區,長庚里,275,1704,514,418,932,13,945
桃園市,龜山區,公西里,276,1156,430,161,591,27,618
桃園市,龜山區,大崗里,277,2114,616,254,870,33,903
桃園市,龜山區,大崗里,278,1943,562,259,821,27,848
桃園市,龜山區,大湖里,279,1800,520,298,818,20,838
桃園市,龜山區,大湖里,280,2020,577,347,924,51,975
桃園市,龜山區,大湖里,281,1319,500,216,716,18,734
桃園市,龜山區,大華里,282,2229,787,364,1151,28,1179
桃園市,龜山區,大華里,283,1992,624,308,932,22,954
桃園市,龜山區,大華里,284,2237,682,334,1016,39,1055
桃園市,龜山區,大華里,285,2133,678,334,1012,18,1030
桃園市,龜山區,文化里,286,2187,723,356,1079,27,1106
桃園市,龜山區,文化里,287,1959,619,282,901,22,923
桃園市,龜山區,文化里,288,1910,561,311,872,22,894
桃園市,龜山區,南上里,289,1840,671,273,944,37,981
桃園市,龜山區,南美里,290,2266,822,283,1105,30,1135
桃園市,龜山區,文青里,291,2387,751,356,1107,22,1129
桃園市,龜山區,文青里,292,1692,542,254,796,23,819
桃園市,龜山區,文青里,293,904,293,165,458,10,468
桃園市,龜山區,文青里,294,1469,510,257,767,18,785
桃園市,八德區,興仁里,295,1761,567,219,786,43,829
桃園市,八德區,興仁里,296,1804,485,243,728,12,740
桃園市,八德區,興仁里,297,1813,343,154,497,15,512
桃園市,八德區,興仁里,298,1784,583,229,812,24,836
桃園市,八德區,福興里,299,2257,682,248,930,24,954
桃園市,八德區,福興里,300,1857,577,197,774,26,800
桃園市,八德區,福興里,301,2261,684,284,968,27,995
桃園市,八德區,福興里,302,1903,700,250,950,39,989
桃園市,八德區,瑞豐里,303,1955,704,223,927,53,980
桃園市,八德區,瑞豐里,304,1665,502,220,722,15,737
桃園市,八德區,瑞興里,305,1431,508,225,733,44,777
桃園市,八德區,瑞興里,306,1263,419,259,678,25,703
桃園市,八德區,瑞泰里,307,1583,644,226,870,33,903
桃園市,八德區,瑞泰里,308,1246,491,168,659,25,684
桃園市,八德區,瑞泰里,309,1356,515,180,695,34,729
桃園市,八德區,瑞發里,310,1630,621,217,838,59,897
桃園市,八德區,瑞發里,311,1586,599,189,788,19,807
桃園市,八德區,瑞德里,312,1649,606,209,815,53,868
桃園市,八德區,瑞德里,313,1910,622,211,833,62,895
桃園市,八德區,瑞祥里,314,1612,631,205,836,62,898
桃園市,八德區,瑞祥里,315,1640,613,208,821,35,856
桃園市,八德區,廣德里,316,1303,470,174,644,31,675
桃園市,八德區,廣德里,317,1413,537,234,771,38,809
桃園市,八德區,廣興里,318,1711,615,229,844,30,874
桃園市,八德區,廣興里,319,1562,706,110,816,29,845
桃園市,八德區,廣隆里,320,1735,645,213,858,26,884
桃園市,八德區,廣隆里,321,1658,583,239,822,25,847
桃園市,八德區,廣隆里,322,1022,462,133,595,21,616
桃園市,八德區,竹園里,323,1673,556,179,735,39,774
桃園市,八德區,竹園里,324,1741,618,209,827,30,857
桃園市,八德區,霄裡里,325,2110,777,238,1015,54,1069
桃園市,八德區,龍友里,326,1145,457,120,577,29,606
桃園市,八德區,龍友里,327,1010,481,112,593,29,622
桃園市,八德區,茄明里,328,1848,581,221,802,20,822
桃園市,八德區,茄明里,329,1334,525,181,706,23,729
桃園市,八德區,茄明里,330,1349,408,155,563,29,592
桃園市,八德區,茄苳里,331,1341,514,226,740,30,770
桃園市,八德區,茄苳里,332,1178,514,141,655,33,688
桃園市,八德區,永豐里,333,1374,518,195,713,34,747
桃園市,八德區,永豐里,334,1462,485,206,691,52,743
桃園市,八德區,高明里,335,1943,626,206,832,34,866
桃園市,八德區,高明里,336,1928,479,220,699,62,761
桃園市,八德區,高城里,337,1403,496,176,672,15,687
桃園市,八德區,高城里,338,1672,558,213,771,27,798
桃園市,八德區,白鷺里,339,1947,616,264,880,40,920
桃園市,八德區,白鷺里,340,1200,466,159,625,34,659
桃園市,八德區,大湳里,341,1895,634,223,857,40,897
桃園市,八德區,大湳里,342,1988,597,272,869,35,904
桃園市,八德區,大發里,343,2006,738,266,1004,56,1060
桃園市,八德區,大仁里,344,2061,664,256,920,8,928
桃園市,八德區,大仁里,345,2108,665,261,926,45,971
桃園市,八德區,大明里,346,1862,620,218,838,46,884
桃園市,八德區,大明里,347,1681,597,216,813,19,832
桃園市,八德區,大安里,348,1317,515,163,678,45,723
桃園市,八德區,大安里,349,2093,716,325,1041,30,1071
桃園市,八德區,大竹里,350,1499,642,198,840,24,864
桃園市,八德區,大興里,351,1782,628,240,868,38,906
桃園市,八德區,大興里,352,1763,647,249,896,13,909
桃園市,八德區,大愛里,353,1226,466,165,631,43,674
桃園市,八德區,大愛里,354,1311,489,204,693,27,720
桃園市,八德區,大華里,355,1170,450,200,650,22,672
桃園市,八德區,大華里,356,1313,524,178,702,29,731
桃園市,八德區,大順里,357,1186,454,180,634,20,654
桃園市,八德區,大順里,358,1481,493,203,696,26,722
桃園市,八德區,大和里,359,1998,700,296,996,30,1026
桃園市,八德區,大和里,360,916,359,134,493,22,515
桃園市,八德區,大和里,361,1943,661,241,902,25,927
桃園市,八德區,大和里,362,2076,689,249,938,31,969
桃園市,八德區,大昌里,363,1363,514,175,689,47,736
桃園市,八德區,大昌里,364,1491,550,181,731,58,789
桃園市,八德區,大信里,365,1474,543,179,722,41,763
桃園市,八德區,大信里,366,718,142,21,163,12,175
桃園市,八德區,大信里,367,1386,512,182,694,42,736
桃園市,八德區,陸光里,368,1487,544,184,728,47,775
桃園市,八德區,陸光里,369,1552,600,162,762,55,817
桃園市,八德區,陸光里,370,1255,473,117,590,31,621
桃園市,八德區,大同里,371,1505,576,229,805,41,846
桃園市,八德區,大慶里,372,1436,495,181,676,27,703
桃園市,八德區,大成里,373,1618,573,258,831,51,882
桃園市,八德區,大成里,374,1685,622,192,814,44,858
桃園市,八德區,大義里,375,1835,577,239,816,37,853
桃園市,八德區,大義里,376,1881,665,242,907,43,950
桃園市,八德區,大忠里,377,1766,625,205,830,37,867
桃園市,八德區,大智里,378,1817,634,238,872,54,926
桃園市,八德區,大智里,379,2198,800,307,1107,26,1133
桃園市,八德區,大宏里,380,1732,608,270,878,29,907
桃園市,八德區,大宏里,381,2089,708,348,1056,14,1070
桃園市,八德區,大正里,382,1257,508,185,693,33,726
桃園市,八德區,大正里,383,1267,442,177,619,36,655
桃園市,八德區,大正里,384,1427,548,213,761,18,779
桃園市,八德區,大福里,385,1685,668,268,936,36,972
桃園市,八德區,大福里,386,1748,656,253,909,37,946
桃園市,八德區,大福里,387,1650,844,256,1100,50,1150
桃園市,八德區,大強里,388,1478,538,232,770,39,809
桃園市,八德區,大強里,389,1607,613,214,827,45,872
桃園市,八德區,大勇里,390,1841,702,266,968,58,1026
桃園市,八德區,大勇里,391,2082,720,308,1028,33,1061
桃園市,八德區,大榮里,392,1959,650,224,874,39,913
桃園市,八德區,大千里,393,2209,752,338,1090,49,1139
桃園市,八德區,大漢里,394,1864,687,267,954,38,992
桃園市,八德區,大漢里,395,2000,644,300,944,35,979
桃園市,蘆竹區,新興里,396,1358,506,179,685,26,711
桃園市,蘆竹區,新興里,397,1538,532,189,721,57,778
桃園市,蘆竹區,中福里,398,2118,642,202,844,54,898
桃園市,蘆竹區,中福里,399,1673,662,233,895,43,938
桃園市,蘆竹區,上興里,400,1500,569,225,794,24,818
桃園市,蘆竹區,上興里,401,1699,642,237,879,30,909
桃園市,蘆竹區,中興里,402,2250,808,314,1122,27,1149
桃園市,蘆竹區,中興里,403,2354,715,327,1042,18,1060
桃園市,蘆竹區,新莊里,404,1446,525,169,694,26,720
桃園市,蘆竹區,新莊里,405,1623,547,200,747,33,780
桃園市,蘆竹區,新莊里,406,1747,598,243,841,19,860
桃園市,蘆竹區,上竹里,407,1988,705,282,987,41,1028
桃園市,蘆竹區,上竹里,408,1437,531,205,736,24,760
桃園市,蘆竹區,宏竹里,409,1532,730,110,840,32,872
桃園市,蘆竹區,宏竹里,410,1447,543,174,717,23,740
桃園市,蘆竹區,大竹里,411,2189,785,315,1100,26,1126
桃園市,蘆竹區,大竹里,412,2498,837,303,1140,40,1180
桃園市,蘆竹區,富竹里,413,1322,521,189,710,14,724
桃園市,蘆竹區,蘆竹里,414,1991,593,214,807,43,850
桃園市,蘆竹區,蘆竹里,415,2097,661,273,934,60,994
桃園市,蘆竹區,南興里,416,1558,550,229,779,22,801
桃園市,蘆竹區,南興里,417,1891,624,343,967,26,993
桃園市,蘆竹區,南興里,418,1590,508,242,750,23,773
桃園市,蘆竹區,福昌里,419,2404,734,306,1040,43,1083
桃園市,蘆竹區,福昌里,420,2522,856,370,1226,27,1253
桃園市,蘆竹區,福興里,421,1633,580,243,823,20,843
桃園市,蘆竹區,福興里,422,1715,584,272,856,30,886
桃園市,蘆竹區,正興里,423,2215,738,282,1020,25,1045
桃園市,蘆竹區,正興里,424,2029,662,292,954,35,989
桃園市,蘆竹區,順興里,425,1731,586,243,829,23,852
桃園市,蘆竹區,順興里,426,1820,626,279,905,19,924
桃園市,蘆竹區,蘆興里,427,1633,611,239,850,32,882
桃園市,蘆竹區,南榮里,428,1668,576,203,779,17,796
桃園市,蘆竹區,南榮里,429,1493,556,253,809,20,829
桃園市,蘆竹區,南崁里,430,1864,718,240,958,25,983
桃園市,蘆竹區,南崁里,431,1703,564,274,838,21,859
桃園市,蘆竹區,錦興里,432,1893,666,286,952,25,977
桃園市,蘆竹區,錦興里,433,1922,704,339,1043,17,1060
桃園市,蘆竹區,興榮里,434,1393,548,192,740,9,749
桃園市,蘆竹區,興榮里,435,1338,502,222,724,15,739
桃園市,蘆竹區,錦中里,436,1688,599,237,836,19,855
桃園市,蘆竹區,錦中里,437,1462,516,197,713,39,752
桃園市,蘆竹區,長興里,438,1232,497,144,641,19,660
桃園市,蘆竹區,長興里,439,1356,462,174,636,19,655
桃園市,蘆竹區,五福里,440,1181,481,215,696,24,720
桃園市,蘆竹區,五福里,441,1199,434,163,597,21,618
桃園市,蘆竹區,中山里,442,1710,624,278,902,12,914
桃園市,蘆竹區,中山里,443,1423,492,203,695,19,714
桃園市,蘆竹區,福祿里,444,1522,548,249,797,21,818
桃園市,蘆竹區,福祿里,445,1639,612,225,837,25,862
桃園市,蘆竹區,羊稠里,446,2055,691,316,1007,31,1038
桃園市,蘆竹區,羊稠里,447,2178,703,360,1063,31,1094
桃園市,蘆竹區,吉祥里,448,1709,582,307,889,31,920
桃園市,蘆竹區,長壽里,449,1667,625,259,884,34,918
桃園市,蘆竹區,長壽里,450,1745,633,297,930,16,946
桃園市,蘆竹區,長壽里,451,1967,705,346,1051,33,1084
桃園市,蘆竹區,吉祥里,452,1802,695,290,985,22,1007
桃園市,蘆竹區,營盤里,453,2727,891,392,1283,19,1302
桃園市,蘆竹區,營盤里,454,1868,594,277,871,24,895
桃園市,蘆竹區,營福里,455,1537,536,221,757,23,780
桃園市,蘆竹區,營福里,456,1616,552,270,822,28,850
桃園市,蘆竹區,瓦窯里,457,1483,589,242,831,30,861
桃園市,蘆竹區,瓦窯里,458,1689,571,236,807,36,843
桃園市,蘆竹區,內厝里,459,1318,415,130,545,27,572
桃園市,蘆竹區,內厝里,460,1203,553,169,722,46,768
桃園市,蘆竹區,山鼻里,461,1771,597,221,818,27,845
桃園市,蘆竹區,山腳里,462,1832,602,221,823,45,868
桃園市,蘆竹區,山腳里,463,1763,617,216,833,57,890
桃園市,蘆竹區,外社里,464,1497,486,187,673,11,684
桃園市,蘆竹區,坑子里,465,1671,708,201,909,84,993
桃園市,蘆竹區,坑口里,466,929,382,120,502,36,538
桃園市,蘆竹區,坑口里,467,1559,595,216,811,55,866
桃園市,蘆竹區,海湖里,468,1497,604,189,793,22,815
桃園市,蘆竹區,海湖里,469,1441,672,203,875,37,912
桃園市,蘆竹區,濱海里,470,1465,542,174,716,41,757
桃園市,蘆竹區,濱海里,471,1029,393,111,504,29,533
桃園市,大園區,大園里,472,1538,487,189,676,35,711
桃園市,大園區,大園里,473,1616,465,187,652,16,668
桃園市,大園區,大園里,474,1437,549,227,776,38,814
桃園市,大園區,大園里,475,1554,629,213,842,19,861
桃園市,大園區,田心里,476,1237,452,175,627,18,645
桃園市,大園區,田心里,477,1347,491,175,666,34,700
桃園市,大園區,田心里,478,1261,445,190,635,26,661
桃園市,大園區,田心里,479,1256,457,160,617,22,639
桃園市,大園區,田心里,480,1370,466,158,624,27,651
桃園市,大園區,溪海里,481,1610,519,191,710,32,742
桃園市,大園區,溪海里,482,1419,529,148,677,37,714
桃園市,大園區,溪海里,483,1588,488,152,640,23,663
桃園市,大園區,和平里,484,1612,563,222,785,31,816
桃園市,大園區,橫峰里,485,1440,512,174,686,33,719
桃園市,大園區,橫峰里,486,1326,434,182,616,34,650
桃園市,大園區,橫峰里,487,1455,598,190,788,30,818
桃園市,大園區,橫峰里,488,1562,585,225,810,33,843
桃園市,大園區,橫峰里,489,1284,480,217,697,30,727
桃園市,大園區,橫峰里,490,1454,451,238,689,4,693
桃園市,大園區,橫峰里,491,1490,473,264,737,23,760
桃園市,大園區,五權里,492,1617,557,192,749,30,779
桃園市,大園區,五權里,493,1594,601,204,805,28,833
桃園市,大園區,五權里,494,1650,595,201,796,41,837
桃園市,大園區,埔心里,495,1467,521,178,699,19,718
桃園市,大園區,埔心里,496,1494,544,194,738,29,767
桃園市,大園區,埔心里,497,1538,566,190,756,31,787
桃園市,大園區,埔心里,498,1397,519,182,701,22,723
桃園市,大園區,大海里,499,1637,584,187,771,17,788
桃園市,大園區,三石里,500,1452,495,175,670,22,692
桃園市,大園區,三石里,501,1414,637,192,829,37,866
桃園市,大園區,?林里,502,1670,617,214,831,38,869
桃園市,大園區,?林里,503,1701,582,212,794,11,805
桃園市,大園區,?林里,504,1813,598,190,788,16,804
桃園市,大園區,?林里,505,1687,582,219,801,16,817
桃園市,大園區,竹圍里,506,1650,605,229,834,10,844
桃園市,大園區,竹圍里,507,1556,597,241,838,44,882
桃園市,大園區,海口里,508,1844,571,236,807,19,826
桃園市,大園區,沙崙里,509,1336,454,159,613,40,653
桃園市,大園區,沙崙里,510,1414,573,178,751,38,789
桃園市,大園區,後厝里,511,1238,539,179,718,28,746
桃園市,大園區,後厝里,512,1227,549,156,705,34,739
桃園市,大園區,圳頭里,513,1199,412,182,594,23,617
桃園市,大園區,圳頭里,514,1349,469,138,607,30,637
桃園市,大園區,內海里,515,1120,519,37,556,24,580
桃園市,大園區,內海里,516,1080,406,136,542,29,571
桃園市,大園區,北港里,517,1341,455,169,624,35,659
桃園市,大園區,北港里,518,1345,519,165,684,28,712
桃園市,大園區,南港里,519,1565,517,176,693,25,718
桃園市,大園區,南港里,520,1519,474,169,643,13,656
桃園市,大園區,南港里,521,2130,693,244,937,52,989
桃園市,大溪區,興和里,522,1477,573,231,804,34,838
桃園市,大溪區,福仁里,523,1006,411,133,544,19,563
桃園市,大溪區,田心里,524,1553,570,203,773,41,814
桃園市,大溪區,田心里,525,1597,586,243,829,44,873
桃園市,大溪區,田心里,526,1358,498,200,698,30,728
桃園市,大溪區,一心里,527,1585,544,203,747,18,765
桃園市,大溪區,一心里,528,1612,548,256,804,33,837
桃園市,大溪區,一心里,529,1555,535,170,705,35,740
桃園市,大溪區,一德里,530,1282,533,202,735,39,774
桃園市,大溪區,一德里,531,1392,530,175,705,28,733
桃園市,大溪區,一德里,532,1422,526,162,688,34,722
桃園市,大溪區,一德里,533,1448,561,185,746,46,792
桃園市,大溪區,月眉里,534,1269,551,190,741,38,779
桃園市,大溪區,永福里,535,977,425,118,543,50,593
桃園市,大溪區,康安里,536,1359,572,174,746,30,776
桃園市,大溪區,義和里,537,1135,459,179,638,47,685
桃園市,大溪區,義和里,538,660,230,95,325,27,352
桃園市,大溪區,美華里,539,1056,356,140,496,37,533
桃園市,大溪區,美華里,540,1263,451,159,610,44,654
桃園市,大溪區,美華里,541,717,292,83,375,25,400
桃園市,大溪區,福安里,542,1299,410,144,554,11,565
桃園市,大溪區,福安里,543,976,377,128,505,38,543
桃園市,大溪區,復興里,544,938,380,105,485,25,510
桃園市,大溪區,新峰里,545,832,325,85,410,23,433
桃園市,大溪區,中新里,546,866,291,92,383,22,405
桃園市,大溪區,中新里,547,694,246,82,328,20,348
桃園市,大溪區,瑞興里,548,1410,514,162,676,37,713
桃園市,大溪區,瑞興里,549,1303,490,113,603,47,650
桃園市,大溪區,仁善里,550,1125,411,151,562,29,591
桃園市,大溪區,仁善里,551,1170,439,178,617,26,643
桃園市,大溪區,仁善里,552,1308,533,192,725,40,765
桃園市,大溪區,仁美里,553,1094,419,143,562,59,621
桃園市,大溪區,仁美里,554,2153,860,251,1111,39,1150
桃園市,大溪區,僑愛里,555,1173,525,126,651,29,680
桃園市,大溪區,僑愛里,556,1369,513,177,690,14,704
桃園市,大溪區,仁義里,557,1446,550,153,703,41,744
桃園市,大溪區,仁義里,558,1406,465,124,589,33,622
桃園市,大溪區,仁和里,559,1592,641,203,844,18,862
桃園市,大溪區,仁和里,560,1497,618,189,807,49,856
桃園市,大溪區,仁和里,561,1559,622,220,842,45,887
桃園市,大溪區,仁愛里,562,1684,631,213,844,24,868
桃園市,大溪區,仁愛里,563,1959,785,268,1053,29,1082
桃園市,大溪區,仁愛里,564,1369,584,156,740,41,781
桃園市,大溪區,仁武里,565,1431,576,194,770,35,805
桃園市,大溪區,仁武里,566,1657,501,171,672,21,693
桃園市,大溪區,仁文里,567,1387,459,143,602,26,628
桃園市,大溪區,仁文里,568,1085,420,135,555,23,578
桃園市,大溪區,仁文里,569,1403,585,187,772,20,792
桃園市,大溪區,南興里,570,1511,532,205,737,47,784
桃園市,大溪區,南興里,571,1719,543,213,756,49,805
桃園市,大溪區,南興里,572,1717,551,196,747,47,794
桃園市,大溪區,光明里,573,1207,464,150,614,39,653
桃園市,大溪區,光明里,574,1188,480,149,629,46,675
桃園市,大溪區,員林里,575,1514,550,187,737,18,755
桃園市,大溪區,三元里,576,1529,626,200,826,34,860
桃園市,大溪區,三元里,577,1260,538,174,712,31,743
桃園市,大溪區,瑞源里,578,831,380,100,480,11,491
桃園市,大溪區,瑞源里,579,1407,553,195,748,41,789
桃園市,大溪區,瑞源里,580,1494,546,169,715,45,760
桃園市,復興區,三民里,581,1991,902,160,1062,70,1132
桃園市,復興區,澤仁里,582,1392,656,118,774,26,800
桃園市,復興區,霞雲里,583,564,272,52,324,10,334
桃園市,復興區,義盛里,584,716,339,70,409,19,428
桃園市,復興區,羅浮里,585,1016,539,71,610,39,649
桃園市,復興區,長興里,586,669,230,71,301,8,309
桃園市,復興區,奎輝里,587,760,327,53,380,13,393
桃園市,復興區,高義里,588,751,364,58,422,18,440
桃園市,復興區,三光里,589,683,331,50,381,15,396
桃園市,復興區,華陵里,590,1224,633,59,692,17,709
桃園市,中壢區,後寮里,591,1401,537,193,730,15,745
桃園市,中壢區,後寮里,592,1798,602,261,863,38,901
桃園市,中壢區,後寮里,593,1642,513,229,742,32,774
桃園市,中壢區,明德里,594,1670,622,244,866,24,890
桃園市,中壢區,明德里,595,1456,560,229,789,20,809
桃園市,中壢區,明德里,596,1531,644,248,892,25,917
桃園市,中壢區,至善里,597,1623,689,227,916,22,938
桃園市,中壢區,至善里,598,1953,664,116,780,22,802
桃園市,中壢區,龍慈里,599,1155,468,174,642,19,661
桃園市,中壢區,龍慈里,600,1800,620,207,827,22,849
桃園市,中壢區,龍慈里,601,1757,599,233,832,18,850
桃園市,中壢區,龍興里,602,1281,578,157,735,26,761
桃園市,中壢區,龍興里,603,1462,589,223,812,19,831
桃園市,中壢區,龍興里,604,1560,571,168,739,37,776
桃園市,中壢區,龍德里,605,1602,681,230,911,17,928
桃園市,中壢區,龍德里,606,1006,480,143,623,24,647
桃園市,中壢區,龍德里,607,1474,638,214,852,23,875
桃園市,中壢區,龍岡里,608,1627,693,187,880,26,906
桃園市,中壢區,龍岡里,609,1519,618,214,832,27,859
桃園市,中壢區,龍岡里,610,1526,612,179,791,48,839
桃園市,中壢區,龍東里,611,1618,632,206,838,35,873
桃園市,中壢區,龍東里,612,1554,661,206,867,37,904
桃園市,中壢區,龍東里,613,1706,677,190,867,66,933
桃園市,中壢區,龍昌里,614,1818,735,257,992,41,1033
桃園市,中壢區,龍昌里,615,1991,722,249,971,26,997
桃園市,中壢區,龍昌里,616,1609,644,192,836,22,858
桃園市,中壢區,龍平里,617,1329,499,144,643,19,662
桃園市,中壢區,龍平里,618,1587,567,189,756,40,796
桃園市,中壢區,仁美里,619,1955,724,269,993,14,1007
桃園市,中壢區,仁美里,620,1711,619,240,859,32,891
桃園市,中壢區,仁美里,621,1712,640,214,854,23,877
桃園市,中壢區,仁福里,622,1448,602,204,806,29,835
桃園市,中壢區,仁福里,623,1605,587,206,793,30,823
桃園市,中壢區,仁福里,624,1633,574,195,769,16,785
桃園市,中壢區,華愛里,625,1795,728,252,980,41,1021
桃園市,中壢區,華愛里,626,1689,703,198,901,18,919
桃園市,中壢區,普仁里,627,1201,488,166,654,19,673
桃園市,中壢區,普仁里,628,1353,498,207,705,21,726
桃園市,中壢區,普仁里,629,1587,568,210,778,18,796
桃園市,中壢區,普忠里,630,1883,713,252,965,28,993
桃園市,中壢區,普忠里,631,1448,512,225,737,15,752
桃園市,中壢區,普強里,632,1810,646,289,935,31,966
桃園市,中壢區,普強里,633,1916,688,258,946,39,985
桃園市,中壢區,普慶里,634,1177,512,143,655,26,681
桃園市,中壢區,普慶里,635,1410,608,207,815,32,847
桃園市,中壢區,信義里,636,1368,514,202,716,15,731
桃園市,中壢區,信義里,637,1424,617,226,843,26,869
桃園市,中壢區,信義里,638,1573,610,251,861,19,880
桃園市,中壢區,正義里,639,1152,457,183,640,21,661
桃園市,中壢區,正義里,640,1178,476,188,664,14,678
桃園市,中壢區,正義里,641,1966,724,283,1007,36,1043
桃園市,中壢區,普義里,642,3474,494,200,694,26,720
桃園市,中壢區,普義里,643,2099,755,341,1096,39,1135
桃園市,中壢區,德義里,644,1178,446,183,629,25,654
桃園市,中壢區,德義里,645,1397,578,240,818,35,853
桃園市,中壢區,仁義里,646,1669,622,264,886,39,925
桃園市,中壢區,仁義里,647,2087,595,402,997,29,1026
桃園市,中壢區,忠義里,648,1900,687,250,937,40,977
桃園市,中壢區,忠義里,649,1640,489,214,703,22,725
桃園市,中壢區,龍安里,650,994,434,138,572,22,594
桃園市,中壢區,龍安里,651,1131,529,156,685,41,726
桃園市,中壢區,仁愛里,652,1625,655,260,915,38,953
桃園市,中壢區,仁愛里,653,1384,600,229,829,30,859
桃園市,中壢區,仁德里,654,1588,605,233,838,31,869
桃園市,中壢區,仁德里,655,1445,601,163,764,23,787
桃園市,中壢區,仁和里,656,1743,615,168,783,31,814
桃園市,中壢區,仁和里,657,1812,632,208,840,20,860
桃園市,中壢區,仁祥里,658,1546,559,203,762,29,791
桃園市,中壢區,仁祥里,659,1290,512,145,657,31,688
桃園市,中壢區,華勛里,660,2145,782,217,999,48,1047
桃園市,中壢區,華勛里,661,1451,497,197,694,22,716
桃園市,中壢區,中堅里,662,1489,564,185,749,32,781
桃園市,中壢區,中堅里,663,827,323,125,448,16,464
桃園市,中壢區,中堅里,664,1442,532,193,725,25,750
桃園市,中壢區,興仁里,665,1842,614,264,878,13,891
桃園市,中壢區,興仁里,666,1520,517,207,724,20,744
桃園市,中壢區,中正里,667,1764,578,220,798,26,824
桃園市,中壢區,中正里,668,1488,611,206,817,9,826
桃園市,中壢區,中正里,669,1593,606,218,824,25,849
桃園市,中壢區,中山里,670,1505,550,232,782,21,803
桃園市,中壢區,中山里,671,1661,614,233,847,17,864
桃園市,中壢區,中山里,672,1492,582,210,792,25,817
桃園市,中壢區,篤行里,673,1249,433,165,598,21,619
桃園市,中壢區,篤行里,674,1257,488,197,685,15,700
桃園市,中壢區,自強里,675,1659,585,243,828,38,866
桃園市,中壢區,自強里,676,1815,683,293,976,16,992
桃園市,中壢區,中興里,677,1702,616,226,842,27,869
桃園市,中壢區,中興里,678,1541,561,245,806,19,825
桃園市,中壢區,自立里,679,1659,597,208,805,26,831
桃園市,中壢區,自立里,680,1874,720,223,943,40,983
桃園市,中壢區,自立里,681,1603,638,143,781,19,800
桃園市,中壢區,自信里,682,1735,601,248,849,32,881
桃園市,中壢區,自信里,683,1815,639,270,909,18,927
桃園市,中壢區,自信里,684,1873,649,263,912,26,938
桃園市,中壢區,莊敬里,685,1739,717,211,928,43,971
桃園市,中壢區,莊敬里,686,1709,605,212,817,36,853
桃園市,中壢區,自治里,687,1655,656,225,881,31,912
桃園市,中壢區,自治里,688,1664,685,205,890,34,924
桃園市,中壢區,內壢里,689,1087,405,117,522,21,543
桃園市,中壢區,內壢里,690,1065,409,162,571,30,601
桃園市,中壢區,成功里,691,1844,705,247,952,45,997
桃園市,中壢區,成功里,692,1220,431,132,563,33,596
桃園市,中壢區,成功里,693,1219,446,191,637,20,657
桃園市,中壢區,福德里,694,1260,466,202,668,35,703
桃園市,中壢區,福德里,695,1594,657,239,896,32,928
桃園市,中壢區,中原里,696,1733,622,269,891,50,941
桃園市,中壢區,中原里,697,1979,734,285,1019,32,1051
桃園市,中壢區,忠孝里,698,1621,598,280,878,22,900
桃園市,中壢區,忠孝里,699,1391,547,223,770,18,788
桃園市,中壢區,忠孝里,700,1531,586,254,840,9,849
桃園市,中壢區,復興里,701,1943,694,219,913,28,941
桃園市,中壢區,復興里,702,1363,507,196,703,18,721
桃園市,中壢區,復興里,703,2172,682,274,956,34,990
桃園市,中壢區,復興里,704,1798,649,207,856,23,879
桃園市,中壢區,復興里,705,1671,594,223,817,15,832
桃園市,中壢區,復華里,706,1969,179,156,335,14,349
桃園市,中壢區,復華里,707,1563,703,249,952,34,986
桃園市,中壢區,復華里,708,1762,667,279,946,34,980
桃園市,中壢區,文化里,709,1923,592,211,803,25,828
桃園市,中壢區,文化里,710,1572,640,222,862,35,897
桃園市,中壢區,文化里,711,1850,625,367,992,17,1009
桃園市,中壢區,文化里,712,1583,582,211,793,27,820
桃園市,中壢區,文化里,713,1735,604,271,875,30,905
桃園市,中壢區,和平里,714,1292,481,187,668,26,694
桃園市,中壢區,和平里,715,1265,499,175,674,17,691
桃園市,中壢區,內定里,716,1798,685,232,917,23,940
桃園市,中壢區,內定里,717,1822,741,267,1008,35,1043
桃園市,中壢區,內定里,718,1613,624,228,852,19,871
桃園市,中壢區,內定里,719,1405,506,228,734,23,757
桃園市,中壢區,石頭里,720,1730,639,292,931,53,984
桃園市,中壢區,中央里,721,1384,596,239,835,22,857
桃園市,中壢區,中央里,722,1122,431,188,619,15,634
桃園市,中壢區,中央里,723,992,403,161,564,39,603
桃園市,中壢區,新興里,724,1820,630,287,917,24,941
桃園市,中壢區,新興里,725,1847,680,230,910,39,949
桃園市,中壢區,林森里,726,1302,536,187,723,34,757
桃園市,中壢區,林森里,727,1203,498,185,683,14,697
桃園市,中壢區,林森里,728,1226,550,212,762,28,790
桃園市,中壢區,振興里,729,1234,534,167,701,33,734
桃園市,中壢區,振興里,730,2023,669,249,918,38,956
桃園市,中壢區,振興里,731,1555,544,183,727,25,752
桃園市,中壢區,東興里,732,1951,665,279,944,33,977
桃園市,中壢區,東興里,733,1383,538,216,754,24,778
桃園市,中壢區,健行里,734,1164,519,154,673,31,704
桃園市,中壢區,健行里,735,1482,567,234,801,22,823
桃園市,中壢區,健行里,736,1770,678,230,908,35,943
桃園市,中壢區,水尾里,737,1703,682,266,948,37,985
桃園市,中壢區,水尾里,738,1841,692,233,925,50,975
桃園市,中壢區,金華里,739,1941,675,363,1038,27,1065
桃園市,中壢區,金華里,740,2029,753,326,1079,37,1116
桃園市,中壢區,忠福里,741,1636,697,320,1017,20,1037
桃園市,中壢區,忠福里,742,1528,621,221,842,31,873
桃園市,中壢區,忠福里,743,2289,696,363,1059,51,1110
桃園市,中壢區,忠福里,744,2020,659,313,972,24,996
桃園市,中壢區,幸福里,745,2027,771,283,1054,31,1085
桃園市,中壢區,幸福里,746,1883,571,250,821,17,838
桃園市,中壢區,幸福里,747,2080,703,294,997,33,1030
桃園市,中壢區,永福里,748,646,238,99,337,9,346
桃園市,中壢區,永福里,749,1780,798,277,1075,38,1113
桃園市,中壢區,永福里,750,1372,595,185,780,16,796
桃園市,中壢區,永福里,751,1668,675,271,946,19,965
桃園市,中壢區,青埔里,752,1987,686,300,986,16,1002
桃園市,中壢區,青埔里,753,1520,565,244,809,18,827
桃園市,中壢區,新街里,754,852,312,135,447,20,467
桃園市,中壢區,新街里,755,1209,405,236,641,27,668
桃園市,中壢區,興南里,756,1481,537,220,757,50,807
桃園市,中壢區,興南里,757,1564,519,219,738,12,750
桃園市,中壢區,興國里,758,1957,744,284,1028,42,1070
桃園市,中壢區,興平里,759,1223,490,214,704,37,741
桃園市,中壢區,興平里,760,1182,502,199,701,21,722
桃園市,中壢區,興和里,761,1066,447,167,614,37,651
桃園市,中壢區,興和里,762,1701,691,250,941,40,981
桃園市,中壢區,永興里,763,943,350,121,471,33,504
桃園市,中壢區,中壢里,764,731,302,119,421,23,444
桃園市,中壢區,中榮里,765,851,342,128,470,22,492
桃園市,中壢區,中建里,766,1011,363,174,537,20,557
桃園市,中壢區,舊明里,767,1532,619,247,866,30,896
桃園市,中壢區,新明里,768,1028,383,146,529,33,562
桃園市,中壢區,新明里,769,1157,479,178,657,20,677
桃園市,中壢區,新明里,770,1591,551,261,812,42,854
桃園市,中壢區,光明里,771,2156,681,302,983,46,1029
桃園市,中壢區,光明里,772,1479,491,198,689,23,712
桃園市,中壢區,光明里,773,1780,645,263,908,39,947
桃園市,中壢區,永光里,774,1651,648,218,866,28,894
桃園市,中壢區,永光里,775,1870,657,322,979,21,1000
桃園市,中壢區,永光里,776,1913,601,261,862,15,877
桃園市,中壢區,三民里,777,1609,561,187,748,29,777
桃園市,中壢區,三民里,778,1539,553,205,758,19,777
桃園市,中壢區,五權里,779,1426,531,220,751,24,775
桃園市,中壢區,五權里,780,1618,577,198,775,21,796
桃園市,中壢區,五權里,781,1441,558,198,756,29,785
桃園市,中壢區,五權里,782,1528,544,255,799,23,822
桃園市,中壢區,五福里,783,1683,616,244,860,45,905
桃園市,中壢區,五福里,784,1945,754,282,1036,38,1074
桃園市,中壢區,芝芭里,785,1534,570,209,779,34,813
桃園市,中壢區,芝芭里,786,1810,633,241,874,42,916
桃園市,中壢區,洽溪里,787,1097,381,137,518,44,562
桃園市,中壢區,洽溪里,788,1917,586,339,925,15,940
桃園市,中壢區,洽溪里,789,1858,591,335,926,26,952
桃園市,中壢區,內厝里,790,1576,615,238,853,33,886
桃園市,中壢區,內厝里,791,1478,597,204,801,24,825
桃園市,中壢區,內厝里,792,1589,586,243,829,12,841
桃園市,中壢區,月眉里,793,2037,757,284,1041,75,1116
桃園市,中壢區,月眉里,794,1158,506,174,680,24,704
桃園市,中壢區,月眉里,795,1967,770,253,1023,39,1062
桃園市,中壢區,山東里,796,1830,674,221,895,38,933
桃園市,中壢區,山東里,797,1856,767,219,986,39,1025
桃園市,中壢區,過嶺里,798,2068,740,269,1009,51,1060
桃園市,中壢區,過嶺里,799,2152,581,278,859,35,894
桃園市,中壢區,過嶺里,800,2158,643,321,964,24,988
桃園市,平鎮區,平鎮里,801,1487,533,163,696,35,731
桃園市,平鎮區,平鎮里,802,1453,565,170,735,26,761
桃園市,平鎮區,平鎮里,803,1491,562,218,780,36,816
桃園市,平鎮區,鎮興里,804,1346,488,181,669,35,704
桃園市,平鎮區,鎮興里,805,1660,638,190,828,25,853
桃園市,平鎮區,南勢里,806,1921,702,200,902,35,937
桃園市,平鎮區,南勢里,807,1974,775,262,1037,35,1072
桃園市,平鎮區,南勢里,808,1867,674,234,908,30,938
桃園市,平鎮區,金星里,809,1786,687,230,917,10,927
桃園市,平鎮區,金星里,810,1634,487,174,661,23,684
桃園市,平鎮區,金星里,811,1080,435,148,583,29,612
桃園市,平鎮區,金星里,812,1514,667,114,781,22,803
桃園市,平鎮區,平安里,813,1918,623,223,846,42,888
桃園市,平鎮區,平安里,814,1182,482,137,619,47,666
桃園市,平鎮區,平安里,815,1667,572,209,781,23,804
桃園市,平鎮區,平南里,816,1640,549,194,743,23,766
桃園市,平鎮區,平南里,817,1603,707,106,813,29,842
桃園市,平鎮區,平南里,818,1556,648,211,859,18,877
桃園市,平鎮區,平南里,819,1697,641,205,846,18,864
桃園市,平鎮區,山峰里,820,1130,437,127,564,16,580
桃園市,平鎮區,山峰里,821,1196,490,147,637,22,659
桃園市,平鎮區,福林里,822,1685,641,218,859,27,886
桃園市,平鎮區,福林里,823,1532,605,219,824,37,861
桃園市,平鎮區,湧光里,824,1564,613,192,805,21,826
桃園市,平鎮區,湧光里,825,1824,613,185,798,22,820
桃園市,平鎮區,湧光里,826,1912,683,244,927,17,944
桃園市,平鎮區,莊敬里,827,1048,416,128,544,21,565
桃園市,平鎮區,莊敬里,828,1259,515,152,667,40,707
桃園市,平鎮區,莊敬里,829,1061,412,121,533,31,564
桃園市,平鎮區,莊敬里,830,1072,494,126,620,21,641
桃園市,平鎮區,湧豐里,831,1788,685,206,891,35,926
桃園市,平鎮區,湧安里,832,1510,593,180,773,23,796
桃園市,平鎮區,湧安里,833,1403,562,150,712,35,747
桃園市,平鎮區,湧安里,834,1407,553,184,737,31,768
桃園市,平鎮區,宋屋里,835,1901,733,253,986,30,1016
桃園市,平鎮區,宋屋里,836,1994,672,243,915,23,938
桃園市,平鎮區,平興里,837,1730,622,252,874,30,904
桃園市,平鎮區,平興里,838,1905,702,290,992,22,1014
桃園市,平鎮區,平興里,839,1723,648,282,930,19,949
桃園市,平鎮區,廣興里,840,1307,549,155,704,31,735
桃園市,平鎮區,廣興里,841,1337,517,201,718,31,749
桃園市,平鎮區,廣興里,842,980,440,180,620,20,640
桃園市,平鎮區,廣興里,843,1818,616,290,906,28,934
桃園市,平鎮區,廣達里,844,1463,550,228,778,29,807
桃園市,平鎮區,廣達里,845,1213,505,197,702,19,721
桃園市,平鎮區,廣達里,846,1085,447,167,614,25,639
桃園市,平鎮區,廣仁里,847,1458,559,157,716,20,736
桃園市,平鎮區,廣仁里,848,1408,570,180,750,35,785
桃園市,平鎮區,廣仁里,849,1396,503,195,698,26,724
桃園市,平鎮區,復旦里,850,1044,431,216,647,22,669
桃園市,平鎮區,復旦里,851,1124,448,175,623,9,632
桃園市,平鎮區,復旦里,852,1517,559,248,807,15,822
桃園市,平鎮區,復旦里,853,1571,540,274,814,16,830
桃園市,平鎮區,復興里,854,1752,719,268,987,24,1011
桃園市,平鎮區,復興里,855,1434,603,238,841,26,867
桃園市,平鎮區,復興里,856,1710,636,318,954,29,983
桃園市,平鎮區,義民里,857,1555,608,243,851,23,874
桃園市,平鎮區,義民里,858,2051,688,289,977,18,995
桃園市,平鎮區,義民里,859,1477,524,255,779,12,791
桃園市,平鎮區,義興里,860,1501,589,224,813,16,829
桃園市,平鎮區,義興里,861,1405,568,182,750,33,783
桃園市,平鎮區,義興里,862,1656,636,219,855,45,900
桃園市,平鎮區,義興里,863,1921,637,251,888,18,906
桃園市,平鎮區,雙連里,864,1717,608,217,825,21,846
桃園市,平鎮區,雙連里,865,1319,496,198,694,26,720
桃園市,平鎮區,雙連里,866,1745,611,249,860,32,892
桃園市,平鎮區,高雙里,867,1721,659,243,902,42,944
桃園市,平鎮區,高雙里,868,1206,479,184,663,15,678
桃園市,平鎮區,高雙里,869,1202,511,246,757,23,780
桃園市,平鎮區,北勢里,870,1208,500,183,683,22,705
桃園市,平鎮區,北勢里,871,1267,539,204,743,24,767
桃園市,平鎮區,北華里,872,1094,415,178,593,22,615
桃園市,平鎮區,北華里,873,1394,575,219,794,30,824
桃園市,平鎮區,北華里,874,1215,499,224,723,12,735
桃園市,平鎮區,新勢里,875,1010,424,152,576,14,590
桃園市,平鎮區,新勢里,876,1261,555,159,714,17,731
桃園市,平鎮區,新勢里,877,1314,556,190,746,26,772
桃園市,平鎮區,北安里,878,722,298,105,403,19,422
桃園市,平鎮區,北安里,879,839,318,118,436,10,446
桃園市,平鎮區,新榮里,880,1399,554,202,756,21,777
桃園市,平鎮區,新榮里,881,1968,654,305,959,29,988
桃園市,平鎮區,新榮里,882,1672,639,240,879,17,896
桃園市,平鎮區,新富里,883,2213,491,137,628,17,645
桃園市,平鎮區,新富里,884,949,380,194,574,15,589
桃園市,平鎮區,新富里,885,1621,623,319,942,26,968
桃園市,平鎮區,新富里,886,1643,571,255,826,15,841
桃園市,平鎮區,新英里,887,1844,672,312,984,27,1011
桃園市,平鎮區,新英里,888,1752,650,270,920,28,948
桃園市,平鎮區,新貴里,889,1577,537,201,738,51,789
桃園市,平鎮區,新貴里,890,1517,611,212,823,20,843
桃園市,平鎮區,北興里,891,1039,427,158,585,26,611
桃園市,平鎮區,北興里,892,1318,554,194,748,29,777
桃園市,平鎮區,北興里,893,1636,620,213,833,39,872
桃園市,平鎮區,金陵里,894,1316,495,219,714,30,744
桃園市,平鎮區,金陵里,895,1474,560,247,807,18,825
桃園市,平鎮區,北貴里,896,1480,514,165,679,33,712
桃園市,平鎮區,北貴里,897,1330,536,158,694,16,710
桃園市,平鎮區,北貴里,898,1228,465,187,652,29,681
桃園市,平鎮區,北富里,899,1377,554,230,784,30,814
桃園市,平鎮區,北富里,900,1198,517,195,712,19,731
桃園市,平鎮區,北富里,901,1231,549,180,729,21,750
桃園市,平鎮區,建安里,902,1243,493,176,669,46,715
桃園市,平鎮區,建安里,903,1590,626,193,819,23,842
桃園市,平鎮區,建安里,904,1366,550,163,713,28,741
桃園市,平鎮區,華安里,905,1332,535,147,682,38,720
桃園市,平鎮區,華安里,906,1201,485,80,565,24,589
桃園市,平鎮區,華安里,907,1668,569,195,764,23,787
桃園市,平鎮區,東安里,908,1351,515,138,653,32,685
桃園市,平鎮區,東安里,909,1460,518,177,695,18,713
桃園市,平鎮區,新安里,910,1841,712,208,920,22,942
桃園市,平鎮區,新安里,911,1475,526,184,710,15,725
桃園市,平鎮區,新安里,912,1011,436,112,548,13,561
桃園市,平鎮區,東勢里,913,1052,386,111,497,24,521
桃園市,平鎮區,東勢里,914,1154,498,165,663,43,706
桃園市,平鎮區,東勢里,915,1645,619,191,810,17,827
桃園市,平鎮區,東勢里,916,1539,549,190,739,34,773
桃園市,平鎮區,龍恩里,917,1385,506,192,698,49,747
桃園市,平鎮區,龍恩里,918,1395,554,169,723,27,750
桃園市,平鎮區,東社里,919,1711,643,201,844,22,866
桃園市,平鎮區,東社里,920,1631,579,215,794,42,836
桃園市,平鎮區,忠貞里,921,1110,415,183,598,21,619
桃園市,平鎮區,貿易里,922,1931,819,225,1044,18,1062
桃園市,平鎮區,龍興里,923,1127,446,153,599,23,622
桃園市,平鎮區,龍興里,924,1414,578,166,744,37,781
桃園市,平鎮區,中正里,925,1609,648,184,832,21,853
桃園市,楊梅區,仁美里,926,1269,522,140,662,49,711
桃園市,楊梅區,仁美里,927,1246,570,169,739,34,773
桃園市,楊梅區,仁美里,928,1408,619,172,791,32,823
桃園市,楊梅區,埔心里,929,1434,587,183,770,34,804
桃園市,楊梅區,光華里,930,1515,571,176,747,45,792
桃園市,楊梅區,光華里,931,1657,592,189,781,39,820
桃園市,楊梅區,金龍里,932,1137,487,144,631,32,663
桃園市,楊梅區,四維里,933,2211,793,290,1083,26,1109
桃園市,楊梅區,四維里,934,2008,734,259,993,20,1013
桃園市,楊梅區,永平里,935,1911,713,297,1010,23,1033
桃園市,楊梅區,瑞塘里,936,1449,591,184,775,40,815
桃園市,楊梅區,瑞塘里,937,1877,601,223,824,44,868
桃園市,楊梅區,瑞塘里,938,1988,731,214,945,14,959
桃園市,楊梅區,瑞坪里,939,1931,715,283,998,19,1017
桃園市,楊梅區,瑞坪里,940,1938,718,204,922,28,950
桃園市,楊梅區,瑞坪里,941,1677,676,196,872,17,889
桃園市,楊梅區,梅溪里,942,1848,666,234,900,23,923
桃園市,楊梅區,梅溪里,943,1882,688,264,952,21,973
桃園市,楊梅區,瑞溪里,944,1541,442,178,620,17,637
桃園市,楊梅區,瑞溪里,945,1938,681,249,930,30,960
桃園市,楊梅區,金溪里,946,1562,526,187,713,12,725
桃園市,楊梅區,金溪里,947,2125,923,218,1141,41,1182
桃園市,楊梅區,三民里,948,1516,664,205,869,24,893
桃園市,楊梅區,三民里,949,1807,661,217,878,18,896
桃園市,楊梅區,楊明里,950,2101,721,253,974,30,1004
桃園市,楊梅區,楊明里,951,2054,747,285,1032,38,1070
桃園市,楊梅區,楊明里,952,2226,737,260,997,29,1026
桃園市,楊梅區,裕成里,953,1405,567,193,760,13,773
桃園市,楊梅區,裕成里,954,1843,600,257,857,18,875
桃園市,楊梅區,裕新里,955,2324,743,267,1010,40,1050
桃園市,楊梅區,大同里,956,1713,661,229,890,11,901
桃園市,楊梅區,大同里,957,1587,704,211,915,28,943
桃園市,楊梅區,中山里,958,1416,582,220,802,16,818
桃園市,楊梅區,中山里,959,1591,640,214,854,20,874
桃園市,楊梅區,楊梅里,960,1943,748,225,973,27,1000
桃園市,楊梅區,楊梅里,961,1762,732,193,925,25,950
桃園市,楊梅區,楊江里,962,1083,440,141,581,12,593
桃園市,楊梅區,梅新里,963,2027,769,234,1003,47,1050
桃園市,楊梅區,紅梅里,964,1274,533,166,699,35,734
桃園市,楊梅區,紅梅里,965,1359,689,73,762,28,790
桃園市,楊梅區,永寧里,966,2444,604,239,843,26,869
桃園市,楊梅區,永寧里,967,2298,769,244,1013,32,1045
桃園市,楊梅區,永寧里,968,2222,812,266,1078,21,1099
桃園市,楊梅區,大平里,969,1610,617,207,824,40,864
桃園市,楊梅區,大平里,970,1627,621,219,840,32,872
桃園市,楊梅區,秀才里,971,1589,661,174,835,39,874
桃園市,楊梅區,秀才里,972,1758,666,233,899,38,937
桃園市,楊梅區,東流里,973,1776,568,181,749,39,788
桃園市,楊梅區,東流里,974,1000,347,124,471,18,489
桃園市,楊梅區,豐野里,975,2290,737,236,973,61,1034
桃園市,楊梅區,豐野里,976,1551,571,208,779,38,817
桃園市,楊梅區,富岡里,977,1861,684,207,891,41,932
桃園市,楊梅區,富豐里,978,1141,388,123,511,29,540
桃園市,楊梅區,富豐里,979,1785,654,184,838,31,869
桃園市,楊梅區,員本里,980,1498,570,173,743,57,800
桃園市,楊梅區,員本里,981,1187,442,147,589,35,624
桃園市,楊梅區,三湖里,982,1270,507,170,677,35,712
桃園市,楊梅區,三湖里,983,1424,554,166,720,29,749
桃園市,楊梅區,頭湖里,984,1273,600,195,795,19,814
桃園市,楊梅區,頭湖里,985,1534,526,171,697,25,722
桃園市,楊梅區,上湖里,986,1783,558,210,768,47,815
桃園市,楊梅區,上湖里,987,1709,632,169,801,19,820
桃園市,楊梅區,上湖里,988,1920,628,225,853,36,889
桃園市,楊梅區,上田里,989,1194,466,155,621,29,650
桃園市,楊梅區,上田里,990,1408,568,177,745,15,760
桃園市,楊梅區,高山里,991,1737,594,170,764,23,787
桃園市,楊梅區,高山里,992,1920,718,215,933,23,956
桃園市,楊梅區,高上里,993,1234,483,130,613,24,637
桃園市,楊梅區,高上里,994,1491,697,85,782,47,829
桃園市,楊梅區,青山里,995,2020,674,241,915,28,943
桃園市,楊梅區,青山里,996,1863,605,234,839,24,863
桃園市,楊梅區,高榮里,997,1692,700,186,886,34,920
桃園市,楊梅區,高榮里,998,1686,621,231,852,19,871
桃園市,楊梅區,雙榮里,999,1626,628,222,850,38,888
桃園市,楊梅區,雙榮里,1000,1557,613,211,824,33,857
桃園市,楊梅區,新榮里,1001,1603,655,236,891,41,932
桃園市,楊梅區,新榮里,1002,1889,668,228,896,35,931
桃園市,楊梅區,水美里,1003,1448,613,172,785,27,812
桃園市,楊梅區,水美里,1004,1351,561,161,722,44,766
桃園市,楊梅區,水美里,1005,1313,557,171,728,40,768
桃園市,楊梅區,瑞原里,1006,1689,658,200,858,22,880
桃園市,楊梅區,瑞原里,1007,2063,740,225,965,17,982
桃園市,龍潭區,黃唐里,1008,1482,594,168,762,20,782
桃園市,龍潭區,黃唐里,1009,1528,549,198,747,28,775
桃園市,龍潭區,黃唐里,1010,1503,600,176,776,29,805
桃園市,龍潭區,永興里,1011,1568,586,177,763,31,794
桃園市,龍潭區,永興里,1012,1216,465,129,594,37,631
桃園市,龍潭區,中山里,1013,2088,670,228,898,51,949
桃園市,龍潭區,中山里,1014,1987,799,273,1072,41,1113
桃園市,龍潭區,中山里,1015,1586,654,236,890,27,917
桃園市,龍潭區,烏樹林里,1016,1221,455,154,609,24,633
桃園市,龍潭區,烏樹林里,1017,1134,497,130,627,20,647
桃園市,龍潭區,烏林里,1018,2081,742,235,977,32,1009
桃園市,龍潭區,烏林里,1019,1925,692,213,905,29,934
桃園市,龍潭區,百年里,1020,2095,808,314,1122,20,1142
桃園市,龍潭區,百年里,1021,2040,838,298,1136,26,1162
桃園市,龍潭區,凌雲里,1022,1790,647,212,859,33,892
桃園市,龍潭區,凌雲里,1023,1872,737,243,980,42,1022
桃園市,龍潭區,龍祥里,1024,1726,719,222,941,32,973
桃園市,龍潭區,龍祥里,1025,1792,742,197,939,41,980
桃園市,龍潭區,八德里,1026,1398,577,174,751,23,774
桃園市,龍潭區,八德里,1027,1345,513,150,663,19,682
桃園市,龍潭區,八德里,1028,1409,554,178,732,38,770
桃園市,龍潭區,聖德里,1029,1362,460,203,663,15,678
桃園市,龍潭區,聖德里,1030,1650,688,216,904,38,942
桃園市,龍潭區,上林里,1031,1597,639,170,809,22,831
桃園市,龍潭區,上林里,1032,1410,549,184,733,17,750
桃園市,龍潭區,上林里,1033,1275,509,176,685,27,712
桃園市,龍潭區,龍潭里,1034,1909,787,295,1082,37,1119
桃園市,龍潭區,龍星里,1035,2024,822,277,1099,20,1119
桃園市,龍潭區,龍星里,1036,2002,786,257,1043,35,1078
桃園市,龍潭區,中正里,1037,1786,729,261,990,26,1016
桃園市,龍潭區,中正里,1038,1756,695,244,939,15,954
桃園市,龍潭區,中正里,1039,1830,766,242,1008,16,1024
桃園市,龍潭區,上華里,1040,1697,738,246,984,20,1004
桃園市,龍潭區,上華里,1041,1519,628,205,833,28,861
桃園市,龍潭區,九龍里,1042,1805,681,201,882,41,923
桃園市,龍潭區,九龍里,1043,1792,630,167,797,15,812
桃園市,龍潭區,武漢里,1044,1500,702,142,844,39,883
桃園市,龍潭區,祥和里,1045,1427,531,169,700,17,717
桃園市,龍潭區,東興里,1046,1444,472,145,617,34,651
桃園市,龍潭區,東興里,1047,1321,499,144,643,28,671
桃園市,龍潭區,東興里,1048,1215,503,197,700,33,733
桃園市,龍潭區,中興里,1049,1297,499,147,646,47,693
桃園市,龍潭區,中興里,1050,1407,534,161,695,16,711
桃園市,龍潭區,中興里,1051,1564,567,180,747,28,775
桃園市,龍潭區,北興里,1052,1317,524,150,674,27,701
桃園市,龍潭區,北興里,1053,1023,392,98,490,18,508
桃園市,龍潭區,佳安里,1054,1721,701,231,932,32,964
桃園市,龍潭區,佳安里,1055,1764,727,220,947,28,975
桃園市,龍潭區,三坑里,1056,1499,624,163,787,37,824
桃園市,龍潭區,大平里,1057,2151,764,242,1006,25,1031
桃園市,龍潭區,三林里,1058,1524,650,201,851,15,866
桃園市,龍潭區,三林里,1059,1456,623,235,858,21,879
桃園市,龍潭區,建林里,1060,1847,854,227,1081,31,1112
桃園市,龍潭區,建林里,1061,1899,901,230,1131,31,1162
桃園市,龍潭區,富林里,1062,1725,740,173,913,32,945
桃園市,龍潭區,富林里,1063,1665,748,223,971,44,1015
桃園市,龍潭區,高平里,1064,1649,584,215,799,30,829
桃園市,龍潭區,高平里,1065,1539,582,154,736,26,762
桃園市,龍潭區,高原里,1066,1541,662,197,859,35,894
桃園市,龍潭區,高原里,1067,1375,517,204,721,33,754
桃園市,龍潭區,高原里,1068,1453,566,202,768,19,787
桃園市,龍潭區,三和里,1069,1074,443,148,591,23,614
桃園市,龍潭區,三和里,1070,1299,512,232,744,16,760
桃園市,龍潭區,三水里,1071,678,262,66,328,17,345
桃園市,新屋區,新屋里,1072,1306,578,183,761,18,779
桃園市,新屋區,新屋里,1073,1556,614,217,831,32,863
桃園市,新屋區,新生里,1074,1849,800,274,1074,49,1123
桃園市,新屋區,新生里,1075,2096,855,319,1174,57,1231
桃園市,新屋區,後湖里,1076,1517,574,181,755,42,797
桃園市,新屋區,清華里,1077,2095,848,288,1136,57,1193
桃園市,新屋區,清華里,1078,1856,652,198,850,35,885
桃園市,新屋區,石磊里,1079,1986,821,221,1042,55,1097
桃園市,新屋區,東明里,1080,1425,528,161,689,20,709
桃園市,新屋區,社子里,1081,1385,517,152,669,28,697
桃園市,新屋區,埔頂里,1082,1271,541,200,741,40,781
桃園市,新屋區,埔頂里,1083,1271,502,142,644,39,683
桃園市,新屋區,九斗里,1084,1234,494,174,668,39,707
桃園市,新屋區,九斗里,1085,1085,432,140,572,35,607
桃園市,新屋區,頭洲里,1086,1992,866,257,1123,29,1152
桃園市,新屋區,頭洲里,1087,2032,849,298,1147,48,1195
桃園市,新屋區,大坡里,1088,1291,522,123,645,63,708
桃園市,新屋區,望間里,1089,1401,549,151,700,31,731
桃園市,新屋區,後庄里,1090,1106,472,144,616,31,647
桃園市,新屋區,蚵間里,1091,908,383,115,498,11,509
桃園市,新屋區,深圳里,1092,663,295,89,384,24,408
桃園市,新屋區,?榔里,1093,1088,456,97,553,34,587
桃園市,新屋區,笨港里,1094,1050,511,109,620,47,667
桃園市,新屋區,永安里,1095,896,407,103,510,16,526
桃園市,新屋區,永安里,1096,1369,565,185,750,69,819
桃園市,新屋區,永興里,1097,995,371,96,467,41,508
桃園市,新屋區,下埔里,1098,741,332,84,416,19,435
桃園市,新屋區,石牌里,1099,943,408,134,542,40,582
桃園市,新屋區,下田里,1100,1714,704,165,869,37,906
桃園市,新屋區,赤欄里,1101,1340,567,147,714,20,734
桃園市,觀音區,觀音里,1102,1371,475,151,626,28,654
桃園市,觀音區,觀音里,1103,1362,425,139,564,22,586
桃園市,觀音區,白玉里,1104,997,344,136,480,53,533
桃園市,觀音區,廣興里,1105,1407,510,151,661,27,688
桃園市,觀音區,大潭里,1106,1692,634,234,868,33,901
桃園市,觀音區,保生里,1107,1279,520,140,660,12,672
桃園市,觀音區,保生里,1108,791,310,94,404,15,419
桃園市,觀音區,武威里,1109,892,372,116,488,18,506
桃園市,觀音區,三和里,1110,886,389,122,511,21,532
桃園市,觀音區,新興里,1111,712,293,82,375,26,401
桃園市,觀音區,坑尾里,1112,1609,575,178,753,63,816
桃園市,觀音區,金湖里,1113,1274,486,179,665,41,706
桃園市,觀音區,金湖里,1114,1351,429,145,574,31,605
桃園市,觀音區,藍埔里,1115,1262,511,195,706,23,729
桃園市,觀音區,藍埔里,1116,1242,502,170,672,33,705
桃園市,觀音區,大同里,1117,1461,531,215,746,29,775
桃園市,觀音區,大同里,1118,1613,596,217,813,34,847
桃園市,觀音區,大堀里,1119,1479,589,191,780,29,809
桃園市,觀音區,崙坪里,1120,1552,524,199,723,24,747
桃園市,觀音區,崙坪里,1121,1517,569,206,775,15,790
桃園市,觀音區,崙坪里,1122,1691,573,229,802,32,834
桃園市,觀音區,富源里,1123,1157,468,164,632,18,650
桃園市,觀音區,富源里,1124,1455,527,183,710,40,750
桃園市,觀音區,富源里,1125,1150,470,127,597,14,611
桃園市,觀音區,上大里,1126,1112,459,140,599,25,624
桃園市,觀音區,上大里,1127,1251,458,152,610,13,623
桃園市,觀音區,新坡里,1128,1446,526,193,719,51,770
桃園市,觀音區,新坡里,1129,1493,542,207,749,44,793
桃園市,觀音區,廣福里,1130,1339,500,184,684,25,709
桃園市,觀音區,廣福里,1131,1137,489,146,635,34,669
桃園市,觀音區,塔腳里,1132,1043,396,113,509,22,531
桃園市,觀音區,保障里,1133,993,331,113,444,18,462
桃園市,觀音區,保障里,1134,975,353,132,485,19,504
桃園市,觀音區,草漯里,1135,2029,631,239,870,36,906
桃園市,觀音區,草新里,1136,1765,673,262,935,33,968
桃園市,觀音區,草新里,1137,1809,670,230,900,29,929
桃園市,觀音區,草新里,1138,1869,665,221,886,30,916
桃園市,觀音區,樹林里,1139,1870,597,176,773,43,816
桃園市,觀音區,樹林里,1140,1932,495,179,674,23,697
桃園市,觀音區,富林里,1141,899,311,101,412,6,418
桃園市,觀音區,富林里,1142,985,313,101,414,17,431
